Time (s),Volume (m^3),N2,Ne,C2H5F(1),O2(2),H2O(3),CH4(4),OH(5),C2H4(30),HF(38),C2H4(126),H2(8),H2CC(24),HCO(15),CO(13),HO2(11),H2O2(12),C2H4F(62),H(6),CH2CHF(55),C2H4F(61),C2H3(29),CH2O(20),C2H2(23),O(7),CH2CF(69),CH2CFO(78),S(184),CH2CO(28),S(515),S(253),C2H2F(70),S(1529),S(767),S(1557),CH2F(46),CHFO(47),CH3(19),CH2F2(41),C2H2O(452),C2H5O(160),CH3F(39),CHF2(81),C2H(22),CH3O(27),C2H3F2(63),CH2CF2(56),C2H3F2(64),S(1652),S(338),CO2(14)
0.0,0.4522347052778472,3.76,0.0,0.501055871799103,1.0,0.0,0.0,0.0,0.0,0.0,0.0,0.0,0.0,0.0,0.0,0.0,0.0,0.0,0.0,0.0,0.0,0.0,0.0,0.0,0.0,0.0,0.0,0.0,0.0,0.0,0.0,0.0,0.0,0.0,0.0,0.0,0.0,0.0,0.0,0.0,0.0,0.0,0.0,0.0,0.0,0.0,0.0,0.0,0.0,0.0,0.0
8.470093788666931e-21,0.4522347052778472,3.76,0.0,0.5010558717991027,1.0,7.848987197943944e-47,4.6733435128705696e-33,3.8294627394214584e-34,2.49999666808391e-16,2.49999666808391e-16,3.472930396750274e-35,1.417813735104212e-33,1.417367415593537e-33,5.985557473982885e-46,4.073211373819865e-49,1.5470030510122617e-19,1.1758475479281683e-35,6.765452596060886e-20,2.4190976262291177e-24,4.5483280869686e-31,8.704819823733896e-20,3.5882398811968883e-35,6.589614763580512e-35,7.708514963723077e-47,2.7477672132798296e-25,2.2851286006031148e-52,2.4026790784390303e-54,1.1482670393528373e-34,1.1061445917796053e-49,8.426514296823301e-71,1.7064743621529825e-35,1.1436092948975768e-51,6.817401684208662e-65,1.1555654834233001e-57,1.2790048242210646e-79,3.8542488161199375e-19,2.9967748521028793e-34,3.854248816119899e-19,2.0883455923907452e-50,5.560105028798338e-66,1.8048970280645636e-53,5.391560200666223e-34,1.5118451322195864e-68,2.391226729353949e-69,1.251332815478196e-35,3.138262326448603e-70,7.589811989158546e-82,1.0307128160819745e-84,8.521567778596076e-66,1.0891151468404276e-60,4.128593048739178e-62
2.371626260826741e-20,0.4522347052778472,3.76,0.0,0.5010558717991024,1.0,9.318317601952712e-46,2.8226994817737886e-32,2.3129954946601733e-33,6.999990670634946e-16,6.999990670634946e-16,2.09764995955846e-34,8.563594960517008e-33,8.5608991901828e-33,7.106053871506117e-45,4.835716696967264e-48,4.331608542834389e-19,7.102119189486202e-35,1.8943267268898013e-19,6.77347482159526e-24,2.747190164521205e-30,2.4373495506381644e-19,2.167296888245124e-34,3.980127317203672e-34,9.151548964930177e-46,7.693748197587695e-25,2.712904674629919e-51,2.8524606019610614e-53,6.935532917644333e-34,1.3132148593569232e-48,1.8849775421535544e-69,1.0307105147371158e-34,1.357692954898841e-50,1.5250307361334332e-63,1.371887341916152e-56,5.27786694486047e-78,1.0791896685135795e-18,1.810052010670133e-33,1.079189668513556e-18,3.1559078592120208e-49,1.2437732544866411e-64,2.727560388780392e-52,3.256502361202392e-33,4.263645168069983e-67,5.349078544497934e-68,7.558050205478358e-35,9.867198876323667e-69,4.375355043373733e-80,5.936378095665352e-83,1.011744654376954e-64,1.2929975023561454e-59,9.235497553975886e-61
5.4208600247468367e-20,0.45223470527784726,3.76,0.0,0.5010558717991015,1.0,9.148779479017143e-45,1.359008293542707e-31,1.1136077646981776e-32,1.5999978675737e-15,1.5999978675737e-15,1.0099281592569209e-33,4.1230023424143983e-32,4.1217044445427604e-32,6.976765846189417e-44,4.747735397228579e-47,9.900819526478853e-19,3.4193646693752042e-34,4.3298896614282407e-19,1.5482235084942463e-23,1.3226538076787234e-29,5.571084687138402e-19,1.0434601574553584e-33,1.9162599732507758e-33,8.985045041709855e-45,1.7585710167820114e-24,2.663545896843991e-50,2.80056273394708e-52,3.339160550367842e-33,1.2893221361664517e-47,3.7243979774616344e-68,4.9624274450915844e-34,1.3329909941215567e-49,3.0132083859131128e-62,1.346927127465826e-55,2.0878749811444763e-76,2.4667192423167386e-18,8.714621269915076e-33,2.4667192423166246e-18,3.3949816626085147e-48,2.457486356993227e-63,2.934185000477665e-51,1.5678657063537238e-32,9.274359537102361e-66,1.0568877807108672e-66,3.638875827395672e-34,2.2013177899381767e-67,1.9623192723289182e-78,2.6621211034522346e-81,9.934726812531006e-64,1.2694726152377802e-58,1.824778689816301e-59
1.1519327552587029e-19,0.4522347052778474,3.76,0.0,0.5010558717990997,1.0,8.0919918433138e-44,5.935146261345055e-31,4.863417679834228e-32,3.3999954685941048e-15,3.3999954685941048e-15,4.4106216026529045e-33,1.800623444338076e-31,1.8000566178004374e-31,6.170870388268208e-43,4.199318221965632e-46,2.1039241493768635e-18,1.4933263858688656e-33,9.201015530389176e-19,3.2899779102096545e-23,5.776376670328751e-29,1.1838554960021637e-18,4.5570646491541754e-33,8.368810749763397e-33,7.947170586987835e-44,3.73696341147517e-24,2.355876182037815e-49,2.4770660229564404e-51,1.458299139905555e-32,1.140390828316203e-46,6.627367207248254e-67,2.167222439883355e-33,1.1790154386443698e-48,5.3618471199435426e-61,1.1913417907641001e-54,7.451482924341834e-75,5.241778389923001e-18,3.8059040621705524e-32,5.2417783899225055e-18,3.1205730517344e-47,4.372965668729415e-62,2.6970215308631304e-50,6.847281454845949e-32,1.7193099551436377e-64,1.8806753364805777e-65,1.5891926756418885e-33,4.122824596050917e-66,7.383196673863379e-77,1.0015564935055979e-79,8.789568633200811e-63,1.1228341519528172e-57,3.247096184702155e-58
2.371626260826741e-19,0.4522347052778477,3.76,0.0,0.5010558717990962,1.0,6.801806724575862e-43,2.477806730523461e-30,2.0303811451333336e-31,6.999990670634888e-15,6.999990670634888e-15,1.8413476952590464e-32,7.517248430324072e-31,7.514882037446739e-31,5.186988386807216e-42,3.5297800088263287e-45,4.3316085428351585e-18,6.234343699115964e-33,1.8943267267847265e-18,6.773496109824337e-23,2.4115235516015185e-28,2.437349550531914e-18,1.902484785041302e-32,3.493813747664917e-32,6.680075731301028e-43,7.693748203448181e-24,1.98025588315247e-48,2.082123246961646e-50,6.088111841995806e-32,9.585672048775637e-46,1.117802347197231e-65,9.047727067676714e-33,9.910335171673548e-48,9.043541958082442e-60,1.0013945588397503e-53,2.5176885531086828e-73,1.0791896685135316e-17,1.5888900265848507e-31,1.0791896685133242e-17,2.669715945048914e-46,7.3756457645627e-61,2.3073587014820015e-49,2.8586052183930896e-31,2.955054527234523e-63,3.172033840270771e-64,6.634566587526603e-33,7.121154215803021e-65,2.5566536825166037e-75,3.4680721517988e-78,7.392225165128787e-62,9.438097607087405e-57,5.476702324024396e-57
4.811013271962818e-19,0.4522347052778483,3.76,0.0,0.501055871799089,1.0,5.576532102573178e-42,1.0122648982613797e-29,8.294769477956024e-31,1.4199981074716349e-14,1.419998107471635e-14,7.522506147280992e-32,3.0710412685437617e-30,3.0700745168466586e-30,4.252606465172573e-41,2.893926923621204e-44,8.78697732975311e-18,2.546932822715016e-32,3.84277707409083e-18,1.374057009378917e-22,9.85186056857262e-28,4.944337659403825e-18,7.772271112527718e-32,1.427336916262893e-31,5.476729677677491e-42,1.5607317797740994e-23,1.6235334149655806e-47,1.7070504348446565e-49,2.4871923373669962e-31,7.85891308710027e-45,1.8359937120165394e-64,3.6962917270097327e-32,8.12509153059805e-47,1.4854047317631311e-58,8.210037610062294e-53,8.277610558676168e-72,2.1892133275559088e-17,6.4911342006480985e-31,2.189213327555061e-17,2.2073727705079624e-45,1.211452030989876e-59,1.9077687939441557e-48,1.1678335057049852e-30,4.89778616522938e-62,5.210075107699722e-63,2.710436931520876e-32,1.183190423606667e-63,8.506297282692e-74,1.1538494496213893e-76,6.067255956280243e-61,7.737922646743955e-56,8.995500015051203e-56
9.68978729423497e-19,0.4522347052778496,3.76,0.0,0.5010558717990745,1.0,4.516020281107786e-41,4.0917365660032003e-29,3.3528784473949434e-30,2.8599961882878856e-14,2.8599961882878875e-14,3.0407172553672218e-31,1.2413639848799641e-29,1.2409732059670599e-29,3.443870972145429e-40,2.3435770672682926e-43,1.7697714903594444e-17,1.0295109688939744e-31,7.739677767960981e-18,2.767486840066068e-22,3.982279559128421e-27,9.958313876397295e-18,3.1416762517160486e-31,5.769524027124563e-31,4.435197686757608e-41,3.1434457027713777e-23,1.3147794522818947e-46,1.3824137010522994e-48,1.0053629093165555e-30,6.364351573371192e-44,2.97622492615031e-63,1.4941002145150628e-31,6.579909778100615e-46,2.4079052813001003e-57,6.648701315555707e-52,2.684823373667938e-70,4.4092606456403204e-17,2.6238202282082907e-30,4.4092606456368944e-17,1.794998877690509e-44,1.9638159452775575e-58,1.551365899189303e-47,4.720569750571902e-30,7.974775101169552e-61,8.445756267068228e-62,1.095601943829636e-31,1.928899012531259e-62,2.775208631019044e-72,3.7644399261060303e-75,4.9242134107281877e-60,6.266370382759756e-55,1.4582093168550336e-54
1.9447335338779274e-18,0.4522347052778521,3.76,0.0,0.5010558717990456,1.0,3.634886012083032e-40,1.645269277077212e-28,1.3481776791738065e-29,5.739992349920218e-14,5.739992349920225e-14,1.2226590316952072e-30,4.9914700054056366e-29,4.989898681123086e-29,2.7719269684893656e-39,1.8863147314802624e-42,3.5519190051298836e-17,4.139618326387585e-31,1.5533479152733055e-17,5.554406637017082e-22,1.6012570957125788e-26,1.9986266307382814e-17,1.2632542033083647e-30,2.3199002360596324e-30,3.5698329517303523e-40,6.308873565320794e-23,1.0582488862570167e-45,1.1126868149171935e-47,4.0425200390347655e-30,5.122583831285743e-43,4.793118493696679e-62,6.007711248344525e-31,5.296083827660767e-45,3.8778573844772547e-56,5.35145324161901e-51,8.649516498884559e-69,8.849355281807775e-17,1.0550265737816732e-29,8.849355281794001e-17,1.4477316228875549e-43,3.1626650324550213e-57,1.2512327987792818e-46,1.8981203348845257e-29,1.2871319162879305e-59,1.360163010030612e-60,4.40536722941952e-31,3.1151770582623436e-61,8.966743260362183e-71,1.2162911078028954e-73,3.980808499241989e-59,5.0437200527633227e-54,2.3484011508059074e-53
3.896243142786788e-18,0.4522347052778571,3.76,0.0,0.5010558717989879,1.0,2.9167671155336846e-39,6.59826566573732e-28,5.406795496504396e-29,1.1499984673184212e-13,1.1499984673184232e-13,4.903409539628957e-30,2.0018027366604829e-28,2.001172549734612e-28,2.224296822313509e-38,1.5136488091891845e-41,7.11621403467946e-17,1.6601720978381565e-30,3.1121081910404315e-17,1.1128486773225788e-21,6.42175713105191e-26,4.004217115734819e-17,5.0662143602199554e-30,9.303837547671731e-30,2.8645661234562308e-39,1.2639729356639084e-22,8.491780847668158e-45,8.928610960664302e-47,1.6212313402889256e-29,4.110550913881939e-42,7.694016704535527e-61,2.409360910991718e-30,4.249773734435204e-44,6.224820044903315e-55,4.294204201909666e-50,2.777178407848553e-67,1.772954455413721e-16,4.231128433030473e-29,1.7729544554081966e-16,1.1628967700927715e-42,5.07677778137893e-56,1.0050582273217001e-45,7.612311497952816e-29,2.0683864347533087e-58,2.183362861879705e-59,1.7667492935451784e-30,5.007556141080367e-60,2.8832077214148293e-69,3.91090943268163e-72,3.222229870095938e-58,4.0472677108873858e-53,3.769703939397014e-52
7.799262360604511e-18,0.452234705277867,3.76,0.0,0.5010558717988725,0.9999999999999999,2.3369631009798155e-38,2.6427479033820545e-27,2.1655383808246924e-28,2.301996931970951e-13,2.30199693197096e-13,1.9639214005916685e-29,8.017652418759344e-28,8.015128258980431e-28,1.7821441907058453e-37,1.2127610499542748e-40,1.4244804093813384e-16,6.649347803049329e-30,6.229628737825526e-17,2.227760921486851e-21,2.57205242115527e-25,8.015398080925627e-17,2.0291282680288663e-29,3.726387875231389e-29,2.2951387713669648e-38,2.530144120415359e-22,6.803758269242363e-44,7.153753966431924e-46,6.493381646974308e-29,3.293442832327252e-41,1.2330488518093982e-59,9.65001079535862e-30,3.4049905083328024e-43,9.975943080045422e-54,3.4405889491789384e-49,8.901935938675481e-66,3.5489923098774166e-16,1.6946583180824694e-28,3.5489923098552896e-16,9.32205698280923e-42,8.136081833164372e-55,8.056785678608863e-45,3.048895159772633e-28,3.316615016700982e-57,3.499073590580669e-58,7.076212487023298e-30,8.030757018298193e-59,9.248486938236704e-68,1.2545039367310881e-70,2.626383682509457e-57,3.2427392811892733e-52,6.041355620088942e-51
1.5605300796239958e-17,0.45223470527788684,3.76,0.0,0.5010558717986415,0.9999999999999998,1.8709914748245348e-37,1.0577878813254067e-26,8.667797180592542e-28,4.605993861274936e-13,4.605993861274972e-13,7.860803568379804e-29,3.209150527679224e-27,3.2081401058571495e-27,1.4267989722727708e-36,9.709463349591581e-40,2.8501984212220325e-16,2.6614719912798567e-29,1.246466981239909e-16,4.4579702775044016e-21,1.0294912630674446e-24,1.6037759992098177e-16,8.121801137495416e-29,1.4915262750124603e-28,1.8375065595156228e-37,5.062486595869495e-22,5.447143584832248e-43,5.727353004493158e-45,2.599044873318109e-28,2.6367568158298582e-40,1.974484714446499e-58,3.8625191768196975e-29,2.7260627826800736e-42,1.5974506688669235e-52,2.7545631802631074e-48,2.8510164606095558e-64,7.101068018796048e-16,6.783049679350504e-28,7.10106801870748e-16,7.465206096000428e-41,1.3028331261366402e-53,6.451962842086169e-44,1.2203526289168085e-27,5.312347970766564e-56,5.603076704674912e-57,2.8323291069711584e-29,1.286416459075253e-57,2.963076382174602e-66,4.019240046346953e-69,2.1742441165477005e-56,2.596163177325494e-51,9.674040299655971e-50
3.121737766751085e-17,0.45223470527792653,3.76,0.0,0.5010558717981798,0.9999999999999994,1.4973618450616633e-36,4.232529357762092e-26,3.4682479862499965e-27,9.213987719878612e-13,9.213987719878747e-13,3.1453452156978444e-28,1.2840783020339121e-26,1.283673921589078e-26,1.1418728107326972e-35,7.770522933528696e-39,5.701634444959063e-16,1.0649354693022373e-28,2.4934751885559697e-16,8.919928460286564e-21,4.119306013931018e-24,3.208248373760701e-16,3.249778372187648e-28,5.968047904695086e-28,1.4705637030356596e-36,1.0127171970583244e-21,4.359370355016895e-42,4.583623131405601e-44,1.0399564829436322e-27,2.1102068100559082e-39,3.1604614417427044e-57,1.5455107817745215e-28,2.1816787258960415e-41,2.5569614043681575e-51,2.204487705062984e-47,9.12708980778484e-63,1.4205219436598268e-15,2.7141034048647627e-27,1.4205219436243882e-15,5.975190545309681e-40,2.0853814010242414e-52,5.164185220867627e-43,4.883000098560983e-27,8.50437051982789e-55,8.96857171786578e-56,1.1333005691117928e-28,2.0594633929574556e-56,9.487545349754425e-65,1.2869297517950473e-67,1.8545639193598008e-55,2.0777196137738587e-50,1.5484764663267675e-48
6.244153141005264e-17,0.4522347052780059,3.76,0.0,0.5010558717972562,0.9999999999999989,1.1981170299919186e-35,1.6932873488165664e-25,1.3875250981735679e-26,1.8429975437068773e-12,1.8429975437069306e-12,1.2583427958546628e-27,5.13714998780262e-26,5.1355315617824965e-26,9.136717383113527e-35,6.217601120710304e-38,1.1404506492655682e-15,4.260435321617338e-28,4.987491572793487e-16,1.785000270876746e-20,1.6479906284234163e-23,6.417193092127962e-16,1.3001229646152443e-27,2.3876077791820865e-27,1.1766743919391543e-35,2.0256544415236986e-21,3.4881586072082983e-41,3.667595027055885e-43,4.160503049511981e-27,1.6884860513047405e-38,5.057767333728187e-56,6.1830494602755925e-28,1.7456744437854791e-40,4.0919707042558615e-50,1.763925091396805e-46,2.9212828100227994e-61,2.8413522272062514e-15,1.085818093736806e-26,2.8413522270644753e-15,4.7813629778617516e-39,3.3372889696156593e-51,4.132394331286256e-42,1.9535180012819907e-26,1.3610684838945948e-53,1.4352634677726768e-54,4.533940224437829e-28,3.296099406371593e-55,3.0369269955595804e-63,4.1194123562350114e-66,1.6671802145417744e-54,1.6624914411648805e-49,2.4780664851667765e-47
1.2488983889513618e-16,0.45223470527816456,3.76,0.0,0.501055871795409,0.9999999999999978,9.585847180948839e-35,6.773700645654219e-25,5.550552621836779e-26,3.686195087138033e-12,3.686195087138248e-12,5.033780013612281e-27,2.055027745881007e-25,2.0543798100040283e-25,7.310067931365175e-34,4.974556648708228e-37,2.2810250588939172e-15,1.704312827451017e-27,9.975524219690108e-16,3.573478273682219e-20,6.592498936104082e-23,1.283508240592447e-15,5.2009151373711415e-27,9.551208414867125e-27,9.414288942651908e-35,4.0515296085484004e-21,2.790791822247774e-40,2.9343547913844996e-42,1.6643366162379227e-26,1.3509170829248276e-37,8.093251223004648e-55,2.4734210392724227e-27,1.3966721421679383e-39,6.5478191192826166e-49,1.411274044671551e-45,9.349087420688494e-60,5.683012794243028e-15,4.343625863646574e-26,5.683012793675876e-15,3.825574623820103e-38,5.340204887412389e-50,3.306333850326356e-41,7.814707974050202e-26,2.1780049583527422e-52,2.296655174738608e-53,1.8137236820700946e-27,5.274525612599888e-54,9.719626711183965e-62,1.3184099438200992e-64,1.627094288306642e-53,1.3301195527673436e-48,3.965309733485803e-46
2.4978645386530327e-16,0.4522347052784819,3.76,0.0,0.5010558717917146,0.9999999999999954,7.669043145444967e-34,2.709590512031614e-24,2.2203118094822557e-25,7.37259017397284e-12,7.372590173973704e-12,2.0135932798971377e-26,8.220449560288879e-25,8.217853608903306e-25,5.8483319568046566e-33,3.979839777325479e-36,4.562173878506714e-15,6.817528717651626e-27,1.995158902716971e-15,7.160286891271647e-20,2.6371068135462696e-22,2.567086054176542e-15,2.0804507275754682e-26,3.8206388376522085e-26,7.531788685858298e-34,8.103282655001276e-21,2.2327394042896574e-39,2.347595556886467e-41,6.657616973384991e-26,1.0807849448339842e-36,1.2949861316708738e-53,9.89408647528686e-27,1.1173907318183153e-38,1.0477043237707386e-47,1.1290728053052059e-44,2.991865034777577e-58,1.1366333928092287e-14,1.7375210456715023e-25,1.1366333925823588e-14,3.0606533527123756e-37,8.54476023078468e-49,2.645234240379264e-40,3.1260103878677937e-25,3.485044198190403e-51,3.674835201405192e-52,7.255189860866574e-27,8.43985445553656e-53,3.110514281043155e-60,4.219228702185401e-63,1.7709168887462536e-52,1.0641463429053122e-47,6.344818265741737e-45
4.995796838056376e-16,0.4522347052791166,3.76,0.0,0.5010558717843259,0.9999999999999909,6.135382288257369e-33,1.0838582557725737e-23,8.881431256259014e-25,1.4745380347532438e-11,1.474538034753589e-11,8.054531715384394e-26,3.2882499913275108e-24,3.2872083076487522e-24,4.6787765921902293e-32,3.183956243081915e-35,9.124471519156701e-15,2.7270669699076945e-26,3.990371669687458e-15,1.4373314570694925e-19,1.0548641342630644e-21,5.134241484643927e-15,8.321972369216736e-26,1.5282866351893436e-25,6.025573948856967e-33,1.620679959774219e-20,1.7862338491414828e-38,1.8781214721005162e-40,2.6631006567425134e-25,8.646484342152724e-36,2.072030729948147e-52,3.957714890018361e-26,8.939337618870371e-38,1.676369473404763e-46,9.032796375777697e-44,9.574218526854988e-57,2.273297619489363e-14,6.950225585274733e-25,2.2732976185818643e-14,2.448600058348228e-36,1.3671957044903683e-47,2.1162539316419207e-39,1.2504295951970335e-24,5.576259545932817e-50,5.879885893598059e-51,2.902134921903053e-26,1.3504258489999683e-51,9.954020078953156e-59,1.350203933122957e-61,2.1674718699736946e-51,8.513375760355289e-47,1.0151967343060703e-43
9.99166143686306e-16,0.4522347052803861,3.76,0.0,0.5010558717695485,0.9999999999999818,4.908367512525013e-32,4.335477123909766e-23,3.552611301385502e-24,2.949096069421157e-11,2.9490960694225376e-11,3.221841240790727e-25,1.3153159906265725e-23,1.3148966872915665e-23,3.743065651597395e-31,2.5472093807333705e-34,1.824906680615426e-14,1.0908378848631141e-25,7.980796425526865e-15,2.895701167716301e-19,4.2194990402560414e-21,1.02685515587756e-14,3.328822928288234e-25,6.113208783438709e-25,4.8205163337677993e-32,3.241387688433489e-20,1.4290039233932204e-37,1.5025157259779763e-39,1.0652508480610681e-24,6.917268850649004e-35,3.315292044284295e-51,1.583101883996034e-25,7.151554300074303e-37,2.6822250176201285e-45,7.226322114044e-43,3.06378942674304e-55,4.546626072490761e-14,2.7801185145959178e-24,4.546626068860731e-14,1.958910857384288e-35,2.1875386972168052e-46,1.6930292386538041e-38,5.001769260920717e-24,8.92216573200045e-49,9.40793718224511e-50,1.1608657243680724e-25,2.160720847535276e-50,3.1853465766972546e-57,4.3207340738017966e-60,2.935138145442696e-50,6.8107861505405456e-46,1.6243354105930492e-42
1.9983390634476426e-15,0.4522347052829249,3.76,0.0,0.5010558717399936,0.9999999999999636,3.9267227987512893e-31,1.7341996685727016e-22,1.4210538762776447e-23,5.89821213858096e-11,5.898212138586482e-11,1.2887396754325496e-24,5.261311635083707e-23,5.2596134081136256e-23,2.9944702190202205e-30,2.0378022469748464e-33,3.649825740293971e-14,4.363373735206153e-25,1.596164282480076e-14,5.875497264573625e-19,1.68780786488756e-20,2.0537168559827547e-14,1.331536038279117e-24,2.4452959954638106e-24,3.856435895200257e-31,6.482820507612546e-20,1.1432097381036645e-36,1.2020208600255228e-38,4.261023057388996e-24,5.5338467714109325e-34,5.304503301139568e-50,6.332438335022269e-25,5.7212763192621717e-36,4.2915865256437693e-44,5.781090799141121e-42,9.804185721473219e-54,9.093282977058076e-14,1.1120530617339861e-23,9.093282962537887e-14,1.5671407859025916e-34,3.5000769815140167e-45,1.3544329918560115e-37,2.0007178801039803e-23,1.4275583595892865e-47,1.5052795593679836e-48,4.6434860887147885e-25,3.457185521894896e-49,1.019320688480711e-55,1.3826481264809001e-58,4.2699543543537144e-49,5.448668792515266e-45,2.598953120685649e-41
3.996684902970316e-15,0.4522347052880029,3.76,0.0,0.5010558716808838,0.9999999999999271,3.1413963398137225e-30,6.936816302792803e-22,5.684246983901086e-23,1.1796444276196465e-10,1.179644427621855e-10,5.154944805442741e-24,2.1045467359658983e-22,2.103850639338166e-22,2.3955831687137759e-29,1.6302828750295533e-32,7.29966386876718e-14,1.7453539347269557e-24,3.192332317373962e-14,1.2087315972663998e-18,6.751245942009606e-20,4.107438997309385e-14,5.326158453575663e-24,9.781209214060821e-24,3.0851577805216058e-30,1.2965755604742054e-19,9.145702089873511e-36,9.616213755289133e-38,1.704411951451737e-23,4.427088717373192e-33,8.487239638711388e-49,2.5329806481654722e-24,4.577032922313436e-35,6.866557748201796e-43,4.62488444621534e-41,3.1373466291853014e-52,1.8186596780450788e-13,4.448223556938284e-23,1.8186596722369878e-13,1.2537171097285255e-33,5.600117974634539e-44,1.0835488955029577e-36,8.002891869243699e-23,2.2841022275404538e-46,2.408455078983134e-47,1.8573988176839495e-24,5.531524405293973e-48,3.2618428789811246e-54,4.424496343336485e-57,6.490892628523827e-48,4.3589600309381684e-44,4.1583380202832345e-40
7.993376582015663e-15,0.4522347052981586,3.76,0.0,0.5010558715626643,0.9999999999998541,2.513134848632453e-29,2.7747300391775674e-21,2.2737153031585637e-22,2.359290854861108e-10,2.359290854869943e-10,2.061958939560497e-23,8.418331486840902e-22,8.415412663880762e-22,1.916469195377927e-28,1.304286219764955e-31,1.4599340162178047e-13,6.981424632077705e-24,6.384663407326772e-14,2.551985794331715e-18,2.70049966118253e-19,8.214878244433992e-14,2.1304666947172922e-23,3.912488946449732e-23,2.4681297430578088e-29,2.5931903724721083e-19,7.316567805797974e-35,7.693011767090021e-37,6.817643626492252e-23,3.5416732921587626e-32,1.357962861157137e-47,1.013192645567707e-23,3.6616290289096517e-34,1.0986501792109916e-41,3.699909981657092e-40,1.0039505814471232e-50,3.637322436426852e-13,1.77929168332704e-22,3.6373224131944593e-13,1.0029749057730392e-32,8.960129407906453e-43,8.668379758329077e-36,3.201160815316446e-22,3.654568656015724e-45,3.853534660164408e-46,7.429601986655786e-24,8.850466984578669e-47,1.0437930431453404e-52,1.41584316046344e-55,1.0112542048512968e-46,3.487192500749956e-43,6.653350793887678e-39
1.598675994010636e-14,0.4522347053184702,3.76,0.0,0.5010558713262253,0.9999999999997081,2.010531847900614e-28,1.1098927131684058e-20,9.094975942330607e-22,4.718583708217472e-10,4.718583708252811e-10,8.247668170552085e-23,3.3674418063900964e-21,3.3661667303238045e-21,1.5331762012710342e-27,1.043522525699812e-30,2.9198692894857204e-13,2.7925716409628313e-23,1.2769305667961373e-13,5.6420548078305574e-18,1.0801988316592011e-18,1.6429736596619704e-13,8.52187703084043e-23,1.56499680224835e-22,1.9745050305260217e-28,5.18653123926322e-19,5.853251034071869e-34,6.15446093923872e-36,2.7270489057184014e-22,2.833336038089596e-31,2.172749858268006e-46,4.052765942642872e-23,2.929301010429549e-33,1.7578391020958627e-40,2.959925278277226e-39,3.2126317704584254e-49,7.274647944003323e-13,7.117171242804069e-22,7.274647851073695e-13,8.023794927516986e-32,1.433598295231559e-41,6.934664982767688e-35,1.2804651379299298e-21,5.84730755577065e-44,6.165661664573722e-45,2.971840499060038e-23,1.416078833952768e-45,3.3401472368875164e-51,4.5307098834039006e-54,1.596157396085234e-45,2.789786955645895e-42,1.0645367766303892e-37
3.1973526656287754e-14,0.45223470535909316,3.76,0.0,0.5010558708533472,0.9999999999994161,1.6084620390416161e-27,4.4395721987479547e-20,3.63807869095316e-21,9.437169410423964e-10,9.437169410565319e-10,3.2989300598134544e-22,1.3470628069751781e-20,1.3464667398558238e-20,1.2265409482924247e-26,8.349667716283138e-30,5.839739894364243e-13,1.1170290216089666e-22,2.553851051269724e-13,1.34364256929937e-17,4.3207829435488894e-18,3.285937273314596e-13,3.4087557628169827e-22,6.259991028350621e-22,1.5796042446441606e-27,1.0373658524080926e-18,4.682590480821407e-33,4.923645714068301e-35,1.0908116861573737e-21,2.266662155542712e-30,3.476425325951608e-45,1.6211011193736069e-22,2.3434346607246354e-32,2.8125354203645933e-39,2.367933256764709e-38,1.0280344427577677e-47,1.4549298922407965e-12,2.8468693897330097e-21,1.4549298550689338e-12,6.419019509603187e-31,2.293682829138738e-40,5.547661639516033e-34,5.121862161559715e-21,9.355669878502691e-43,9.865066772656367e-44,1.1887348294769296e-22,2.2657418737334825e-44,1.0688541693321702e-49,1.4498361271672213e-52,2.5363137777204987e-44,2.2318798153224876e-41,1.703258890912475e-36
6.394706008865054e-14,0.4522347054403391,3.76,0.0,0.5010558699075912,0.9999999999988322,1.2868274121144869e-26,1.7758291095774324e-19,1.4553014331446608e-20,1.8874340796812016e-09,1.887434079737743e-09,1.3194616409033855e-21,5.3889373277270604e-20,5.385864773053184e-20,9.812321924047741e-26,6.682110472811385e-29,1.167948133748979e-12,4.4681168776620215e-22,5.107660150044151e-13,3.5482021942460425e-17,1.7283024469275083e-17,6.571832273808856e-13,1.3635056149254877e-21,2.5039982728230182e-21,1.2636830450560265e-26,2.0749699939025857e-18,3.74605374751242e-32,3.939037519532988e-34,4.3631816560759115e-21,1.8133180358952216e-29,5.562358972025637e-44,6.484359324508267e-22,1.87473684962708e-31,4.500031132241995e-38,1.89433440633479e-37,3.2896587588008354e-46,2.9098600732224058e-12,1.1387479269850659e-20,2.9098599245349353e-12,5.135185507037811e-30,3.669652142058892e-39,4.438013470172184e-33,2.0487451755781997e-20,1.496898883558366e-41,1.5784123389858935e-42,4.754926089449724e-22,3.625224637449478e-43,3.420367195249024e-48,4.6395173442470715e-51,4.0438835568734984e-43,1.7855832748078972e-40,2.725212755676695e-35
1.278941269533761e-13,0.452234705602831,3.76,0.0,0.5010558680160792,0.9999999999976642,1.0295540912991934e-25,7.103316585373065e-19,5.821763989685027e-20,3.7748683497488375e-09,3.7748683499750035e-09,5.276962448476865e-21,2.1561232866975057e-19,2.1543436464923586e-19,7.849846296086345e-25,5.349488963619085e-28,2.335896515719685e-12,1.7872469579316553e-21,1.0215150870426564e-12,1.0540001674478605e-16,6.913122297234497e-17,1.3143493370169931e-12,5.454047631057009e-21,1.0016005595075304e-20,1.0109455937365372e-25,4.150896727203206e-18,2.9968123487534475e-31,3.151422653793422e-33,1.7452201771908162e-20,1.4506353239495936e-28,8.900022726166894e-43,2.5937069898235364e-21,1.4997716567998131e-30,7.199965939453553e-37,1.5154475854703735e-36,1.0526575468747458e-44,5.819720376388346e-12,4.5549919906804907e-20,5.819719781638457e-12,4.108098721822553e-29,5.870672583237388e-38,3.5502241300669775e-32,8.194981236111554e-20,2.3950107120433186e-40,2.5254642950339575e-41,1.901959399637096e-21,5.800476423823281e-42,1.0945384294017669e-46,1.484671252009108e-49,6.458237631664876e-42,1.4285933472735263e-39,4.360334406289212e-34
2.5578826068282724e-13,0.45223470592781495,3.76,0.0,0.5010558642330549,0.9999999999953283,8.237906123525477e-25,2.8413264130873794e-18,2.3291519092092914e-19,7.549736861044214e-09,7.549736861948872e-09,2.1100777675350093e-20,8.628878796758189e-19,8.617355456926195e-19,6.27985817441862e-24,4.285671486216856e-27,4.671793653029042e-12,7.148988634415458e-21,2.0429622430720486e-12,3.4853829089766534e-16,2.7651785996126697e-16,2.6286299965313795e-12,2.1816389187254882e-20,4.0064117633248323e-20,8.087550146453429e-25,8.30565369085359e-18,2.397400518830606e-30,2.5214459851909137e-32,6.980460022149681e-20,1.160477531433347e-27,1.4240828909175496e-41,1.037453281567873e-20,1.1997886438502583e-29,1.1519675414036474e-35,1.2123259978971037e-35,3.3682908113036457e-43,1.1639440747531124e-11,1.8219968052654301e-19,1.1639438368531801e-11,3.2863988766216655e-28,9.390608906046763e-37,2.83988019818125e-31,3.2779925307163484e-19,3.831928375627404e-39,4.040756890634636e-40,7.607748403932135e-21,9.281134560164175e-41,3.502656054618431e-45,4.7511113395101994e-48,1.0321676344281309e-40,1.1430774403540027e-38,6.976514801519673e-33
3.8368239441227835e-13,0.45223470625279877,3.76,0.0,0.5010558604500309,0.9999999999929924,2.355768256898131e-24,6.037818203608966e-18,4.950103233920523e-19,1.13246053434997e-08,1.132460534542209e-08,4.4828768695987583e-20,1.8342808374904253e-18,1.8311851961339714e-18,1.7956438239549003e-23,1.2264329166350754e-26,7.007691163691905e-12,1.5191601868082246e-20,3.0643584138736788e-12,6.949739251734377e-16,5.875901153348273e-16,3.942859098381e-12,4.6360118265192366e-20,8.513638852314976e-20,2.3125314375383053e-24,1.2463343845654915e-17,6.854987529390352e-30,7.210265347312875e-32,1.4832859461940175e-19,3.318189921429745e-27,5.241710999611992e-41,2.2045448407659107e-20,3.430598760112952e-29,4.23996016723851e-35,3.4664419691579895e-35,1.5378025088331925e-42,1.7459160883484813e-11,3.871743163299729e-19,1.7459155828111676e-11,9.756361325051395e-28,3.4559310524928546e-36,8.430408257527053e-31,6.965734067143197e-19,1.4496801894709118e-38,1.4872699762510004e-39,1.6166334119651727e-20,3.5384566629607466e-40,1.6438397863115747e-44,2.2298769949893683e-47,3.798855825136601e-40,3.2688866092883817e-38,2.567817116286899e-32
6.394706618711806e-13,0.45223470690276674,3.76,0.0,0.5010558528839828,0.9999999999883206,1.0829595155811463e-23,1.6692788175217745e-17,1.3690251470336832e-18,1.8874342193051154e-08,1.8874342198365915e-08,1.2386439485725912e-19,5.075838293512341e-18,5.0626681522252165e-18,8.252068210542375e-23,5.650097887894585e-26,1.1679487678316152e-11,4.200031728641772e-20,5.10694683711804e-12,1.8009952426535742e-15,1.6244401304464558e-15,6.5711110881643376e-12,1.2817416255501592e-19,2.353780574002617e-19,1.0627501163597255e-23,2.0790694445486367e-17,3.150187778895897e-29,3.3142722586255003e-31,4.1004087274074205e-19,1.5248466084795385e-26,4.0334013041081005e-40,6.094608727850409e-20,1.5765106946783477e-28,3.262133594644347e-34,1.5929747606865277e-34,2.001656405291316e-41,2.9098600214635893e-11,1.0704230553832342e-18,2.9098586238019305e-11,4.569868434784189e-27,2.6578236127573743e-35,3.948260272498646e-30,1.925820516386435e-18,1.1440519399035173e-37,1.1443293770337828e-38,4.46942225705256e-20,2.910111349011079e-39,2.294037850010643e-43,3.109284868012086e-46,2.922345171485181e-39,1.502844900054988e-37,1.9756899014915965e-31
8.691525938191724e-13,0.4522347074863974,3.76,0.0,0.5010558460901429,0.9999999999841256,2.4331738238462567e-23,2.968675501607581e-17,2.4352480472907803e-18,2.5653535542330096e-08,2.5653535551781882e-08,2.2019587050457775e-19,9.032356173115237e-18,9.003517498097713e-18,1.8537367001972399e-22,1.270957016140053e-25,1.5874471157710988e-11,7.469413807546462e-20,6.940900088676164e-12,3.126261751882354e-15,2.888847369354063e-15,8.930951893695076e-12,2.279497009816748e-19,4.1860178522912643e-19,2.387354424187362e-23,2.8277929479929135e-17,7.076440539008043e-29,7.446042921677632e-31,7.291724107659747e-19,3.42532373106135e-26,1.1076513870501512e-39,1.0838399956162826e-19,3.54138891734349e-28,8.95791875972778e-34,3.5783630366951347e-34,6.51850478160036e-41,3.955009099436524e-11,1.9036598210914254e-18,3.9550066138099245e-11,1.0523885575658182e-26,7.297093699302724e-35,9.091789005004554e-30,3.4249142366960536e-18,3.2012594160630242e-37,3.142440717024855e-38,7.94839207228148e-20,8.464489410298536e-39,7.84095485991559e-43,1.061879379679473e-45,8.026660761727e-39,3.376896370163602e-37,5.425385101324652e-31
1e-12,0.4522347080700281,3.76,0.0,0.5010558422197631,0.9999999999817357,3.665346921520691e-23,3.915820669247085e-17,3.212698404370861e-18,2.9515571381919768e-08,2.951557139438703e-08,2.9037063494398735e-19,1.191894255126334e-17,1.1876036766300614e-17,2.7921136369222032e-22,1.9162796550178987e-25,1.8264310310783602e-11,9.852504826470012e-20,7.985585200278093e-12,4.08177417770904e-15,3.810446216802818e-15,1.027522855182327e-11,3.00678438719878e-19,5.521562562803232e-19,3.5958561955668285e-23,3.254935971180579e-17,1.0658464238122063e-28,1.1216303607878223e-30,9.617658196726685e-19,5.159163767335554e-26,1.896764552964912e-39,1.4296027064101964e-19,5.333990004331439e-28,1.5338931072192058e-33,5.389669202974193e-34,1.2630796544369725e-40,4.550419605940556e-11,2.511015762185285e-18,4.550416327283842e-11,1.6061953702741856e-26,1.2493085125771924e-34,1.3875465203553222e-29,4.517621043295941e-18,5.5493608752065415e-37,5.381001004824091e-38,1.0484199912404984e-19,1.4665981831883022e-38,1.5424791494282453e-42,2.08961061834403e-45,1.3743116110933844e-38,5.087206585157209e-37,9.29018215609448e-31
1.0988345257671642e-12,0.4522347080700281,3.76,0.0,0.501055839296303,0.9999999999799306,4.596058865503838e-23,4.6312390807282e-17,3.7999392186315044e-18,3.243272879331036e-08,3.2432728808055346e-08,3.4337657343853094e-19,1.4099302132682592e-17,1.404577087044883e-17,3.500909036380763e-22,2.403718870222245e-25,2.006945590936974e-11,1.1652553276722048e-19,8.774679616398989e-12,4.8035127297190276e-15,4.506568422766037e-15,1.1290617009905185e-11,3.5561350020719555e-19,6.530355415157352e-19,4.508688195446157e-23,3.577574985309477e-17,1.3364116752925614e-28,1.4064139402378052e-30,1.1374533624130422e-18,6.468805759813912e-26,2.4928147751758794e-39,1.6907717623871952e-19,6.688016679321938e-28,2.0158776908075746e-33,6.757824607720474e-34,1.7247666495073964e-40,5.0001580972468944e-11,2.9697771405111555e-18,5.000154219581323e-11,2.0245088492973283e-26,1.6417835057884693e-34,1.7488776176289225e-29,5.342988256793496e-18,7.3229802455967875e-37,7.071879340922608e-38,1.2399601773477464e-19,1.9350228775906697e-38,2.115318091468446e-42,2.8658990642085016e-45,1.8060994240877335e-38,6.3790755181953205e-37,1.2209425228950122e-30
1.328516457715156e-12,0.45223470865365883,3.76,0.0,0.5010558325024633,0.9999999999757356,7.678961158320176e-23,6.636392822613388e-17,5.4463533741721706e-18,3.9211921951561444e-08,3.921192197269028e-08,4.918591452520001e-19,2.02153877171812e-17,2.0127016797355257e-17,5.848217789286836e-22,4.0207124024450726e-25,2.426444186112581e-11,1.6697677980361703e-19,1.0608295279212776e-11,6.812777310742393e-15,6.457558818341782e-15,1.3650116402978245e-11,5.095861765416715e-19,9.357781744117797e-19,7.531706740565561e-23,4.328372369528951e-17,2.2324219244819836e-28,2.3496704871385137e-30,1.6298170135349014e-18,1.0805807778359012e-25,4.788002725277345e-39,2.422734932290925e-19,1.1172019492745044e-27,3.871697786994164e-33,1.1288599898873301e-33,3.764501965713586e-40,6.04530701943662e-11,4.2555802544094196e-18,6.045301462886646e-11,3.43996484416388e-26,3.152607445077321e-34,2.971422363941696e-29,7.656303612428828e-18,1.4269642339179887e-36,1.3582595141723992e-37,1.7767932203005292e-19,3.8239762287361123e-38,4.725231011533695e-42,6.400261521235133e-45,3.468916695479354e-38,1.0658978621439574e-36,2.344980713280634e-30
1.7878803216111396e-12,0.45223470982092034,3.76,0.0,0.501055818914784,0.9999999999673457,1.6384704968615865e-22,1.142757263937869e-16,9.381796333188732e-18,5.27703080567042e-08,5.2770308093086586e-08,8.464200879473108e-19,3.484357880289951e-17,3.4657684601550285e-17,1.2474972407513143e-21,8.595107081882788e-25,3.265441649980852e-11,2.875266869175181e-19,1.4275153150220754e-11,1.15879914761483e-14,1.111909178457797e-14,1.8368737487165648e-11,8.77500001772898e-19,1.6113758454247617e-18,1.6066091997767166e-22,5.832329877836829e-17,4.761919954340862e-28,5.0130934199224546e-30,2.806150668879962e-18,2.304930174683811e-25,1.236859648805394e-38,4.171616246910705e-19,2.3830567019578783e-27,1.0000572611040866e-32,2.4079125545057054e-33,1.1575217167132082e-39,8.135604691452423e-11,7.327920701971268e-18,8.135595123321389e-11,7.599010388944606e-26,8.140683028121958e-34,6.563362269552378e-29,1.3183815800885613e-17,3.783975577618525e-36,3.5085341177689806e-37,3.059490917769192e-19,1.0684666807951078e-37,1.5411029968377224e-41,2.0845942117076815e-44,8.963787246595643e-38,2.2749346228286938e-36,6.057215760083739e-30
2.2472441855071232e-12,0.45223471098818196,3.76,0.0,0.5010558053271053,0.9999999999589557,2.9787761529668595e-22,1.7485371332695965e-16,1.4360219107579495e-17,6.632869381901008e-08,6.632869387467814e-08,1.2943067629849077e-18,5.336436570653473e-17,5.3029641369881403e-17,2.2673859242705664e-21,1.5653654227858771e-24,4.10443955747867e-11,4.399458250576891e-19,1.7941405316494267e-11,1.7590487124390388e-14,1.7012563384578016e-14,2.3086745961768898e-11,1.3426888447159034e-18,2.4655834091684674e-18,2.9200941188344578e-22,7.340182979011546e-17,8.654826785484514e-28,9.11317738576796e-30,4.2932220546231654e-18,4.189179487847256e-25,2.618049076938493e-38,6.382669532860712e-19,4.331194052292717e-27,2.116622474980215e-32,4.376349536295497e-33,2.806426919482016e-39,1.0225902083884595e-10,1.1212480455475394e-17,1.0225887443652296e-10,1.42293529913865e-25,1.7224987322250455e-33,1.2288966837783319e-28,2.0172608861339408e-17,8.20295380054718e-36,7.426117862732992e-37,4.681237302443136e-19,2.3913140556603105e-37,3.923964356131433e-41,5.305371351251444e-44,1.897692951866051e-37,4.1370229099129584e-36,1.28203842484021e-29
2.7066080494031068e-12,0.4522347121554436,3.76,0.0,0.5010557917394267,0.9999999999505658,4.9271770136744265e-22,2.48955280712901e-16,2.0453370902497174e-17,7.98870792152719e-08,7.988707929453052e-08,1.8416561437655103e-18,7.605252489296179e-17,7.55028617695539e-17,3.74947539761226e-21,2.593893465864994e-24,4.943437938579642e-11,6.263915050141828e-19,2.1607010887117696e-11,2.490314846900254e-14,2.4221184952984582e-14,2.7804100440024273e-11,1.9117425049464734e-18,3.510493747703087e-18,4.828838398907367e-22,8.852311740540966e-17,1.4311784566495192e-27,1.5072814139648166e-29,6.111957436211193e-18,6.927222390997358e-25,4.951424731117557e-38,9.087104158482345e-19,7.1620925688682e-27,4.002731356804442e-32,7.23672824504482e-33,5.989472901025397e-39,1.2316199177807587e-10,1.5964240153076674e-17,1.2316178333165868e-10,2.407295206340712e-25,3.256492816012964e-33,2.078827303829628e-28,2.872159965352814e-17,1.5846385644555676e-35,1.4044072218709747e-36,6.66496026066797e-19,4.7234974280461495e-37,8.732743006829066e-41,1.1803264074324562e-43,3.589331894222194e-37,6.845026268145241e-36,2.4245085721212134e-29
3.6253357771950736e-12,0.4522347144899671,3.76,0.0,0.5010557645640705,0.9999999999337857,1.1367037951303835e-21,4.384902423937873e-16,3.605395835861641e-17,1.0700384888906272e-07,1.0700384902865828e-07,3.239188031168402e-18,1.3423780320646516e-16,1.3298360180432086e-16,8.644344696152329e-21,6.010787936690507e-24,6.621436147883911e-11,1.1032776975986105e-18,2.893624655752102e-11,4.3531470640635385e-14,4.265673699260356e-14,3.7236811124800726e-11,3.3673223222944355e-18,6.183171438329195e-18,1.1132844326123248e-21,1.189038272654882e-16,3.2993689208666896e-27,3.4765957860435194e-29,1.0762393607576714e-17,1.596921240711473e-24,1.4997768181796584e-37,1.600339903624356e-18,1.6510851362445366e-26,1.2121040765548375e-31,1.6682719936780192e-32,2.403473666969353e-38,1.6496792453325394e-10,2.8118166568609455e-17,1.6496755739216646e-10,5.721344031943015e-25,9.853412993673573e-33,4.939401576058968e-28,5.058798470474676e-17,4.981848803505009e-35,4.253308920796819e-36,1.1738561294882245e-18,1.5065764224884337e-36,3.76006912082387e-40,5.082092085927094e-43,1.0866922749950933e-36,1.580174575632978e-35,7.342355248656326e-29
4.544063504987041e-12,0.4522347168244912,3.76,0.0,0.501055737388716,0.9999999999170057,2.184316420141726e-21,6.829651307584274e-16,5.619998539359983e-17,1.3412061707578849e-07,1.3412061729320718e-07,5.0381602839498744e-18,2.095183762294819e-16,2.0712514564448818e-16,1.660085382697669e-20,1.1598513763773782e-23,8.299436280389994e-11,1.7183982408036452e-18,3.626285702685011e-11,6.747956359423303e-14,6.643248244142746e-14,4.666686612647291e-11,5.2449304724815706e-18,9.630621639000345e-18,2.13799293662749e-21,1.4947527924435036e-16,6.335868829668685e-27,6.679418781566864e-29,1.6758642820747918e-17,3.066527832748112e-24,3.5265497956444436e-37,2.492296106869773e-18,3.170572626599052e-26,2.849468592108568e-31,3.203542434394268e-32,6.868042669809526e-38,2.067738451613896e-10,4.3795123038284934e-17,2.0677327332531131e-10,1.1169272669290492e-24,2.3147611064028905e-32,9.640369861845877e-28,7.879272804575956e-17,1.1961396373043676e-34,9.999879671730664e-36,1.8282368570916695e-18,3.6331303758945445e-36,1.1104730763311887e-39,1.501048765802614e-42,2.5536783177382218e-36,3.0382843414885255e-35,1.7261730839986228e-28
6.381518960570975e-12,0.4522347214935399,3.76,0.0,0.5010556830380108,0.9999999998834456,6.0145828792498336e-21,1.336847048721538e-15,1.1019360539590037e-16,1.883541489850008e-07,1.883541494105519e-07,9.832561242933169e-18,4.119498972083296e-16,4.054224051006586e-16,4.5644822083843323e-20,3.2244873683804883e-23,1.1655442316199229e-10,3.3636269705851278e-18,5.090820235403474e-11,1.3133658180869567e-13,1.300066936092468e-13,6.551900762565866e-11,1.0267340982424037e-17,1.8851547590439814e-17,5.878567473750585e-21,2.112474731980833e-16,1.741858682868912e-26,1.8383726263153582e-28,3.2786075909174904e-17,8.429979449089161e-24,1.384540137072751e-36,4.877229741492836e-18,8.716222893759168e-26,1.1180537488074007e-30,8.806645878194544e-32,3.926357906383758e-37,2.903856500116557e-10,8.572535075546995e-17,2.9038453069061434e-10,3.1216984252109683e-24,9.066126089789506e-32,2.6927812273417262e-27,1.542302893136555e-16,4.810487151889079e-34,3.924672413119389e-35,3.578249812246762e-18,1.4487520817948186e-35,6.538855789568831e-39,8.842651770738658e-42,1.0004877492710631e-35,8.37628781914784e-35,6.774047722117807e-28
1e-11,0.45223473083164145,3.76,0.0,0.501055576005775,0.9999999998173555,2.3622030006281432e-20,3.2674995807492818e-15,2.702867143316649e-16,2.951556359764092e-07,2.9515563701639343e-07,2.388469465721105e-17,1.0162441603016042e-15,9.908873555545391e-16,1.7869484955859402e-19,1.2931174543335794e-22,1.8264410972982398e-10,8.221353888884198e-18,7.97184528933912e-11,3.192525388051472e-13,3.176106023770969e-13,1.02613285321894e-10,2.509945628702681e-17,4.6078746814805105e-17,2.3014481709582245e-20,3.3570239496681605e-16,6.817291192950814e-26,7.212973045431993e-28,8.004562416378962e-17,3.2988786736527045e-23,9.029214058564031e-36,1.1914564217656123e-17,3.411081175093971e-25,7.281286527566748e-30,3.4462856557218508e-31,4.427953906217045e-36,4.5504132578450106e-10,2.0952882470373864e-16,4.550385899593997e-10,1.2353739359389789e-23,5.879559922602431e-31,1.064196979132878e-26,3.769677638262897e-16,3.1889179883565445e-33,2.5573830158351356e-34,8.744007175959183e-18,9.338368607265645e-35,7.356967413059007e-38,9.95765814932197e-41,6.489530593109994e-35,3.2977229627294535e-34,4.413129933583112e-27
1.0056429871738844e-11,0.45223473083164145,3.76,0.0,0.5010555743366175,0.9999999998163249,2.4002335823527883e-20,3.3043617686791727e-15,2.73348096237171e-16,2.9682119494584603e-07,2.9682119599756105e-07,2.4152266422675662e-17,1.0278282275215914e-15,1.0020655157837571e-15,1.8156653344055732e-19,1.314180136981272e-22,1.836747745419227e-10,8.314103228999184e-18,8.016742389487219e-11,3.2283603927136346e-13,3.2119180873937567e-13,1.0319144105361774e-10,2.538266829931512e-17,4.659860948652227e-17,2.3384336309020948e-20,3.376727493114582e-16,6.926829758057505e-26,7.329033805926793e-28,8.094751471036734e-17,3.3518801409741446e-23,9.207387468600855e-36,1.2048897926346177e-17,3.465887061857892e-25,7.424907608493647e-30,3.501655504547287e-31,4.526570600640006e-36,4.576091140827533e-10,2.1189262140238963e-16,4.576063473935445e-10,1.2553216719090182e-23,5.995383419639378e-31,1.0813675738977287e-26,3.8122052110566933e-16,3.252114255244922e-33,2.6078353322015623e-34,8.84262828241642e-18,9.52182698579098e-35,7.520682439369589e-38,1.0179278396040688e-40,6.61737603380796e-35,3.350887038306134e-34,4.500186904859505e-27
1.3731340782906712e-11,0.45223474016974846,3.76,0.0,0.5010554656352467,0.9999999997492038,6.02651873104146e-20,6.151565769679114e-15,5.105350413754693e-16,4.0528821709598015e-07,4.052882190536629e-07,4.4708002578583555e-17,1.929724573406532e-15,1.865426936758844e-15,4.547182071502829e-19,3.353722057422662e-22,2.5079543324866124e-10,1.5478007767084978e-17,1.0938473101437934e-10,5.993054734322557e-13,5.976868392167261e-13,1.4082144106553254e-10,4.726086863325972e-17,8.675396826576167e-17,5.8565100602796e-20,4.684194402416671e-16,1.7343884641192656e-25,1.8387297952110427e-27,1.5054041646739323e-16,8.391717932556048e-23,3.039698272009523e-35,2.2419922184573447e-17,8.677536388911091e-25,2.4489674352706008e-29,8.766710278240805e-31,1.9164792013430077e-35,6.248323839758953e-10,3.94470518642483e-16,6.24827233370075e-10,3.153877986245685e-23,1.9718899272765143e-30,2.714000544617693e-26,7.097003501727429e-16,1.078025698237506e-32,8.604946743290485e-34,1.645859187851769e-17,3.1663298486620565e-34,3.2028960930459637e-37,4.3348867266841694e-40,2.1771996985723117e-34,8.432722070643232e-34,1.4846532942074207e-26
1.740625169407458e-11,0.4522347495078606,3.76,0.0,0.5010553569338987,0.9999999996820823,1.2110941344261377e-19,9.878465143338885e-15,8.224143602986384e-16,5.137552154352022e-07,5.137552185785643e-07,7.140074123844149e-17,3.124114899546884e-15,2.995481185410881e-15,9.11632605931915e-19,6.840999006955969e-22,3.179163989613768e-10,2.4855378090689853e-17,1.3856018654701462e-10,9.606352128902526e-13,9.59388929224491e-13,1.784090542359072e-10,7.590478258759753e-17,1.3931916729704592e-16,1.174149040188362e-19,6.041548604828517e-16,3.4764586961851737e-25,3.692416267683473e-27,2.415031262033248e-16,1.6818735872349542e-22,7.474349358798313e-35,3.598598397729153e-17,1.7392329524493123e-24,6.016702657507714e-29,1.7570333640522807e-30,5.660793244578762e-35,7.920554596888404e-10,6.334596627625228e-16,7.920471886135496e-10,6.330879283759256e-23,4.832105355979891e-30,5.442687952546735e-26,1.139670913249006e-15,2.6547128888250734e-32,2.1149232718951226e-33,2.6424846424194982e-17,7.868409743815978e-34,9.543542106780306e-37,1.2912909816148968e-39,5.337276337051873e-34,1.698800005080066e-33,3.648330153533068e-26
2.108116260524245e-11,0.452234758845978,3.76,0.0,0.5010552482325731,0.9999999996149606,2.1310556250891036e-19,1.4485058386701585e-14,1.2096665913890827e-15,6.222221899635143e-07,6.222221945721708e-07,1.0412962721131675e-16,4.617680333427594e-15,4.3921995683722675e-15,1.6003855280342104e-18,1.2211720535063693e-21,3.8503767134624106e-10,3.644623332590789e-17,1.6769385570045448e-10,1.406711320177176e-12,1.4061911725106197e-12,2.1595432901828775e-10,1.1131723648089937e-16,2.0429569075796815e-16,2.0612690384477154e-19,7.455675178835274e-16,6.10180188972818e-25,6.492564554549781e-27,3.537718780827266e-16,2.9516550597179274e-22,1.5502804935201752e-34,5.274259881613464e-17,3.052451702978924e-24,1.2469184175410824e-28,3.083565683058977e-30,1.3654577467098118e-34,9.59278341220994e-10,9.288601946968447e-16,9.592662131253392e-10,1.1119603206977001e-22,9.989035039488878e-30,9.550714674918408e-26,1.6711324853376703e-15,5.508860240148928e-32,4.384787380234311e-33,3.874003447086786e-17,1.648369451613344e-33,2.3233433278640556e-36,3.142543228887317e-39,1.1037724766193874e-33,2.9971349647753513e-33,7.562485667241745e-26
2.8430984427578187e-11,0.4522347775222288,3.76,0.0,0.5010550308299897,0.9999999994807156,5.152248426960739e-19,2.6337309282093586e-14,2.2128075670592482e-15,8.391560675877226e-07,8.391560759654604e-07,1.873305349319507e-16,8.527054200609511e-15,7.985518854803656e-15,3.8515942980226916e-18,3.034851007837077e-21,5.192811348932023e-10,6.626844011983353e-17,2.2583607662942673e-10,2.5526799448684348e-12,2.5546994382155444e-12,2.909180433230554e-10,2.024578748592277e-16,3.7148804539852706e-16,4.960937183614509e-19,1.0479711155667914e-15,1.4679568318687495e-24,1.567506905074114e-26,6.419916033677437e-16,7.0993823906065515e-22,4.862394940170621e-34,9.581085693218103e-17,7.342460123679941e-24,3.9044802908068455e-28,7.416692557722433e-30,5.482557055998241e-34,1.2937235217432897e-09,1.6888951987899629e-15,1.2937014699712508e-09,2.6764622393924394e-22,3.11216287606599e-29,2.294699187637098e-25,3.0385283343988545e-15,1.727202364213643e-31,1.3741869957213618e-32,7.041215169753648e-17,5.260276209004745e-33,9.497314305044612e-36,1.2836873526738208e-38,3.4417865517067394e-33,7.289502211890776e-33,2.369035160438063e-25
3.5780806249913925e-11,0.45223479619850043,3.76,0.0,0.5010548134274964,0.999999999346469,1.0203077249976727e-18,4.1708281594487004e-14,3.525399903986686e-15,1.0560898499692654e-06,1.0560898632334388e-06,2.9352917646266163e-16,1.371126458487731e-14,1.2645147233076442e-14,7.593737661075374e-18,6.1671152607422426e-21,6.535258212116246e-10,1.0494471891734856e-16,2.8381191618517717e-10,4.036297900793835e-12,4.0423544070104706e-12,3.6571297281827473e-10,3.2070438024457564e-16,5.883425720069226e-16,9.781185297339702e-19,1.3811327233681794e-15,2.893185526743948e-24,3.099972526166972e-26,1.0146901073877797e-15,1.398885776916788e-21,1.1757762980052478e-33,1.5158876162714224e-16,1.4469074436717364e-23,9.427241022563867e-28,1.461417393736509e-29,1.5906589253846072e-33,1.6281679255434903e-09,2.674575070174228e-15,1.6281330039450555e-09,5.275167098243185e-22,7.479655040004841e-29,4.5149103359040405e-25,4.811887240200135e-15,4.172586683092598e-31,3.320629617564572e-32,1.1146400485162432e-16,1.2883424583626122e-32,2.7932318837554774e-35,3.773844245331825e-38,8.27846834275962e-33,1.4530424535197783e-32,5.722146037264484e-25
4.313062807224966e-11,0.45223481487479317,3.76,0.0,0.5010545960250933,0.9999999992122207,1.7857877903274065e-18,6.059793350626319e-14,5.153160303570783e-15,1.2730235371088967e-06,1.2730235563760877e-06,4.2192735611429075e-16,2.0226410358061913e-14,1.8370833738276247e-14,1.3232432234486011e-17,1.1067341582349516e-20,7.87771727488317e-10,1.5247515753501253e-16,3.416219228998781e-10,5.8566056515121855e-12,5.8682555814996655e-12,4.403395261720268e-10,4.660786765392833e-16,8.5487136594244855e-16,1.7044656851804292e-18,1.7508281434844726e-15,5.0397779291106e-24,5.418440173347806e-26,1.4713332037915728e-15,2.43619718517312e-21,2.428964646359693e-33,2.2003857779250965e-16,2.5200491755908394e-23,1.944636333477777e-27,2.5451128390976136e-29,3.824237264792047e-33,1.9626115526230052e-09,3.885899130704242e-15,1.9625608150891505e-09,9.187566543384907e-22,1.5358979995287437e-28,7.849856716702337e-25,6.991208163368141e-15,8.609325449706835e-31,6.855421794893395e-32,1.6188408190479573e-16,2.68467246943174e-32,6.789843016701026e-35,9.171006519854949e-38,1.7012906763121095e-32,2.5618925668167154e-32,1.1807995684802952e-24
5.783027171692114e-11,0.45223485222744114,3.76,0.0,0.5010541612205571,0.9999999989437195,4.330142355409268e-18,1.0893309795612831e-13,9.376318731314039e-15,1.7068906256655588e-06,1.7068906602857416e-06,7.42437886571599e-16,3.7466542765577954e-14,3.3019400135717935e-14,3.177707709501972e-17,2.828192206366088e-20,1.0562671890291354e-09,2.7409881566518435e-16,4.567465586973201e-10,1.0503577215948486e-11,1.0531311643067447e-11,5.890890878552023e-10,8.382887325814908e-16,1.536998509880078e-15,4.093457958212271e-18,2.6221389258576305e-15,1.2094017924853994e-23,1.3100234385783778e-25,2.634395022302025e-15,5.842867801618725e-21,7.862103069488471e-33,3.948080332312779e-16,6.045172814551013e-23,6.27066553209345e-27,6.104186681987323e-29,1.6824766723117502e-32,2.631496476628871e-09,6.985476191323023e-15,2.6314052690695276e-09,2.2033362612405255e-21,4.895674353009926e-28,1.8753626131524538e-24,1.2567730236584894e-14,2.776300797050447e-30,2.215403421738073e-31,2.9078417453083385e-16,8.770384889492956e-32,3.043448684538533e-34,4.110368456416027e-37,5.434068417636491e-32,6.338629591955247e-32,3.811270627103801e-24
7.252991536159261e-11,0.452234889580172,3.76,0.0,0.5010537264163808,0.9999999986752116,8.61429775882302e-18,1.7134246145704292e-13,1.492628441708207e-14,2.1407573332635e-06,2.1407573876947466e-06,1.1432075263266092e-15,6.067883599370044e-14,5.192926987733454e-14,6.262490515553549e-17,5.904089560673711e-20,1.324767497881332e-09,4.3114004755869804e-16,5.712141979819554e-10,1.648621551991279e-11,1.6536942516542353e-11,7.371698756008197e-10,1.3192408172834474e-15,2.417962672891296e-15,8.067715747360469e-18,3.706251816825884e-15,2.3818159568936157e-23,2.598811131400458e-25,4.127090519223638e-15,1.1500276391688722e-20,1.9446524017155536e-32,6.198293179786752e-16,1.1900841217126577e-22,1.5456390806630345e-26,1.2014861570837153e-28,5.16950292458392e-32,3.3003782937756185e-09,1.0987620021777977e-14,3.3002348322590452e-09,4.3359567244764174e-21,1.193924083561858e-27,3.676759630055327e-24,1.9768084509713735e-14,6.842218561004597e-30,5.472204699442816e-31,4.5702348505807825e-16,2.1786362789195586e-31,9.451767281304205e-34,1.2764461357752086e-36,1.3279939932591295e-31,1.2919001699999274e-31,9.40263117152949e-24
8.722955900626409e-11,0.4522349269329851,3.76,0.0,0.5010532916125641,0.9999999984066972,1.511668733823464e-17,2.478256846960885e-13,2.184656695161946e-14,2.5746236599081305e-06,2.574623738603433e-06,1.6189837070810218e-15,9.028954415025401e-14,7.509850819613207e-14,1.0889288162293895e-16,1.0832605437214517e-19,1.5932726326711177e-09,6.235994784322012e-16,6.850290009726069e-10,2.3797230046697943e-11,2.3878306310789712e-11,8.845850020254452e-10,1.9090750285199088e-15,3.497856249712757e-15,1.402909054382141e-17,5.046938820378355e-15,4.138891801622316e-23,4.548105479419016e-25,5.945397621417163e-15,1.9971840629444108e-20,4.0621489743905587e-32,8.948162175123988e-16,2.0671650682962448e-22,3.2179701688482247e-26,2.086600478574282e-28,1.2803462611014392e-31,3.969257004077964e-09,1.5892324281400143e-14,3.969049505002487e-09,7.52836709169764e-21,2.4604966600128393e-27,6.360455272786973e-24,2.859226095936723e-14,1.4242118815480112e-29,1.1417346928840358e-30,6.605138512037409e-16,4.562177485055483e-31,2.3589849748936805e-33,3.1854929154523684e-36,2.742917659580071e-31,2.333522824469785e-31,1.9592573247109154e-23
9.999999999999999e-11,0.45223496428588,3.76,0.0,0.5010529138733253,0.9999999981734173,2.2949801854697956e-17,3.2569533048767703e-13,2.900456088514262e-14,2.9515484284177125e-06,2.9515485318036657e-06,2.089406315525129e-15,1.2153678879033806e-13,9.868302422566112e-14,1.640220199414271e-16,1.7056547995735664e-19,1.8265426633009232e-09,8.195514583116373e-16,7.833798494523628e-10,3.1221423175863055e-11,3.133518346608157e-11,1.0121152049327383e-09,2.5099834662114545e-15,4.597575483394382e-15,2.1132700287111274e-17,6.453668853649247e-15,6.231028099954413e-23,6.888877566734327e-25,7.786293050846649e-15,3.0050447757890623e-20,7.011534241847449e-32,1.174052456515461e-15,3.1108989226178236e-22,5.538636664794279e-26,3.1396663144389333e-28,2.5064964488830977e-31,4.550348575840392e-09,2.0885976502265295e-14,4.550075878506109e-09,1.1325189870724955e-20,4.1979506624808095e-27,9.538082982506168e-24,3.75764694815126e-14,2.4507412826336253e-29,1.9689330675253404e-30,8.674681681812058e-16,7.886784666089268e-31,4.6442244286608716e-33,6.270825599671429e-36,4.689789429930133e-31,3.6491848988494914e-31,3.3746503231359985e-23
1.0192920265093556e-10,0.45223496428588,3.76,0.0,0.5010528568091064,0.9999999981381759,2.4331304396889305e-17,3.3838242877382727e-13,3.0180432299564825e-14,3.008489605604507e-06,3.0084897130121273e-06,2.164872865618132e-15,1.267222173820126e-13,1.0252518266278894e-13,1.736936249561025e-16,1.8178501059041668e-19,1.8617825721638226e-09,8.514777305616421e-16,7.98195097740658e-10,3.242937744907828e-11,3.2548605471336576e-11,1.0313375628733719e-09,2.6079200179921928e-15,4.7767713729441735e-15,2.2378969797860618e-17,6.687643708303473e-15,6.597941951619031e-23,7.301083803627687e-25,8.085336092748389e-15,3.181727599480975e-20,7.565475687484707e-32,1.2194845849500884e-15,3.293893976776146e-22,5.973792464391411e-26,3.324278074362482e-28,2.7499905370492733e-31,4.6381326075505815e-09,2.1699582644467488e-14,4.637849287644213e-09,1.1990689162557197e-20,4.522112517745082e-27,1.009384442422219e-23,3.9040249585236225e-14,2.6432007218647365e-29,2.1242255522977332e-30,9.011673869961645e-16,8.511557184482203e-31,5.0991021880939215e-33,6.884931546776419e-36,5.053520478374993e-31,3.886743197234923e-31,3.640165222576724e-23
1.313284899402785e-10,0.45223503899191264,3.76,0.0,0.5010519872032665,0.9999999976011136,5.298008189527728e-17,5.617151232825091e-13,5.126078037294813e-14,3.876220354170679e-06,3.876220532330819e-06,3.4495039278633077e-15,2.217338752947694e-13,1.701431076049834e-13,3.713443490668859e-16,4.2827313751900964e-19,2.3988167810335894e-09,1.4134931739396953e-15,1.0225975338982982e-09,5.362833926629485e-11,5.3849047018670913e-11,1.322867288864929e-09,4.333090256868563e-15,7.932033912332121e-15,4.7850470373225026e-17,1.1041134926526712e-14,1.4090341102782222e-22,1.5813880227919916e-24,1.3314422354413402e-14,6.784958498860486e-20,2.099913701591785e-31,2.0167400329472093e-15,7.027268426659077e-22,1.64650643044553e-25,7.089563281094682e-28,9.817241493691402e-31,5.975874494065199e-09,3.602173640997864e-14,5.975404184000495e-09,2.555682648986879e-20,1.2197954542471624e-26,2.1356267824467182e-23,6.480762340971383e-14,7.280531965799276e-29,5.885620422067539e-30,1.4936134221343853e-15,2.368913830617661e-30,1.843887623357826e-32,2.489197801856522e-35,1.3715282552266296e-30,9.27996395747225e-31,1.0051159429367969e-22
1.6072777722962146e-10,0.45223511369826536,3.76,0.0,0.5010511175988578,0.9999999970640245,9.881870490389434e-17,8.413378323359249e-13,7.850986258344648e-14,4.7439495789968134e-06,4.743949845653381e-06,4.9637422752236705e-15,3.490610313045063e-13,2.547675840283237e-13,6.804682043992059e-16,8.56543184249882e-19,2.9358699567440946e-09,2.1171913115362042e-15,1.244454075026968e-09,8.00258756710203e-11,8.038456507713302e-11,1.6117835725023752e-09,6.495596071715269e-15,1.1884484469252066e-14,8.769381861055434e-17,1.710909263716747e-14,2.579522949742833e-22,2.9348895588982135e-24,1.9783199897344603e-14,1.2401817495656965e-19,4.729477272124613e-31,3.009354839994168e-15,1.2850627143523656e-21,3.683789266729509e-25,1.2960131392919078e-27,2.672734434731625e-30,7.313603953436664e-09,5.3954030761178975e-14,7.31289952408419e-09,4.668951214245183e-20,2.673911919816411e-26,3.873747318604462e-23,9.707012602855761e-14,1.6278227611959243e-28,1.3239947751318815e-29,2.2336616939752947e-15,5.346834781809794e-30,5.074516558598247e-32,6.849202514052384e-35,3.0270564861596144e-30,1.934982576761644e-30,2.252611086249156e-22
1.901270645189644e-10,0.45223518840493343,3.76,0.0,0.5010502479958767,0.9999999965269086,1.663443232795303e-16,1.1772478429003559e-12,1.1226714829141923e-13,5.611677280113703e-06,5.611677652982358e-06,6.678356196337413e-15,5.120161946948381e-13,3.56383160340633e-13,1.1259317527380905e-15,1.5348271408340598e-18,3.472941933340717e-09,2.962577036299533e-15,1.4637968962740418e-09,1.1156536839446732e-10,1.1210202821934328e-10,1.8981107211472847e-09,9.096150805425122e-15,1.6634854408504114e-14,1.4511881421638568e-16,2.5229568698061203e-14,4.26476085859259e-22,4.917007988201877e-24,2.7461083448750406e-14,2.0469636738726563e-19,9.282423529032684e-31,4.195115158113404e-15,2.1220513465260124e-21,7.184147760707076e-25,2.1394510221080148e-27,6.111324670546806e-30,8.65132098578217e-09,7.549641514606404e-14,8.650335310651991e-09,7.702246883109684e-20,5.1131077494818063e-26,6.3460445399873e-23,1.3582767745803172e-13,3.1724593172950717e-28,2.596899735080735e-29,3.120615303783624e-15,1.0514348639331242e-29,1.1718989879659809e-31,1.5814331073137258e-34,5.832401730402185e-30,3.700050365794501e-30,4.400243122954478e-22
2.1952635180830736e-10,0.45223526311191253,3.76,0.0,0.5010493783943203,0.9999999959897657,2.6030045800375146e-16,1.5694424419320812e-12,1.5286885627737184e-13,6.479403457548431e-06,6.479403954320288e-06,8.567936333777652e-15,7.138752048232648e-13,4.749743981049246e-13,1.7325698632365615e-15,2.541970009372943e-18,4.010032546760221e-09,3.949655197077206e-15,1.6806577590615237e-09,1.481908399958384e-10,1.4894890739803516e-10,2.1818728172180404e-09,1.2135346663976461e-14,2.218387196988246e-14,2.2333255606474835e-16,3.573607544704122e-14,6.5582170404742285e-22,7.659599044856192e-24,3.631807501914462e-14,3.1420725377177068e-19,1.653634969644953e-30,5.5718355086572375e-15,3.2589450924910506e-21,1.271878568931933e-24,3.2847019196651004e-27,1.2386520576153572e-29,9.98902559121894e-09,1.0064883901315043e-13,9.987711546460613e-09,1.181669227633007e-19,8.879512571071283e-26,9.669799445165884e-23,1.8108019767319027e-13,5.61265765986546e-28,4.625696171519406e-29,4.153780637301919e-15,1.8764720583094784e-29,2.3980346756434276e-31,3.235397683406903e-34,1.0214416204585124e-29,6.661034504170397e-30,7.80263380237492e-22
2.489256390976503e-10,0.45223533781919817,3.76,0.0,0.501048508794185,0.9999999954525957,3.8567314759650164e-16,2.017918916526038e-12,2.0064797603232544e-13,7.347128111324869e-06,7.3471287496697036e-06,1.0610381398026375e-14,9.578775377380103e-13,6.105258732402906e-13,2.5251837829813253e-15,3.967362297193369e-18,4.5471416348142e-09,5.07843059871576e-15,1.895068015633656e-09,1.8984694828143178e-10,1.9087327067036728e-10,2.4630937192175207e-09,1.5613671414474008e-14,2.853226221528964e-14,3.2553914715056486e-16,4.8957631239722754e-14,9.553449715122937e-22,1.1299996131775221e-23,4.632475369304858e-14,4.568242028423936e-19,2.741136852136949e-30,7.137358472969813e-15,4.740607345139737e-21,2.0953879062529883e-24,4.776818778980394e-27,2.2968917464365832e-29,1.1326717769864224e-08,1.2941125181065097e-13,1.1325028234266653e-08,1.7171185372910347e-19,1.4353251881334178e-25,1.3957590223903573e-22,2.3282760660629554e-13,9.240212261858327e-28,7.670519604855333e-29,5.3324673923670735e-15,3.115793220841567e-29,4.48860919417815e-31,6.054715761268237e-34,1.6665599738712293e-29,1.1453501888659219e-29,1.287490636938678e-21
3.077242136763362e-10,0.4522354872346715,3.76,0.0,0.501046769598166,0.9999999943781732,7.517311816172834e-16,3.083706641576359e-12,3.1905551488656525e-13,9.082572847986337e-06,9.0825738224131e-06,1.5077853176587036e-14,1.5851025675519873e-12,9.324479073598283e-13,4.7673851923192996e-15,8.47977306278978e-18,5.6214145947059135e-09,7.761092141226318e-15,2.316660239320255e-09,2.880326315229617e-10,2.8974947131672794e-10,3.0180063394397008e-09,2.3889270137090396e-14,4.3630046062711574e-14,6.14732841171556e-16,8.484127773679389e-14,1.8024837021913155e-21,2.184974736499698e-23,6.967212052653416e-14,8.582412686545804e-19,6.43940474345109e-30,1.0826311492021785e-14,8.915976916381697e-21,4.862928041484254e-24,8.980470187129508e-27,6.514120514464821e-29,1.4002064847249559e-08,1.9776584199076652e-13,1.3999482976896642e-08,3.2225688345810695e-19,3.208658609682676e-25,2.5855676373409783e-22,3.5580677016342213e-13,2.1413062416478234e-27,1.805961681990929e-28,8.123659402369124e-15,7.342086010957281e-29,1.2970458729502778e-30,1.748831283565422e-33,3.8060684695910234e-29,3.0462468354110453e-29,2.9972529859062083e-21
3.6064293079715347e-10,0.45223562170960213,3.76,0.0,0.5010452043265775,0.9999999934110986,1.2434082565436619e-15,4.235372395852842e-12,4.534462879322553e-13,1.0644467900259426e-05,1.064446923742674e-05,1.9451552380867138e-14,2.3255216610534054e-12,1.2800273037032692e-12,7.669535932197062e-15,1.507822706903144e-17,6.5883218514838016e-09,1.066013943404559e-14,2.6880187042950997e-09,3.9306176562331506e-10,3.955937535658289e-10,3.5089717592807285e-09,3.284239690416875e-14,5.995911635410723e-14,9.891450232359948e-16,1.2963480917191893e-13,2.899386606914835e-21,3.590481061060818e-23,9.433270844932243e-14,1.3746387677943294e-18,1.2223874376078286e-29,1.4770978834914728e-14,1.4295730595183613e-20,9.132470591171103e-24,1.4396313638901144e-26,1.4214600132245825e-28,1.6409834718446513e-08,2.716306281639609e-13,1.640628861874611e-08,5.15663288663416e-19,5.829877316133037e-25,4.0906303211134285e-22,4.886997327261825e-13,4.01580705025502e-27,3.440239003771786e-28,1.1126556036966113e-14,1.3971001786396863e-28,2.8766200028480723e-30,3.877083608213972e-33,7.068872683666524e-29,6.640316216912882e-29,5.644132989819636e-21
4.1356164791797076e-10,0.4522357561854589,3.76,0.0,0.5010436390595451,0.9999999924439336,1.9250730808062432e-15,5.569349242786198e-12,6.161289533567245e-13,1.2206358016145096e-05,1.2206359773076735e-05,2.4085819793209088e-14,3.251273743092639e-12,1.682318639966708e-12,1.1558444862021488e-14,2.4894411745590277e-17,7.555286525757998e-09,1.4018358587170546e-14,3.051906951035926e-09,5.135572756296112e-10,5.171075627560648e-10,3.992064902813182e-09,4.3222479701734316e-14,7.888928743984375e-14,1.4909863493001292e-15,1.881454560890583e-13,4.3708203351006475e-21,5.525908532622457e-23,1.2228564089442542e-13,2.062590344682717e-18,2.128226406349793e-29,1.929503835633769e-14,2.1474260053275917e-20,1.5731727378238287e-23,2.162534317786529e-26,2.7877979841972e-28,1.8817564328664156e-08,3.5719099230424216e-13,1.8812901367931574e-08,7.729884929993685e-19,9.721264080716264e-25,6.064836391116488e-22,6.426348877114841e-13,6.907817663989598e-27,6.018741581426237e-28,1.459035379136984e-14,2.4373953039506197e-28,5.732027663933424e-30,7.722512041829015e-33,1.2078766749470816e-28,1.338898051719053e-28,9.748680929614837e-21
4.66480365038788e-10,0.4522358906622179,3.76,0.0,0.5010420737970509,0.999999991476677,2.8341551845305958e-15,7.0856213659769804e-12,8.089347689416734e-13,1.3768243195711366e-05,1.3768245429377658e-05,2.892504980875072e-14,4.380007402687555e-12,2.1392324725836348e-12,1.6577557931386915e-14,3.882382081994044e-17,8.522307735749615e-09,1.7835776118670062e-14,3.4084939066775467e-09,6.492181248304428e-10,6.540084445127873e-10,4.4674171883160765e-09,5.503008727717867e-14,1.0042467483611123e-13,2.138833403750025e-15,2.6213850684551383e-13,6.273160383021712e-21,8.092023882971545e-23,1.533786623625721e-13,2.945326252738116e-18,3.469569983406854e-29,2.4386862747961466e-14,3.0701138321879395e-20,2.5378210840356848e-23,3.0924263389431866e-26,5.040485973901065e-28,2.1225253678587486e-08,4.5444663960910743e-13,2.1219321240524845e-08,1.1027419584709583e-18,1.5188585658861727e-24,8.560452823001969e-22,8.176117667648793e-13,1.1127120323427187e-26,9.872504898450555e-28,1.8511142862575092e-14,3.9802955165699572e-28,1.052601446287566e-29,1.417551999337512e-32,1.938245051194264e-28,2.5265895454516046e-28,1.5767663198299415e-20
5.193990821596053e-10,0.45223602513985495,3.76,0.0,0.5010405085390776,0.9999999905093285,4.010386828618835e-15,8.784172950438874e-12,1.0336646215517978e-12,1.533012343901508e-05,1.5330126206344028e-05,3.392511345681829e-14,5.7290309419693764e-12,2.650679502642454e-12,2.2869981148671527e-14,5.786863280772762e-17,9.48938461720346e-09,2.2112418135650344e-14,3.757944715391833e-09,7.997492131152115e-10,8.060195234667968e-10,4.935157901406262e-09,6.82654444384308e-14,1.2456936195675727e-13,2.951230958836617e-15,3.533373095062118e-13,8.663731220882323e-21,1.1396026020997707e-22,1.8746467682429377e-13,4.045616740275036e-18,5.371359147333573e-29,3.003508425757993e-14,4.222300855131766e-20,3.8881043759165943e-23,4.255096792417013e-26,8.548228677068514e-28,2.3632902768901784e-08,5.633972752821333e-13,2.362554825259651e-08,1.5132271069110216e-18,2.2549848256070728e-24,1.162683530399798e-21,1.0136299011584001e-12,1.7021392237529923e-26,1.5396631877514618e-27,2.2885046033707657e-14,6.170177626326649e-28,1.8124682902286032e-29,2.4398663218696672e-32,2.961574156869388e-28,4.505910835081008e-28,2.4219052328060422e-20
5.723177992804226e-10,0.45223615961834723,3.76,0.0,0.5010389432856079,0.999999989541887,5.495778583301251e-15,1.0664988182602581e-11,1.2920894059283165e-12,1.689199874610397e-05,1.6892002103990295e-05,3.9051212584399857e-14,7.31531701023216e-12,3.216570576475868e-12,3.0578479219750575e-14,8.313804506590953e-17,1.0456516323144944e-08,2.6848310339893868e-14,4.10042079986119e-09,9.648612943296857e-10,9.72869425409403e-10,5.395414216026024e-09,8.292850133531375e-14,1.5132740011596698e-13,3.946691728024938e-15,4.634238700238532e-13,1.160096842848982e-20,1.5551861737029315e-22,2.2440162607336137e-13,5.38577946464053e-18,7.976015690999003e-29,3.622859050010789e-14,5.62837674080025e-20,5.714050092355491e-23,5.676603855143508e-26,1.3766394106301749e-27,2.6040511600292598e-08,6.840426045326125e-13,2.6031582420215924e-08,2.0125446659617052e-18,3.213223950132611e-24,1.5310730066848718e-21,1.230688821797473e-12,2.4975561754633373e-26,2.3057511958628382e-27,2.7708218589548986e-14,9.170998221594906e-28,2.9626633453302423e-29,3.9865172552301404e-32,4.351254873242645e-28,7.655727291600224e-28,3.568221862293308e-20
6.252365164012399e-10,0.4522362940976718,3.76,0.0,0.5010373780366253,0.9999999885743519,7.334589221235083e-15,1.2728051250324452e-11,1.5859504781427154e-12,1.8453869117018433e-05,1.8453873122330876e-05,4.427604580309557e-14,9.155508080222012e-12,3.8368166859536265e-12,3.9845474922295607e-14,1.1584836644992247e-16,1.142370202359365e-08,3.2043478034523803e-14,4.43607993209002e-09,1.144270878935109e-09,1.1542921856471246e-09,5.848311220725429e-09,9.901899252027408e-14,1.8070280862121234e-13,5.1436962176123005e-15,5.940395547238889e-13,1.514457428314088e-20,2.0680563571822121e-22,2.640523556136527e-13,6.987688043677757e-18,1.1444112682421869e-28,4.295651962771282e-14,7.312475228023744e-20,8.114739048225404e-23,7.38343912962789e-26,2.1244797548738472e-27,2.8448080173445792e-08,8.163823325754716e-13,2.8437423759451244e-08,2.608596526981797e-18,4.426944661281018e-24,1.9656566457618472e-21,1.4687880592292632e-12,3.541107061318933e-26,3.340080384042324e-27,3.297684815487679e-14,1.3166616677770944e-27,4.6393036005072214e-29,6.239857535990466e-32,6.191409416661902e-28,1.2475132858712348e-27,5.0797983316145725e-20
7.310739506428745e-10,0.4522365630587288,3.76,0.0,0.5010342475520554,0.9999999866389971,1.2260536680406117e-14,1.7400857650999646e-11,2.2868022614060484e-12,2.1577595050457002e-05,2.157760052115233e-05,5.49419628266692e-14,1.3662560548277761e-11,5.240018706015525e-12,6.362294327596817e-14,2.0899130851880107e-16,1.3358232171168136e-08,4.3811739158378204e-14,5.087560632350958e-09,1.5448767398378804e-09,1.5598188643098337e-09,6.7325174112961065e-09,1.3548040185244675e-13,2.4732165503638437e-13,8.216097300389763e-15,9.232251926995393e-13,2.4296825415036387e-20,3.4378178887378715e-22,3.5097022810689023e-13,1.1062072421477e-17,2.1707616065981596e-28,5.797342057159129e-14,1.1610099727941814e-19,1.5081485937084628e-22,1.17622588394099e-25,4.569491087079013e-27,3.326309654778409e-08,1.1161438059265842e-12,3.3248528017036186e-08,4.121541344675466e-18,7.756324747752973e-24,3.0501730525723337e-21,2.008105604922336e-12,6.558970363622377e-26,6.476466058909055e-27,4.4835389044163625e-14,2.4978292243316205e-27,1.0264959089671458e-28,1.3793822433602074e-31,1.1618514200240149e-27,2.9844243798075915e-27,9.485714679096357e-20
8.369113848845091e-10,0.4522368320228528,3.76,0.0,0.5010311170852402,0.9999999847032577,1.918591839352077e-14,2.28024656838498e-11,3.1495798701786626e-12,2.4701301239558098e-05,2.4701308402922584e-05,6.580198350535613e-14,1.937696109751619e-11,6.8595764023698245e-12,9.533494611315747e-14,3.4916235980384733e-16,1.5292968747633783e-08,5.741739624709048e-14,5.713578960548123e-09,1.9994098216521136e-09,2.0205760889240045e-09,7.588736670101719e-09,1.7764491655345356e-13,3.244574231795995e-13,1.2315633859823442e-14,1.353242509843115e-12,3.662857777358344e-20,5.361244227224732e-22,4.472137418715476e-13,1.64352386908392e-17,3.7835624506590107e-28,7.500369947088216e-14,1.7303804847253597e-19,2.575916212927708e-22,1.7618954625308163e-25,8.845360916460676e-27,3.8077951897408815e-08,1.4626793371692839e-12,3.805886115387248e-08,6.111461730824877e-18,1.2515206631712058e-23,4.448133801474656e-21,2.631578775800338e-12,1.116282458112289e-25,1.1577749745153596e-26,5.843080695273574e-14,4.348113489845731e-27,2.041688898856945e-28,2.740968063726614e-31,2.0164451003734328e-27,6.382681707016264e-27,1.627476550476103e-19
9.427488191261436e-10,0.4522371009898774,3.76,0.0,0.5010279866360566,0.9999999827671278,2.854205448852043e-14,2.8932748903036174e-11,4.187204985429226e-12,2.782498768450655e-05,2.7824996767755032e-05,7.677800135629693e-14,2.6420609588509347e-11,8.694782929641112e-12,1.3610860766930349e-13,5.49924794725792e-16,1.7227905691236682e-08,7.286063816130378e-14,6.31527379973992e-09,2.5057979963992468e-09,2.5346201099320673e-09,8.417897916899922e-09,2.255067981026233e-13,4.1214113724134334e-13,1.7588991608423592e-14,1.8958417862382325e-12,5.267664440449096e-20,7.964490984717454e-22,5.518475662906387e-13,2.3267174075766533e-17,6.183977575551746e-28,9.39689256806351e-14,2.457926583012144e-19,4.1258598036324072e-22,2.520005852578996e-25,1.5803421248622962e-26,4.289264622781612e-08,1.8559865682294302e-12,4.286842329846231e-08,8.63485655835866e-18,1.8974236758336036e-23,6.189341365918636e-21,3.339203804296274e-12,1.7812864442237673e-25,1.9461807941265802e-26,7.373374052715889e-14,7.08791445453824e-27,3.744008106284574e-28,5.021361463601117e-31,3.297966133509135e-27,1.2501336395859684e-26,2.617949919642454e-19
9.999999999999999e-10,0.45223736995964275,3.76,0.0,0.5010262932735855,0.9999999817196422,3.477862959234348e-14,3.255248159854031e-11,4.8257936140037455e-12,2.951469103022883e-05,2.951470124669138e-05,8.274599369415648e-14,3.0826324257659597e-11,9.777138316062057e-12,1.623373474954676e-13,6.890925475982116e-16,1.8274662403265244e-08,8.198034994024172e-14,6.631000345135335e-09,2.8006269908682432e-09,2.834230889824253e-09,8.855461701140764e-09,2.5376925089061105e-13,4.639792306909315e-13,2.0982372919792045e-14,2.240241942148513e-12,6.310581228650957e-20,9.705258626029067e-22,6.116347873711015e-13,2.7625316564889432e-17,7.893070326253049e-28,1.0500772511436298e-13,2.9238803267938543e-19,5.208769641556453e-22,3.011457991878258e-25,2.1052051030424535e-26,4.549701618025222e-08,2.0882325919327888e-12,4.546976289473046e-08,1.0241262330360458e-17,2.3271171061628852e-23,7.284298919604144e-21,3.757053889049905e-12,2.2441227379089014e-25,2.5244888155666245e-26,8.271306968960907e-14,9.028726841742056e-27,5.056078924564788e-28,6.777338304736177e-31,4.21758035865609e-27,1.7446751368419783e-26,3.3124709324204237e-19
1.0485862533677782e-09,0.45223736995964275,3.76,0.0,0.5010248562043855,0.9999999808306014,4.079275559123735e-14,3.579158088536392e-11,5.412177663214003e-12,3.094865438545628e-05,3.094866561576227e-05,8.782267225642027e-14,3.4910729850940354e-11,1.074493374590536e-11,1.8706564612937404e-13,8.265294689693701e-16,1.9163037180521398e-08,9.014164812227492e-14,6.893733207035972e-09,3.0620505026299756e-09,3.100083625639233e-09,9.220899827391555e-09,2.790596952161542e-13,5.104033324693939e-13,2.418234629714294e-14,2.5622003233809914e-12,7.300964330571785e-20,1.1388940053774202e-21,6.640013669602131e-13,3.1711679250061733e-17,9.609776901506641e-28,1.1479415913159035e-13,3.3619670055575763e-19,6.282873359486025e-22,3.4778094551499248e-25,2.650910091340733e-26,4.770717954450587e-08,2.2960631411255447e-12,4.767721457928924e-08,1.1745456957907828e-17,2.740037414008228e-23,8.302050448019185e-21,4.1309769179947e-12,2.7019877214892115e-25,3.1173486369730023e-26,9.07153196859785e-14,1.0970361428685216e-26,6.439484515987316e-28,8.627596464782124e-31,5.146810580682429e-27,2.2816309195505647e-26,4.002928199555674e-19
1.1544236876094128e-09,0.4522376389319949,3.76,0.0,0.5010217257901131,0.9999999788936729,5.643332113829104e-14,4.337883523021037e-11,6.836590902062013e-12,3.407230134253572e-05,3.4072314947056175e-05,9.891393332106077e-14,4.496004273129986e-11,1.3009326604412199e-11,2.493223956373771e-13,1.1959064210152285e-15,2.1098357625334325e-08,1.0926060392275826e-13,7.449996547555211e-09,3.666254888003991e-09,3.715172906530131e-09,9.998611746667706e-09,3.3829680382052036e-13,6.192740631038479e-13,3.2241367297454945e-14,3.362944462788606e-12,9.823034007423191e-20,1.579270157106496e-21,7.828661376933006e-13,4.1916626975611026e-17,1.4338477341734867e-27,1.3740780450243688e-13,4.460609754547807e-19,9.18553770249621e-22,4.665864031181679e-25,4.2257683035677865e-26,5.25215518529815e-08,2.7829066979691092e-12,5.2485235124818426e-08,1.5494343936163357e-17,3.8055833165139135e-23,1.08133698092158e-20,5.006894339876905e-12,3.9343047984966684e-25,4.80264398850661e-26,1.0934715765259048e-13,1.6280990237649463e-26,1.0515028456532917e-27,1.4073025270164025e-30,7.730846902140422e-27,3.930008940500031e-26,5.874981606249577e-19
1.2602611218510474e-09,0.4522379079067865,3.76,0.0,0.5010185953931294,0.9999999769563364,7.598959056595207e-14,5.169438555957382e-11,8.472144523400713e-12,3.719592855586168e-05,3.719594476174789e-05,1.1004063906923175e-13,5.667693171136077e-11,1.548726155082173e-11,3.239898155278696e-13,1.6766599555354097e-15,2.3033861658208275e-08,1.3021767812882593e-13,7.98505654970177e-09,4.316574081054712e-09,4.378165040665841e-09,1.0751874552909872e-08,4.0321131682869164e-13,7.387829090238199e-13,4.191121917301785e-14,4.308170709970191e-12,1.2897802938618935e-19,2.135218713663026e-21,9.076906265356188e-13,5.402421110337428e-17,2.0690865237674402e-27,1.617414708007306e-13,5.771789651883284e-19,1.2986026363984385e-21,6.1187661860660295e-25,6.459090527588513e-26,5.733576315874975e-08,3.316514880964242e-12,5.729248506349677e-08,1.993006157471122e-17,5.11960191467145e-23,1.3749685061276554e-20,5.966952288556431e-12,5.538784184069762e-25,7.164870975936787e-26,1.2960134390768665e-13,2.3337460051647617e-26,1.6448015669503027e-27,2.198946099680793e-30,1.1247401689068674e-26,6.450314406612805e-26,8.33628573409711e-19
1.366098556092682e-09,0.452238176883876,3.76,0.0,0.5010154650133284,0.9999999750185867,1.0001691482282552e-13,6.073810551811913e-11,1.0330160193773884e-11,4.031953602555489e-05,4.031955505994789e-05,1.2118667053048457e-13,7.016562202049974e-11,1.817804091948443e-11,4.121735020015331e-13,2.289062795748328e-15,2.4969544125046767e-08,1.5301303829812204e-13,8.499861524346096e-09,5.011243225057067e-09,5.087404955321357e-09,1.1481501594324568e-08,4.737969222490779e-13,8.689589830400608e-13,5.33365634873998e-14,5.4074685712844095e-12,1.6593111154329113e-19,2.8263780448775438e-21,1.0377774884247364e-12,6.817121544602995e-17,2.9034896592859798e-27,1.8772981973655982e-13,7.313308970318053e-19,1.7849999614019472e-21,7.875928245015835e-25,9.53147874965458e-26,6.214981346732051e-08,3.896885332407321e-12,6.20989645237531e-08,2.5098739078340536e-17,6.706712057962999e-23,1.7137122687602953e-20,7.011146978532714e-12,7.580371769706918e-25,1.0403270848415842e-25,1.514504364457198e-13,3.24892655955644e-26,2.4816472054038257e-27,3.314002959639651e-30,1.592506188895614e-26,1.0163858190074195e-25,1.149858800043671e-18
1.4719359903343165e-09,0.4522384458631267,3.76,0.0,0.5010123346506079,0.9999999730804185,1.2909907237140664e-13,7.050986877306051e-11,1.242159705655266e-11,4.3443123751736896e-05,4.344314584176594e-05,1.3233402361369884e-13,8.552636576056776e-11,2.1080969321650096e-11,5.149737189028303e-13,3.055044960084872e-15,2.6905400075515373e-08,1.7764684720552154e-13,8.995317619280451e-09,5.748566412558816e-09,5.841302346244192e-09,1.2188279688995675e-08,5.500476833521746e-13,1.0098309404167492e-12,6.666156402836345e-14,6.669944076284889e-12,2.0980901942873777e-19,3.674560290758941e-21,1.17247951966855e-12,8.448928726924623e-17,3.9789900543083654e-27,2.1531041157954657e-13,9.10287340511144e-19,2.39565025040336e-21,9.982388853518262e-25,1.3651471892041585e-25,6.696370278420651e-08,4.524015694687389e-12,6.69046736339983e-08,3.104421578097867e-17,8.590618447953819e-23,2.1001865581683472e-20,8.13947462044797e-12,1.0128181687278003e-24,1.4758992534160975e-25,1.748674525800124e-13,4.411708706716695e-26,3.630914029617101e-27,4.8431721257661945e-30,2.202496496246803e-26,1.5466786859132868e-25,1.5483143818153459e-18
1.5777734245759511e-09,0.4522387148444082,3.76,0.0,0.5010092043048697,0.999999971141827,1.6384732891537065e-13,8.100954901394989e-11,1.475706509943214e-11,4.656669173451263e-05,4.6566717107311176e-05,1.4348105746864108e-13,1.0285559927155011e-10,2.4195353629980293e-11,6.334854369655815e-13,3.998180681257634e-15,2.884142475489789e-08,2.0411926303509394e-13,9.472290691886475e-09,6.526913917689868e-09,6.63832907602363e-09,1.2872970009679445e-08,6.319574288215967e-13,1.1614269886648645e-12,8.202989375278588e-14,8.104239715443447e-12,2.613727854591412e-19,4.703930593964543e-21,1.3111967017503665e-12,1.031051648759933e-16,5.343105691096945e-27,2.444235769935326e-13,1.1158113868187567e-18,3.1497929440023617e-21,1.2489619255481953e-24,1.905649734611014e-25,7.177743111492324e-08,5.197903610287151e-12,7.170961252262591e-08,3.7808146961345497e-17,1.0794376831644929e-22,2.537019995441772e-20,9.351931421299556e-12,1.3255305710949931e-24,2.052095944185238e-25,1.9982586006044016e-13,5.863164734327056e-26,5.1734334012405495e-27,6.892615813486574e-30,2.984148228145431e-26,2.2838251945130136e-25,2.0420641535724747e-18
1.6836108588175857e-09,0.45223898382759453,3.76,0.0,0.5010060739760192,0.9999999692028069,2.048997291639374e-13,9.223701995263751e-11,1.7346835249477358e-11,4.9690239973970166e-05,4.969026885669209e-05,1.546425534786845e-13,1.2224606262894027e-10,2.7520502972109378e-11,7.687983513422709e-13,5.143681564562166e-15,3.07776135979169e-08,2.3243043952596207e-13,9.931607728481092e-09,7.344720095735569e-09,7.477017199319608e-09,1.3536308757489376e-08,7.195197389783018e-13,1.323774894061293e-12,9.95847377289793e-14,9.718549630285429e-12,3.214250487725641e-19,5.9411813660831146e-21,1.45337398484382e-12,1.241408501229231e-16,7.049421031574626e-27,2.7501231988099044e-13,1.3496599547020151e-18,4.0680063926939526e-21,1.5456304188516137e-24,2.6013680594340256e-25,7.659099846498871e-08,5.9185467217832176e-12,7.651378131801191e-08,4.5430084789477685e-17,1.3340480799075212e-22,3.026851636327877e-20,1.0648513584598726e-11,1.7038669160548895e-24,2.8032022116988764e-25,2.2629957067662753e-13,7.64725401483792e-26,7.202776611455145e-27,9.584889329494798e-30,3.9702744272748473e-26,3.284801891406619e-25,2.6451163179197646e-18
1.7894482930592203e-09,0.452239252812565,3.76,0.0,0.5010029436639646,0.9999999672633533,2.5292039183864846e-13,1.0419215532348021e-10,2.0200849671526154e-11,5.281376847020878e-05,5.281380109001666e-05,1.6582092467767663e-13,1.437869232568689e-10,3.105572873526998e-11,9.219968732648547e-13,6.518396563378753e-15,3.2713962222315654e-08,2.6258052612308e-13,1.037405836447341e-08,8.2004812012734e-09,8.355956910018977e-09,1.4179007817115474e-08,8.127288702545343e-13,1.4969019856207656e-12,1.194687913046878e-13,1.1520635439491872e-11,3.9081108624276696e-19,7.415704149118921e-21,1.5984987136237717e-12,1.4771379269439181e-16,9.158105192572176e-27,3.0702221347523736e-13,1.6135859797891012e-18,5.172210556942901e-21,1.894912797556859e-24,3.4821198299922566e-25,8.140440483992338e-08,6.685942671845071e-12,8.131718014851496e-08,5.3947562253439954e-17,1.6250518751565956e-22,3.572358516353101e-20,1.2029217310538349e-11,2.1558875069285188e-24,3.7695409553393773e-25,2.5426293523691705e-13,9.810754705780564e-26,9.826098277761357e-27,1.3059949899833868e-29,5.197139054963566e-26,4.616400527307808e-25,3.3724184312754356e-18
1.895285727300855e-09,0.45223952179920374,3.76,0.0,0.5009998133686188,0.9999999653234619,3.085985359548427e-13,1.1687482888346914e-10,2.3328735930913832e-11,5.5937277223352974e-05,5.5937313807392225e-05,1.7699166391414007e-13,1.6756394496160035e-10,3.480034456533192e-11,1.0941601358042633e-12,8.150807595242784e-15,3.4650466420077486e-08,2.945696681832991e-13,1.0800396963021705e-08,9.092752403463734e-09,9.273793733754347e-09,1.4801755653284785e-08,9.115802113805045e-13,1.6808351621129265e-12,1.418242613419015e-13,1.3517847809538172e-11,4.70420818599479e-19,9.159771066433865e-21,1.7460970878084288e-12,1.7393714209642354e-16,1.1736455992827998e-26,3.404012582683457e-13,1.9093419010840183e-18,6.485661601239558e-21,2.304360733388285e-24,4.581002418964365e-25,8.621765024525e-08,7.500089103234229e-12,8.611980914247628e-08,6.339620646599544e-17,1.9544898363639814e-22,4.1762987890749424e-20,1.3494038796223887e-11,2.6899990612428022e-24,4.998162029483541e-25,2.836907361428697e-13,1.2403214961342042e-25,1.3165121843406359e-26,1.7476349291871283e-29,6.704512965892717e-26,6.356018203054963e-25,4.239854888501519e-18
2.0011231615424894e-09,0.4522397907873988,3.76,0.0,0.5009966830898962,0.9999999633831277,3.72647387584932e-13,1.3028491441196032e-10,2.6739822451837894e-11,5.906076623351937e-05,5.9060807008925594e-05,1.881377221302526e-13,1.9365966948482466e-10,3.8753666346695427e-11,1.2863620449634224e-12,1.0071012796304932e-14,3.658712214803725e-08,3.2839800719684907e-13,1.1211344762202903e-08,1.0020144595118415e-08,1.0229225528995363e-08,1.540521834223566e-08,1.0160691462041114e-12,1.8756009043474653e-12,1.6679287589942374e-13,1.571714943016958e-11,5.611895810561032e-19,1.1208728938218945e-20,1.8957308176465426e-12,2.0292000873088647e-16,1.48594572983872e-26,3.750997350239095e-13,2.2386822742883132e-18,8.032946314899989e-21,2.7824947920828173e-24,5.934500849164554e-25,9.103073468649324e-08,8.360983658805347e-12,9.092166842822002e-08,7.380985961243516e-17,2.324324515521377e-22,4.841518780367022e-20,1.5042974235915903e-11,3.314932870318666e-24,6.543580610828036e-25,3.1455817670447086e-13,1.5476834692913018e-25,1.735708581059842e-26,2.301235416832258e-29,8.535642283894258e-26,8.592434149710404e-25,5.2642373143271256e-18
2.106960595784124e-09,0.4522400597770432,3.76,0.0,0.5009935528277155,0.9999999614423466,4.458035286305202e-13,1.444222857102298e-10,3.044314720640475e-11,6.218423550078134e-05,6.218428069472297e-05,1.992859487563332e-13,2.2215351600820374e-10,4.291501217667635e-11,1.4996713416868758e-12,1.231070758364583e-14,3.852392552280198e-08,3.6406568090913567e-13,1.1607590931085552e-08,1.0981322667082296e-08,1.1221000867315322e-08,1.5990040233307535e-08,1.1261898588605735e-12,2.081225285525718e-12,1.945158939831002e-13,1.8125127451156385e-11,6.640957413492159e-19,1.3601185550566257e-20,2.0469959643709813e-12,2.347675933433294e-16,1.8610359116195554e-26,4.1107013212451793e-13,2.603362903757005e-18,9.839993303472966e-21,3.338883090431104e-24,7.582461163246851e-25,9.584365816917975e-08,9.268623981508505e-12,9.572275813405379e-08,8.522064595152062e-17,2.736509567056655e-22,5.570901222288621e-20,1.6676019821150673e-11,4.0397344958122745e-24,8.468554037459933e-25,3.468408723470314e-13,1.9086246581773985e-25,2.255533164213581e-26,2.9866560834809227e-29,1.0737151220364378e-25,1.1426444920638796e-24,6.463293696899137e-18
2.2127980300257586e-09,0.4522403287680342,3.76,0.0,0.500990422581998,0.9999999595011142,5.288264417326367e-13,1.5928681660159918e-10,3.444746414686605e-11,6.530768502520278e-05,6.530773486489012e-05,2.1047220055361485e-13,2.5312185783500924e-10,4.728370236713805e-11,1.7351515992903443e-12,1.4903183280832046e-14,4.046087281680083e-08,4.0157282341454295e-13,1.1989793460511808e-08,1.197500416579188e-08,1.2247917770467118e-08,1.655684439679741e-08,1.2419364625450618e-12,2.297733973934096e-12,2.251341030409193e-13,2.074800327798661e-11,7.80159878852182e-19,1.6379175037005306e-20,2.1995216402828287e-12,2.6958129536703504e-16,2.308127737488036e-26,4.4826708453066985e-13,3.0051410006261013e-18,1.1934085088005795e-20,3.984215801120925e-24,9.568156758549955e-25,1.0065642069883798e-07,1.0223007714388714e-11,1.0052307838826843e-07,9.765902367529356e-17,3.192957501275212e-22,6.36736630767182e-20,1.8393171740834203e-11,4.8737549058498036e-24,1.0844846877835098e-24,3.8051484653835706e-13,2.32883932489673e-25,2.8929895135986644e-26,3.8258527706186964e-29,1.3359044401435782e-25,1.4971465518958183e-24,7.855667599364869e-18
2.318635464267393e-09,0.45224059776027276,3.76,0.0,0.5009872923526675,0.9999999575594263,6.224979483012024e-13,1.7487838093204069e-10,3.876125174520456e-11,6.843111480690451e-05,6.843116951953233e-05,2.2167290805717147e-13,2.866381275720529e-10,5.185905946718787e-11,1.9938611728459094e-12,1.7883338478423654e-14,4.239796045279477e-08,4.40919565284704e-13,1.235858052046908e-08,1.2999957426018323e-08,1.3308821951450301e-08,1.7106233129988302e-08,1.363305216359629e-12,2.525152232296093e-12,2.587878096600744e-13,2.3591646219293975e-11,9.10446670497805e-19,1.958831271722354e-20,2.352967474606493e-12,3.074588768765774e-16,2.837382258549403e-26,4.86647281174264e-13,3.4457778698631824e-18,1.434386198346187e-20,4.7303798303149186e-24,1.1938489562099414e-24,1.0546902228099814e-07,1.1224132500582853e-11,1.0532262931913783e-07,1.1115385439166002e-16,3.69543721292349e-22,7.233938486512965e-20,2.0194426181380758e-11,5.8266364791504605e-24,1.3754021751737663e-24,4.1555652875113833e-13,2.8142524015187103e-25,3.666827241017479e-26,4.8429651084929873e-29,1.6454766385822484e-25,1.9354134346232243e-24,9.460924679026254e-18
2.4244728985090277e-09,0.4522408667536639,3.76,0.0,0.500984162139651,0.9999999556172791,7.2762125716292e-13,1.911968525703285e-10,4.339272673436585e-11,7.1554524846045e-05,7.155458465875435e-05,2.3282487894924656e-13,3.2277298092357616e-10,5.664040826225291e-11,2.2768532065838574e-12,2.1287674355107455e-14,4.433518499537917e-08,4.821060337682798e-13,1.2714552456575564e-08,1.4054998681211582e-08,1.4402604097696765e-08,1.7638788839823905e-08,1.4902938642537238e-12,2.7635049263646724e-12,2.9561684390207906e-13,2.6661594380865084e-11,1.0560667119041812e-18,2.3277972953277634e-20,2.5070202769825307e-12,3.484947049012475e-16,3.459974018643953e-26,5.26169328454875e-13,3.9270421910433414e-18,1.709931803826847e-20,5.590538980607659e-24,1.4744162976180312e-24,1.1028146292119205e-07,1.227199598331865e-11,1.1012141105491871e-07,1.2573251013751304e-16,4.245577220157862e-22,8.173786093077091e-20,2.2079779326928795e-11,6.908292539654788e-24,1.728831144547077e-24,4.519427468864816e-13,3.3710148775285473e-25,4.5976320560955194e-26,6.064419952781719e-29,2.0081131303166247e-25,2.4714931363865455e-24,1.1299550003011705e-17
2.5303103327506623e-09,0.45224113574811603,3.76,0.0,0.500981031942878,0.9999999536746682,8.450199235753944e-13,2.0824210540723972e-10,4.8349858061800417e-11,7.467791514271565e-05,7.467798028266051e-05,2.4393372811483637e-13,3.6159445608782386e-10,6.162707572881039e-11,2.5851757445463106e-12,2.515426199070659e-14,4.62725431428252e-08,5.251323529858194e-13,1.3058283514417438e-08,1.513898929084341e-08,1.552819726962865e-08,1.8155075077138007e-08,1.6228980908735743e-12,3.012816543467561e-12,3.357605804256042e-13,2.996307454866054e-11,1.2181745360120276e-18,2.750149423484622e-20,2.6613919732711967e-12,3.927799625973015e-16,4.188154437754041e-26,5.667936317357123e-13,4.450710140438616e-18,2.0231803718540583e-20,6.579215825277255e-24,1.8039649632182594e-24,1.1509374262495273e-07,1.3366595805918446e-11,1.1491942372385154e-07,1.4142097885619826e-16,4.845020948906809e-22,9.190154085157475e-20,2.4049227359541763e-11,8.128890248689297e-24,2.1551558317506235e-24,4.896507133202964e-13,4.005480218234981e-25,5.70789707958816e-26,7.519005736248352e-29,2.429809323372611e-25,3.120874323615447e-24,1.3392929292543286e-17
2.636147766992297e-09,0.45224140474354163,3.76,0.0,0.5009779017622802,0.9999999517315903,9.75537460952404e-13,2.260140133547929e-10,5.3640371256447783e-11,7.780128569693708e-05,7.780135639135466e-05,2.550774354443852e-13,4.0316801920343643e-10,6.681839099514112e-11,2.91987182098876e-12,2.9522715477587184e-14,4.8210031724863234e-08,5.699986439860201e-13,1.3390322128415187e-08,1.625083499054135e-08,1.6684576198847523e-08,1.8655636993453913e-08,1.7611114035858925e-12,3.273111201697523e-12,3.793579470417665e-13,3.3501007575819566e-11,1.397963553696399e-18,3.231635515948768e-20,2.81582013618785e-12,4.404026862508562e-16,5.0353160152652156e-26,6.084823748420664e-13,5.0185617373855936e-18,2.377404767723392e-20,7.712362267245833e-24,2.188304681408262e-24,1.1990586139781462e-07,1.4507929611803202e-11,1.197166674541609e-07,1.5824389721889535e-16,5.495487734424051e-22,1.0286267713886597e-19,2.610276645924847e-11,9.498848641258714e-24,2.66601301821896e-24,5.286580157839825e-13,4.724173628047305e-25,7.02204574833442e-26,9.23788112305418e-29,2.9168629200391156e-25,3.900527745786937e-24,1.5763333494288978e-17
2.7419852012339315e-09,0.4522416737398562,3.76,0.0,0.5009747715977917,0.9999999497880412,1.1200370893827692e-12,2.445124503468249e-10,5.927175231932166e-11,8.092463650876482e-05,8.092471298494024e-05,2.6629737410765194e-13,4.475566137732053e-10,7.221368536424418e-11,3.2819794065732495e-12,3.443420424577813e-14,5.014764770010625e-08,6.167050248062362e-13,1.3711191564516886e-08,1.7389485016612477e-08,1.7870756461073385e-08,1.9141001574359432e-08,1.9049286753668797e-12,3.544412645603787e-12,4.265474107922068e-13,3.728001490509048e-11,1.5966663081094703e-18,3.778430437846375e-20,2.970066777513611e-12,4.914478426313004e-16,6.01605908271514e-26,6.511994762194293e-13,5.632381580661244e-18,2.7760168172806216e-20,9.007425295193844e-24,2.6336223788781685e-24,1.2471781924531347e-07,1.5695995044489773e-11,1.245131423740554e-07,1.762245828153559e-16,6.198625300194789e-22,1.146539009315125e-19,2.82403928040981e-11,1.1028832295848264e-23,3.274379403368663e-24,5.689426172173285e-13,5.533788525638959e-25,8.566475233983317e-26,1.1254615628629142e-28,3.475881710431669e-25,4.828948492743545e-24,1.8433925853100493e-17
2.847822635475566e-09,0.45224194273697893,3.76,0.0,0.5009716414493496,0.9999999478440174,1.2794012040861152e-12,2.6373729034040544e-10,6.525125667572423e-11,8.404796757837448e-05,8.40480500635203e-05,2.775102505930941e-13,4.948207763321321e-10,7.781229237297612e-11,3.672531275591156e-12,3.993148698844747e-14,5.2085388149924737e-08,6.652516106132186e-13,1.4021391585502096e-08,1.8553930019647855e-08,1.9085792508354807e-08,1.9611678057583226e-08,2.05434899871712e-12,3.826744240042798e-12,4.774669598900337e-13,4.13044339169511e-11,1.8155599085368887e-18,4.397147652956616e-20,3.1239146115808093e-12,5.459975289702031e-16,7.146260010837866e-26,6.949104757813087e-13,6.2939645552675405e-18,3.2225667565829666e-20,1.0483413718324872e-23,3.146521457669407e-24,1.2952961617298626e-07,1.6930789747583688e-11,1.293088486117261e-07,1.953851055946313e-16,6.955822527481818e-22,1.2730986067237333e-19,3.046210257031314e-11,1.272973376945527e-23,3.994662746259967e-24,6.104828585245195e-13,6.441204850868767e-25,1.0369639493140206e-25,1.3605285602404882e-28,4.1137910175084613e-25,5.9262009649820036e-24,2.1428781379501025e-17
2.9536600697172006e-09,0.4522422117348316,3.76,0.0,0.5009685113168927,0.9999999458995156,1.4545303816797927e-12,2.83688407315903e-10,7.158592332472357e-11,8.717127890595346e-05,8.717136762719748e-05,2.8862008303464665e-13,5.450188041028633e-10,8.361354778577324e-11,4.0925550297480996e-12,4.6058903106649365e-14,5.4023250269770855e-08,7.156385139077156e-13,1.4321400455795347e-08,1.9743199111546928e-08,2.0328774895997652e-08,2.0068158867257628e-08,2.209372024036531e-12,4.120128983865431e-12,5.322541177099982e-13,4.557833925480407e-11,2.055967791715396e-18,5.094856944819416e-20,3.2771638480447748e-12,6.041312169603653e-16,8.443136774620345e-26,7.395823977294134e-13,7.005119114581817e-18,3.720742898410188e-20,1.2160971457511545e-23,3.734036503485663e-24,1.3434125218637077e-07,1.821231136477843e-11,1.3410378629534732e-07,2.1574639494463053e-16,7.768329282055629e-22,1.4086731686696806e-19,3.2767891932505867e-11,1.461265299218284e-23,4.842806721292931e-24,6.532574497428904e-13,7.453484367877505e-25,1.2462136072257184e-25,1.6328569447915894e-28,4.8378085749998275e-25,7.21396027689375e-24,2.477288194133531e-17
3.059497503958835e-09,0.4522424807333393,3.76,0.0,0.5009653812003617,0.9999999439545321,1.646342469907595e-12,3.043656752749985e-10,7.828258537813627e-11,9.029457049152461e-05,9.029466567607398e-05,2.9970066789721703e-13,5.982068647617362e-10,8.961678949471923e-11,4.543073334047039e-12,5.286230593364218e-14,5.5961231363756934e-08,7.678658446595802e-13,1.4611675747443016e-08,2.0956358026887682e-08,2.159882856555478e-08,2.0510920631567017e-08,2.3699920123254835e-12,4.424589537953745e-12,5.910459806875354e-13,5.010555580807891e-11,2.3192519765155492e-18,5.879107563240542e-20,3.4296328459906473e-12,6.659258550162034e-16,9.925312347052737e-26,7.851836939608224e-13,7.767662147592711e-18,4.2743737134977536e-20,1.4062451382426833e-23,4.403598334107252e-24,1.3915272729100586e-07,1.9540557539865294e-11,1.3889795555307744e-07,2.3732831624444924e-16,8.637596129467683e-22,1.553628291572055e-19,3.515775706380186e-11,1.6688890337695025e-23,5.8364042625751824e-24,6.972454494719052e-13,8.577821417820855e-25,1.4876736416194873e-25,1.946575927715957e-28,5.65540301300811e-25,8.715541730856217e-24,2.8492077947689864e-17
3.1653349382004698e-09,0.45224274973243045,3.76,0.0,0.5009622510996998,0.9999999420090636,1.8557725764738922e-12,3.257689682394138e-10,8.534786827412961e-11,9.341784233506554e-05,9.341794421025167e-05,3.1087163268522076e-13,6.544389647677091e-10,9.582135745897837e-11,5.025104048187676e-12,6.038902365562835e-14,5.789932884651192e-08,8.21933710270498e-13,1.4892653549495401e-08,2.219250976431264e-08,2.2895113449154325e-08,2.09404243358633e-08,2.5362018769729993e-12,4.740148229301186e-12,6.539792180543428e-13,5.488965402697698e-11,2.606804133496944e-18,6.757942937841046e-20,3.581160961577962e-12,7.314557747120422e-16,1.1612882787538642e-25,8.316842969870268e-13,8.583411302523597e-18,4.887431134189886e-20,1.6211973887540325e-23,5.1630040280628574e-24,1.439640414924311e-07,2.09155259167402e-11,1.436913565130604e-07,2.6014965634113287e-16,9.56521101866605e-22,1.708314419144788e-19,3.7631694135767214e-11,1.8969956608113655e-23,6.994799452136139e-24,7.424262553723972e-13,9.82149979068862e-25,1.7648350757496075e-25,2.306068791388965e-28,6.574298381640662e-25,1.0455918351134014e-23,3.261306592509449e-17
3.2711723724421043e-09,0.4522430187320357,3.76,0.0,0.5009591210148523,0.999999940063107,2.083772900886603e-12,3.478981602531922e-10,9.278819440255344e-11,9.654109443669418e-05,9.654120322983209e-05,3.2210715393902494e-13,7.137670197265084e-10,1.0222659380595946e-10,5.539659994127768e-12,6.86879206270876e-14,5.98375402393103e-08,8.778422156592498e-13,1.5164749774014833e-08,2.3450793265208434e-08,2.421682321570311e-08,2.1357115341901134e-08,2.707999402038037e-12,5.066827032712406e-12,7.211900353699598e-13,5.993395990424863e-11,2.9200532486903015e-18,7.739905193813677e-20,3.731604674569259e-12,8.007928454166457e-16,1.352748755023793e-25,8.790555318913879e-13,9.454192010958581e-18,5.564029519079857e-20,1.8635480963578856e-23,6.0204731603616486e-24,1.4877519479618704e-07,2.233721413939232e-11,1.484839893034236e-07,2.842281609531786e-16,1.055251402572438e-21,1.8730948564172048e-19,4.01896993184967e-11,2.1467559125293595e-23,8.339180614715027e-24,7.887796148155894e-13,1.1191927760295023e-24,2.081408749576893e-25,2.7159795222101537e-28,7.602498325268718e-25,1.2461751374420293e-23,3.716342370170553e-17
3.377009806683739e-09,0.45224328773208883,3.76,0.0,0.5009559909457663,0.9999999381166591,2.331312048061073e-12,3.7075312538437155e-10,1.0060979456081054e-10,9.966432679664294e-05,9.96644427349165e-05,3.332627907721807e-13,7.762410014718832e-10,1.0883184290044046e-10,6.087748806666192e-12,7.780943673715173e-14,6.177586316228593e-08,9.35591463440606e-13,1.5428362266147536e-08,2.4730380757684265e-08,2.5563182770172976e-08,2.1761423925484372e-08,2.8853863526087915e-12,5.404647569362882e-12,7.928141656518899e-13,6.524157443022238e-11,3.260473177245521e-18,8.834045485887249e-20,3.880832866731137e-12,8.7400672829097335e-16,1.5692374727632086e-25,9.272699729459838e-13,1.0381845281052272e-17,6.308424297184269e-20,2.1360796542825528e-23,6.984695065623566e-24,1.5358618720781509e-07,2.380561985189529e-11,1.532758540522768e-07,3.0958062196362254e-16,1.1600524552623073e-21,2.048363766426324e-19,4.283176878080785e-11,2.41935792687603e-23,9.892685256070626e-24,8.362856278013878e-13,1.2696665578496835e-24,2.441334853036635e-25,3.181223938188214e-28,8.748275706390335e-25,1.4761420894590596e-23,4.2171632997141016e-17
3.4828472409253735e-09,0.45224355673252553,3.76,0.0,0.5009528608923903,0.9999999361697169,2.5993739649155636e-12,3.9433373772388685e-10,1.0881872164833249e-10,0.00010278753941501822,0.00010278766272560564,3.44324054283805e-13,8.419090914808819e-10,1.1563645128326742e-10,6.6703730866923015e-12,8.780554384971189e-14,6.37142953266496e-08,9.951815541132112e-13,1.5683872336090933e-08,2.6030475108658695e-08,2.6933445775216544e-08,2.2153766373533575e-08,3.068360369574932e-12,5.753631134000875e-12,8.689869065382017e-13,7.081539253540935e-11,3.6295798395662686e-18,1.0049945920162536e-19,4.028725538517867e-12,9.511650655833576e-16,1.813246004561124e-25,9.763013379210363e-13,1.1368227101159404e-17,7.12501305364189e-20,2.4417693259915955e-23,8.064813935207846e-24,1.5839701873285698e-07,2.5320740698412386e-11,1.5806695088771315e-07,3.3622297848392636e-16,1.2710339144996486e-21,2.234529251681324e-19,4.5557898690433696e-11,2.716005713251476e-23,1.1680524679540564e-23,8.84924730148354e-13,1.4343397842421945e-24,2.8487898084073513e-25,3.706996125086888e-28,1.0020121335032302e-24,1.7385044327020437e-23,4.766705442826629e-17
3.588684675167008e-09,0.45224382573328453,3.76,0.0,0.5009497308546751,0.9999999342222772,2.88895746815713e-12,4.1863987138233575e-10,1.174208532666957e-10,0.0001059107322917548,0.00010591086320200007,3.554532400998814e-13,9.108176868317448e-10,1.226397675164427e-10,7.288530752870183e-12,9.872964592026496e-14,6.56528345348212e-08,1.0566125860690452e-12,1.5931643972881025e-08,2.735030988387905e-08,2.8326894719482867e-08,2.2534545704327818e-08,3.256913450165588e-12,6.1137987215137755e-12,9.498431547647626e-13,7.665810225014351e-11,4.0289161998806395e-18,1.139774232782682e-19,4.175178349233141e-12,1.0323333913807304e-15,2.0874390051976283e-25,1.0261245394392588e-12,1.2415196209615055e-17,8.018339926837708e-20,2.783795146148853e-23,9.270358562016898e-24,1.6320768937685507e-07,2.688257432321295e-11,1.6285727993781147e-07,3.6417033357640435e-16,1.3883407154974895e-21,2.431976749723571e-19,4.836808521399681e-11,3.0379202192238713e-23,1.3730112189607018e-23,9.346776684329272e-13,1.61398557436112e-24,3.3081817903705504e-25,4.298758882270557e-28,1.1426718648595523e-24,2.0364474767111972e-23,5.3679870195634426e-17
3.6945221094086427e-09,0.452244094734307,3.76,0.0,0.5009466008325726,0.9999999322743373,3.2010762963269794e-12,4.4367140049041384e-10,1.2642189100588736e-10,0.00010903390542684197,0.00010903404416419997,3.6675560482108995e-13,9.83011393606366e-10,1.2984114220105293e-10,7.943214992678568e-12,1.1063658909596642e-13,6.759147868076874e-08,1.119884655585908e-12,1.6172023781118066e-08,2.868914946862871e-08,2.9742841023821312e-08,2.2904151618019038e-08,3.4510395619279876e-12,6.485171015848509e-12,1.035517380807837e-12,8.277218400981933e-11,4.46005093580756e-18,1.2888130007758008e-19,4.320102633382663e-12,1.1175751228586268e-15,2.3946613238848515e-25,1.076715689358448e-12,1.3524612904537917e-17,8.99309650559162e-20,3.165540651122375e-23,1.0611255638396969e-23,1.6801819914535228e-07,2.8491118370670537e-11,1.6764684133063603e-07,3.9343694856758163e-16,1.5121175632991266e-21,2.6410801418803354e-19,5.126232451697694e-11,3.3863395153921367e-23,1.6071168326384494e-23,9.855255013082111e-13,1.809381339316233e-24,3.824148709120917e-25,4.962238953873129e-28,1.2976971340314746e-24,2.373331033066098e-23,6.024108987958828e-17
3.800359543650278e-09,0.4522443637355362,3.76,0.0,0.5009434708260371,0.9999999303258941,3.536759159938731e-12,4.694281992038776e-10,1.3582736500467275e-10,0.00011215705882054332,0.0001121572056123053,3.780528040640317e-13,1.0585331159062584e-09,1.3723992820293457e-10,8.635413749252107e-12,1.2358280146626323e-13,6.953022574484535e-08,1.1849978569341794e-12,1.640534315449832e-08,3.004628729470196e-08,3.118062335386356e-08,2.326296010306234e-08,3.650742004679366e-12,6.867768352768463e-12,1.1261435652223355e-12,8.915992427376817e-11,4.924597161170243e-18,1.4532355821507376e-19,4.463417651339181e-12,1.2069518156375305e-15,2.737944821691599e-25,1.1280519532132826e-12,1.4698355312757037e-17,1.0054117784978103e-19,3.590598849393049e-23,1.2097947970410185e-23,1.72828548043892e-07,3.014637048523789e-11,1.7243563519423243e-07,4.2403627773085577e-16,1.6424455002979522e-21,2.862261537957291e-19,5.4240612763829935e-11,3.7625163852152014e-23,1.8735809578410338e-23,1.0374496279925944e-12,2.021318047028985e-24,4.401567144276014e-25,5.7034386303781885e-28,1.468003942044954e-24,2.752692039271881e-23,6.738263063180605e-17
3.906196977891913e-09,0.45224463273691756,3.76,0.0,0.5009403408350241,0.9999999283769451,3.897048968036294e-12,4.959101417036102e-10,1.4564264467953278e-10,0.00011528019247317922,0.00011528034754641566,3.8910771040758064e-13,1.137424182234162e-09,1.448354806462855e-10,9.366109749918581e-12,1.3762628455140504e-13,7.146907378728939e-08,1.2519522825313406e-12,1.6631919722853265e-08,3.142104362313695e-08,3.263960554294976e-08,2.36113341910264e-08,3.856026080034843e-12,7.261610737270236e-12,1.221855222537029e-12,9.582343156663945e-11,5.424213548745089e-18,1.6342235073684951e-19,4.605048540089391e-12,1.3005233410595728e-15,3.120513612677834e-25,1.1801114510078716e-12,1.593832171231761e-17,1.1206382896218998e-19,4.0627776618157304e-23,1.374139980018637e-23,1.7763873607801837e-07,3.184832831144635e-11,1.772236616566281e-07,4.559810458479143e-16,1.779375592919138e-21,3.0959834326655057e-19,5.7302946118146084e-11,4.167716806506242e-23,2.175867293416625e-23,1.0904317803680858e-12,2.2505996890221496e-24,5.045559976100175e-25,6.528643582317419e-28,1.6545291641231314e-24,3.178245400009896e-23,7.51373122924433e-17
4.012034412133548e-09,0.45224490173839876,3.76,0.0,0.5009372108594904,0.9999999264274875,4.283001378083611e-12,5.231171021885149e-10,1.5587295091702983e-10,0.0001184033063846623,0.00011840346996663042,4.0010400914587034e-13,1.2197244368618864e-09,1.5262715657220452e-10,1.0136281297772721e-11,1.5282639291078334e-13,7.340802094439646e-08,1.320748023057209e-12,1.685205667876566e-08,3.281276426391335e-08,3.411917542446391e-08,2.394962588090842e-08,4.0668834789629336e-12,7.6667179192942e-12,1.3227855134148548e-12,1.0276464465290457e-10,5.960577254859943e-18,1.8330195695346967e-19,4.74493418380157e-12,1.3983478188156947e-15,3.545788658980459e-25,1.23287329825079e-12,1.72464094253456e-17,1.2455022614843798e-19,4.586106748890274e-23,1.5552940754603454e-23,1.8244876325327538e-07,3.359698949394128e-11,1.820109208458374e-07,4.892833356479507e-16,1.9230431912549166e-21,3.342657323896669e-19,6.044932074273764e-11,4.6032209724027097e-23,2.5177086120056465e-23,1.1444539664577348e-12,2.4980282481236556e-24,5.761493732691931e-25,7.444414056462136e-28,1.8582204548684483e-24,3.6538816482967244e-23,8.35387309277767e-17
4.117871846375183e-09,0.4522451707399292,3.76,0.0,0.5009340808993946,0.9999999244775187,4.695684846624283e-12,5.510489548763314e-10,1.6652335588618748e-10,0.00012152640055483508,0.0001215265728730486,4.1129711481844844e-13,1.3054722422625502e-09,1.6061431497402197e-10,1.0946902178894997e-11,1.6924385517152003e-13,7.534706542832081e-08,1.391385167457238e-12,1.7066042950359465e-08,3.42208205160843e-08,3.561874476315328e-08,2.4278176038031975e-08,4.28330364633192e-12,8.083109375343658e-12,1.4290672053433435e-12,1.0998533316547576e-10,6.535384666006564e-18,2.0509278344398878e-19,4.883026319903059e-12,1.5004816353629186e-15,4.017395294509287e-25,1.286317594570924e-12,1.8624515413819185e-17,1.3805318850641187e-19,5.1648414432888134e-23,1.754429462166376e-23,1.8725862957520726e-07,3.539235167747815e-11,1.8679741288986093e-07,5.239545870877492e-16,2.0736080227178872e-21,3.6026673126303252e-19,6.36797327996212e-11,5.070323266411498e-23,2.9031180659457784e-23,1.199498474291248e-12,2.7644045877726084e-24,6.55497484024682e-25,8.457577855457333e-28,2.0800413997863358e-24,4.183666901587607e-23,9.262127089731246e-17
4.223709280616818e-09,0.4522454397414607,3.76,0.0,0.5009309509546963,0.999999922527036,5.136181061358194e-12,5.797055740082096e-10,1.7759878165505715e-10,0.00012464947498385558,0.00012464965626576908,4.2261627603208804e-13,1.3947044947040042e-09,1.6879631700821904e-10,1.1798941173293167e-11,1.8694090605474315e-13,7.72862055257539e-08,1.4638638029601197e-12,1.7274154409673973e-08,3.564460870836455e-08,3.7137748798636354e-08,2.4597313661705076e-08,4.505286728873471e-12,8.510804263021827e-12,1.540832594865433e-12,1.1748710169311255e-10,7.150366869986656e-18,2.2893122543992524e-19,5.019283629614318e-12,1.6069795818684317e-15,4.539170484703273e-25,1.3404253439704779e-12,2.0074549058737598e-17,1.5262700840674612e-19,5.803465654489423e-23,1.9727689981770867e-23,1.920683350493589e-07,3.7234412506899825e-11,1.915831379166822e-07,5.600055862186423e-16,2.23116541700487e-21,3.8764338283179005e-19,6.699417845002857e-11,5.57033096830773e-23,3.3363983377104326e-23,1.2555479013168082e-12,3.0505369083234127e-24,7.431851587425666e-25,9.575232467628116e-28,2.320977926380344e-24,4.7718440589529505e-23,1.0242018061283414e-16
4.329546714858453e-09,0.45224570874294684,3.76,0.0,0.5009278210253568,0.9999999205760373,5.605584838326731e-12,6.09086833852068e-10,1.8910400496717696e-10,0.00012777252967212065,0.0001277727201448904,4.3374376364720063e-13,1.487456703767443e-09,1.771725261441065e-10,1.2693361725612955e-11,2.059813776597135e-13,7.922543959347164e-08,1.5381840151738023e-12,1.7476655512484497e-08,3.7083548665491775e-08,3.867564479752205e-08,2.490735577464759e-08,4.73284098697519e-12,8.949821407738311e-12,1.6582134869489134e-12,1.252714014126284e-10,7.807302295527304e-18,2.5495966877170715e-19,5.153666485929229e-12,1.7178950490901344e-15,5.1151676426076875e-25,1.3951783445740286e-12,2.1598443372669422e-17,1.6832743317351109e-19,6.506695329024409e-23,2.211593457470962e-23,1.9687787968127517e-07,3.9123169627119605e-11,1.9636809605426496e-07,5.974464957371817e-16,2.3957411789345117e-21,4.164443256129178e-19,7.039265385450594e-11,6.10456241057692e-23,3.822152428060427e-23,1.3125851714949708e-12,3.35724672923294e-24,8.398222682976371e-25,1.080475548653139e-27,2.582036260754106e-24,5.422833480021898e-23,1.1297162491953448e-16
4.435384149100088e-09,0.45224597774434266,3.76,0.0,0.5009246911113389,0.9999999186245199,6.105002918976092e-12,6.391926086988993e-10,2.010436696330288e-10,0.00013089556461973303,0.00013089576451051085,4.4466584325846134e-13,1.5837631105696846e-09,1.8574230797990932e-10,1.3631122386811272e-11,2.2643057789395815e-13,8.116476605274171e-08,1.6143458882319215e-12,1.7673799702741572e-08,3.853708180772357e-08,4.0231910295633216e-08,2.5208608889105694e-08,4.9659648517907535e-12,9.40017936004583e-12,1.7813412835536997e-12,1.3333954328573608e-10,8.508003628850972e-18,2.8332684694248003e-19,5.286140245068364e-12,1.8332800860893247e-15,5.749659507333405e-25,1.4505591580448631e-12,2.3198145653284196e-17,1.8521171858401016e-19,7.279483852964802e-23,2.4722326321238905e-23,2.0168726347650137e-07,4.105862068313946e-11,2.0115228743055596e-07,6.36286941774986e-16,2.5674044790145896e-21,4.467182436707316e-19,7.387515517305144e-11,6.674346616245065e-23,4.365299617721175e-23,1.3705935006043838e-12,3.6853606712976426e-24,9.460443283839746e-25,1.2153808770498957e-27,2.864231932638615e-24,6.141230959166444e-23,1.2431261533920306e-16
4.5412215833417226e-09,0.45224624674560493,3.76,0.0,0.5009215612126058,0.9999999166724812,6.6355527239490685e-12,6.700227728557404e-10,2.134222958670863e-10,0.00013401857982635608,0.0001340187893627286,4.55821963983684e-13,1.6836567456820456e-09,1.9450502990609308e-10,1.461317758029331e-11,2.4835507382077745e-13,8.310418338720642e-08,1.6923495048683275e-12,1.7865828369341312e-08,4.00046704629744e-08,4.18060424769117e-08,2.5501370721502542e-08,5.204642071682207e-12,9.861896455330978e-12,1.9103470636874127e-12,1.4169270200358477e-10,9.254290494220327e-18,3.1418823409456353e-19,5.416683557233111e-12,1.9531852861684254e-15,6.447143471158358e-25,1.5065511760285088e-12,2.487559579682044e-17,2.033387009663421e-19,8.127027805165232e-23,2.756050232355749e-23,2.0649648644058253e-07,4.304076332008503e-11,2.0593571217349062e-07,6.765360850323769e-16,2.746333274861632e-21,4.785058250108404e-19,7.744167856516103e-11,7.28102475620276e-23,4.9710931693713576e-23,1.4295563419012099e-12,4.03569576166304e-24,1.06251186835834e-24,1.363032476257588e-27,3.168585691462591e-24,6.931804162936465e-23,1.3648088575343934e-16
4.6470590175833576e-09,0.45224651574669283,3.76,0.0,0.5009184313291224,0.9999999147199193,7.1983629745017846e-12,7.015772006480759e-10,2.2624427396402427e-10,0.00013714157529205,0.0001371417947016414,4.672409949712012e-13,1.7871693706911287e-09,2.0346006121937982e-10,1.5640477308494523e-11,2.718227645826363e-13,8.504369014557838e-08,1.7721949463454977e-12,1.8052970766439145e-08,4.148579880042316e-08,4.339755901728429e-08,2.5785929373187444e-08,5.448869836155414e-12,1.0334990758767855e-11,2.0453614801299356e-12,1.5033190962933408e-10,1.0047995039722236e-17,3.477058277897597e-19,5.545285924478426e-12,2.0776597688214836e-15,7.212351880804641e-25,1.5631386274631366e-12,2.663273011732663e-17,2.227687547149844e-19,9.054769240623524e-23,3.064452135777628e-23,2.1130554857906375e-07,4.506959518319416e-11,2.1071837041099067e-07,7.182025788649891e-16,2.93265019596532e-21,5.118470268248243e-19,8.109222018972696e-11,7.92595055493061e-23,5.645130873829377e-23,1.4894574052836201e-12,4.409064168660491e-24,1.1899090899857444e-24,1.5242487209393587e-27,3.496138336086686e-24,7.799491983770802e-23,1.4951493424826583e-16
4.7528964518249926e-09,0.45224678474756635,3.76,0.0,0.5009153014608551,0.9999999127668319,7.794574301232713e-12,7.338557664275319e-10,2.395138638778432e-10,0.0001402645510172658,0.00014026478052734704,4.785477676291091e-13,1.8943315277208544e-09,2.126067734776066e-10,1.6713966358526032e-11,2.96903103602069e-13,8.698328493821161e-08,1.8538822925120266e-12,1.8235446339117824e-08,4.297997162483104e-08,4.5005996930221e-08,2.606256221513626e-08,5.698658551438853e-12,1.0819480017406618e-11,2.186514691765789e-12,1.5925806547374124e-10,1.0890990502583773e-17,3.840479125464992e-19,5.671937311078166e-12,2.206751450373278e-15,8.050256625896676e-25,1.6203064243936455e-12,2.8471505221814914e-17,2.435637275558336e-19,1.0068397183074968e-22,3.3989036816749683e-23,2.1611444989749047e-07,4.7145113917778315e-11,2.1550026227095858e-07,7.612945557171166e-16,3.1263757606822094e-21,5.467894106537862e-19,8.482677620509948e-11,8.610487617396891e-23,6.393363301201668e-23,1.550280706500094e-12,4.8062880763115034e-24,1.3289448102550375e-24,1.6998744575396785e-27,3.847950337790655e-24,8.749405952639924e-23,1.6345415061686296e-16
4.8587338860666276e-09,0.4522470537481875,3.76,0.0,0.5009121716077709,0.9999999108132167,8.425338707892143e-12,7.668583445734348e-10,2.532352039347677e-10,0.00014338750700231405,0.00014338774683994284,4.895126660413828e-13,2.0051726520415136e-09,2.2194454056172824e-10,1.7834584191280968e-11,3.2366713277795555e-13,8.892296643120068e-08,1.9374116219398543e-12,1.8413466259189485e-08,4.448671234384611e-08,4.6630910670098426e-08,2.6331536360719414e-08,5.954013937515528e-12,1.1315381681610188e-11,2.3339364041639836e-12,1.6847195106434926e-10,1.1785198137893361e-17,4.233892205075159e-19,5.796625061409546e-12,2.3405072319204905e-15,8.966070360212257e-25,1.6780400573718696e-12,3.039390496883465e-17,2.657869537021051e-19,1.1173851034648129e-22,3.7609315854205147e-23,2.209231904014083e-07,4.926731716921445e-11,2.2028138788127623e-07,8.058196804214256e-16,3.32751854338105e-21,5.83386516625947e-19,8.864534276922883e-11,9.336007598984497e-23,7.222106911739069e-23,1.6120105689725145e-12,5.228201863966517e-24,1.4803538433941276e-24,1.8907826807799485e-27,4.2250911595183044e-24,9.786829393303739e-23,1.7833883598349142e-16
4.9645713203082625e-09,0.4522473227485191,3.76,0.0,0.5009090417698381,0.9999999088590714,9.091817697927732e-12,8.005848094829713e-10,2.674123256716992e-10,0.0001465104432469473,0.0001465106936395261,5.004820077503789e-13,2.1197211741491494e-09,2.314727382030419e-10,1.9003266027278585e-11,3.521871776466687e-13,9.0862733342369e-08,2.022783012053986e-12,1.858723215698152e-08,4.600556164113176e-08,4.827187092807357e-08,2.6593111228843127e-08,6.214923018465146e-12,1.1822712999338328e-11,2.4877560028297615e-12,1.7797423834981415e-10,1.2732550688628286e-17,4.659115565009182e-19,5.919345558616178e-12,2.4789728645168807e-15,9.965248743786127e-25,1.7363256750977871e-12,3.2401911803504335e-17,2.895033720766391e-19,1.2377326625044336e-22,4.152100981220566e-23,2.2573177009636248e-07,5.1436202582993965e-11,2.2506174736981256e-07,8.517852632169384e-16,3.536217743575908e-21,6.216842209371589e-19,9.25479160397758e-11,1.0103891801903781e-22,8.138064996007977e-23,1.674631546292752e-12,5.675631519335961e-24,1.6448969781756138e-24,2.0978738669382736e-27,4.6286299795013096e-24,1.0917212044992957e-22,1.9421002788486413e-16
5.0704087545498975e-09,0.45224759174852636,3.76,0.0,0.5009059119470257,0.9999999069043942,9.795182312166745e-12,8.350350355703746e-10,2.820491521621537e-10,0.00014963335975097335,0.00014963362092619374,5.117446087147864e-13,2.238004492853166e-09,2.4119074394404716e-10,2.0220942908213015e-11,3.825368221902668e-13,9.280258444272108e-08,2.1099965391008115e-12,1.8756935652722328e-08,4.753607799632843e-08,4.992846510335965e-08,2.6847538514342276e-08,6.48137474829207e-12,1.2341490994649286e-11,2.648102501539411e-12,1.8776548581406095e-10,1.3734986895500981e-17,5.118037433052355e-19,6.04010535956347e-12,2.6221928901934926e-15,1.1053499668662338e-24,1.7951501161525698e-12,3.449750189417858e-17,3.1477951462020485e-19,1.3685278946842071e-22,4.5740163757721227e-23,2.3054018898789812e-07,5.3651767804727095e-11,2.29841340864424e-07,8.991982535142115e-16,3.7526306222278735e-21,6.617237953289746e-19,9.653449217405083e-11,1.091553206805587e-22,9.148341305997524e-23,1.7381284170825203e-12,6.14939312558483e-24,1.8233595839081198e-24,2.3220738426378534e-27,5.05964650053403e-24,1.2146167685378736e-22,2.1110948581532422e-16
5.1762461887915325e-09,0.45224786074817513,3.76,0.0,0.5009027821393042,0.9999999049491829,1.053661389606429e-11,8.702088972722242e-10,2.9714949285455325e-10,0.00015275625651469882,0.00015275652870004266,5.230734096195315e-13,2.360048951534818e-09,2.510979373859463e-10,2.1488541121754572e-11,4.1479106532905024e-13,9.474251855701535e-08,2.199052278117442e-12,1.892275935389588e-08,4.907783786835166e-08,5.160029744597232e-08,2.7095061029764686e-08,6.753374931580386e-12,1.2871732411763492e-11,2.81510445129674e-12,1.9784613789997143e-10,1.4794469316605424e-17,5.612613183748397e-19,6.158914524909767e-12,2.7702107520587155e-15,1.2236791147889896e-24,1.854500844484408e-12,3.6682659352444545e-17,3.4168343932075436e-19,1.5104423235001688e-22,5.028335703569118e-23,2.3534844708156044e-07,5.591401048011656e-11,2.3462016849295046e-07,9.480651973749952e-16,3.9768101893913335e-21,7.035509983088753e-19,1.0060506732896429e-10,1.1772329861798816e-22,1.0260449654522046e-22,1.8024862224072662e-12,6.65030354936838e-24,2.0165509986998353e-24,2.564332953730782e-27,5.519238946474866e-24,1.3479473941709808e-22,2.2907978102481557e-16
5.2820836230331675e-09,0.4522481297474328,3.76,0.0,0.5008996523466445,0.9999999029934354,1.1317304326597454e-11,9.061062690534092e-10,3.1271704641463777e-10,0.00015587913353844323,0.00015587941696116957,5.342282159295199e-13,2.4858799132708416e-09,2.611937004594177e-10,2.280698161844176e-11,4.490264884535128e-13,9.668253455927078e-08,2.2899503030212624e-12,1.908487899700936e-08,5.063043411983525e-08,5.328698757566797e-08,2.7335912123761823e-08,7.030929845373203e-12,1.3413453702151444e-11,2.9888899354676804e-12,2.0821653730276485e-10,1.5913007239590578e-17,6.144864535729396e-19,6.275778498295433e-12,2.923069048364767e-15,1.3521351791294353e-24,1.914365806363098e-12,3.895939581959188e-17,3.70284698008527e-19,1.6641736328410544e-22,5.516782040651485e-23,2.401565443828947e-07,5.822292825492765e-11,2.393982303832106e-07,9.983922392300939e-16,4.208761480681514e-21,7.472196253158544e-19,1.0475963766112005e-10,1.2675693682862084e-22,1.1482324318697794e-22,1.8676903005234856e-12,7.179191571931889e-24,2.2253060114918807e-24,2.8256280678500035e-27,6.008514433685496e-24,1.492307233421368e-22,2.481643926523954e-16
5.3879210572748025e-09,0.4522483987462679,3.76,0.0,0.5008965225690191,0.9999999010371503,1.2138455001610551e-11,9.427270254037783e-10,3.287554105376366e-10,0.00015900199082217312,0.0001590022857096709,5.453338961662054e-13,2.6155218504530165e-09,2.7147741725656674e-10,2.4177180410322553e-11,4.853211439595968e-13,9.862263136864607e-08,2.382690686721518e-12,1.9243463534467193e-08,5.21934746208963e-08,5.498816919276147e-08,2.7570316967831932e-08,7.31403392277461e-12,1.3966671071716909e-11,3.1695866388032268e-12,2.1887693466896182e-10,1.7092644633894238e-17,6.71688316035867e-19,6.390701849250516e-12,3.080809551750224e-15,1.4913671683888585e-24,1.9747334215737266e-12,4.132974167474056e-17,4.006544000072829e-19,1.8304460490417587e-22,6.041134393969337e-23,2.4496448089744606e-07,6.057851877500465e-11,2.441755266630046e-07,1.0501851894024967e-15,4.448543790253697e-21,7.927844893520918e-19,1.0899819932692048e-10,1.3627038934886439e-22,1.2822337017757616e-22,1.9337262551253524e-12,7.736890200033615e-24,2.4504856360625616e-24,3.1069632462886126e-27,6.5285810288266396e-24,1.6483064827111413e-22,2.6840764376816543e-16
5.4937584915164375e-09,0.45224866774465056,3.76,0.0,0.5008933928064006,0.9999998990803249,1.3001275132630341e-11,9.80071040826295e-10,3.452680923792531e-10,0.00016212482836582413,0.00016212513494564293,5.565461981953962e-13,2.748998380365387e-09,2.8194847346861765e-10,2.5600049823464665e-11,5.237541958681788e-13,1.0056280794902478e-07,2.477273501168962e-12,1.9398672719369715e-08,5.3766582181845176e-08,5.670349003915136e-08,2.7798495034380698e-08,7.602680641125783e-12,1.4531400552186663e-11,3.3573219261101826e-12,2.2982748739063294e-10,1.833541464959841e-17,7.330836173578869e-19,6.5037029618388096e-12,3.2434729338141418e-15,1.6420509274180098e-24,2.0355927406137067e-12,4.37957092417978e-17,4.3286532507239187e-19,2.0100108873730473e-22,6.603202733045602e-23,2.4977225663075925e-07,6.298077968633011e-11,2.489520574601232e-07,1.10344962235064e-15,4.696284909075097e-21,8.402898739267858e-19,1.1332074848258456e-10,1.4627791068737014e-22,1.428931930476241e-22,2.000579868451075e-12,8.324212759767185e-24,2.6929755925601948e-24,3.409367003610705e-27,7.080552721357416e-24,1.8165706990506486e-22,2.898544951574756e-16
5.5995959257580725e-09,0.45224893674255157,3.76,0.0,0.5008902630587626,0.9999998971229579,1.3906982347504349e-11,1.0181381898415612e-09,3.6225850496166153e-10,0.0001652476461695493,0.00016524796466918176,5.677956083391219e-13,2.886332254475146e-09,2.9260625659665793e-10,2.707649801411124e-11,5.644060527991636e-13,1.0250306330898459e-07,2.573698817341373e-12,1.9550658114061312e-08,5.534939452860654e-08,5.84326118535158e-08,2.802065912728368e-08,7.896870858748705e-12,1.5107657959197115e-11,3.5522227773334607e-12,2.4106826031659545e-10,1.9643355152688327e-17,7.988963116047709e-19,6.614807872319321e-12,3.411098878427852e-15,1.804889885163765e-24,2.0969333790181756e-12,4.6359305278093054e-17,4.669918539440967e-19,2.2036466295609987e-22,7.204840848386461e-23,2.5457987158837895e-07,6.542970863500243e-11,2.5372782290234375e-07,1.1581908458848813e-15,4.9520830337673624e-21,8.897780460629056e-19,1.177272812841156e-10,1.5679384735004174e-22,1.589257338445053e-22,2.068237133044452e-12,8.941962435527402e-24,2.9536854932329087e-24,3.733891181052045e-27,7.665554104347396e-24,1.9977407109434613e-22,3.125506216237818e-16
5.7054333599997075e-09,0.45224920573994304,3.76,0.0,0.5008871333260803,0.9999998951650472,1.485680368059305e-11,1.0569283469968388e-09,3.797299629090117e-10,0.00016837044423361858,0.00016837077488038348,5.788920676819294e-13,3.0275453721343983e-09,3.0345015637088264e-10,2.860742803268356e-11,6.073586319651327e-13,1.0444339650003628e-07,2.6719667052567834e-12,1.9699565348096317e-08,5.6941563654054765e-08,6.017520973918035e-08,2.8237013778092205e-08,8.19660939747268e-12,1.5695458836985372e-11,3.7544157159996994e-12,2.5259923169863304e-10,2.1018541912233872e-17,8.69357211466824e-19,6.7240385528704545e-12,3.583726342046135e-15,1.980615392537102e-24,2.1587453688629043e-12,4.902255820349938e-17,5.031098784681392e-19,2.4121588947024063e-22,7.84796704278367e-23,2.5938732577584944e-07,6.792530326719071e-11,2.5850282311742366e-07,1.214413848806254e-15,5.21596268510806e-21,9.412995570233182e-19,1.2221779388730913e-10,1.6783261236882975e-22,1.7641880192925205e-22,2.1366843126019207e-12,9.590950259390847e-24,3.233549376226176e-24,4.081611809419994e-27,8.284718299433385e-24,2.1924726929573604e-22,3.3654256347254724e-16
5.8112707942413425e-09,0.4522494747367984,3.76,0.0,0.5008840036083285,0.9999998932065911,1.585197553211126e-11,1.0964413868693941e-09,3.9768568594226264e-10,0.00017149322255806824,0.00017149356557934374,5.898874129299588e-13,3.172658843962421e-09,3.144795648976869e-10,3.0193737512944643e-11,6.526954480423939e-13,1.0638380661308216e-07,2.7720772340500793e-12,1.984553544434981e-08,5.854275458424997e-08,6.193097100837524e-08,2.8447755140285394e-08,8.501893235280176e-12,1.629481845781601e-11,3.964026815176156e-12,2.644203027323312e-10,2.2463101453829682e-17,9.447040595564201e-19,6.8314087388514305e-12,3.761393712774132e-15,2.169986593549066e-24,2.221019069576029e-12,5.1787529366051045e-17,5.412968076375997e-19,2.636380579569281e-22,8.53456895002809e-23,2.641946191987156e-07,7.046756122911791e-11,2.632770582330981e-07,1.2721233060310624e-15,5.487948280404142e-21,9.949127560719434e-19,1.2679228244782922e-10,1.7940866798167388e-22,1.9547512060913942e-22,2.205907958159227e-12,1.0272000702871081e-23,3.533527199031879e-24,4.4536310283377665e-27,8.939179341036685e-24,2.401438023218165e-22,3.618777775083905e-16
5.9171082284829775e-09,0.4522497437330915,3.76,0.0,0.5008808739054839,0.9999998912475879,1.689374164314862e-11,1.1366771840542342e-09,4.1612881289442745e-10,0.00017461598114275348,0.0001746163367661584,6.010201774460968e-13,3.3216930659595653e-09,3.2569387607274007e-10,3.183631999387813e-11,7.005012359815845e-13,1.0832429277616593e-07,2.8740304720699808e-12,1.998870259186236e-08,6.01526446793377e-08,6.369959456115519e-08,2.865307389800197e-08,8.812713308350568e-12,1.6905751912106118e-11,4.181181807384533e-12,2.7653130102782017e-10,2.3979165076895008e-17,1.0251822877865964e-18,6.9369395464938115e-12,3.944138561196612e-15,2.373790620305248e-24,2.2837453113948297e-12,5.4656276374316296e-17,5.816317247516315e-19,2.8771723921218034e-22,9.266674444752458e-23,2.690017518625211e-07,7.305648016712197e-11,2.680505283770886e-07,1.331323699067753e-15,5.7681576788768796e-21,1.0506675850553112e-18,1.314507431212878e-10,1.915365515749062e-22,2.1620256427219846e-22,2.275894814100226e-12,1.0985926031174903e-23,3.854604713412934e-24,4.851076206479308e-27,9.63007190066957e-24,2.6253225502909826e-22,3.886044206010844e-16
6.0229456627246125e-09,0.452250012728798,3.76,0.0,0.500877744217523,0.9999998892880358,1.7983352441289475e-11,1.177635613159301e-09,4.3506240540397025e-10,0.00017773871998768426,0.00017773908844092277,6.123680748194598e-13,3.4746677269690824e-09,3.3709248535201e-10,3.353606542103384e-11,7.508618043987119e-13,1.1026485415460903e-07,2.977826486891067e-12,2.012919316711584e-08,6.177092371775011e-08,6.548079096685433e-08,2.8853156166768155e-08,9.129065829326802e-12,1.752827412803137e-11,4.406006096884223e-12,2.889319791825051e-10,2.5568849659620977e-17,1.1110451383296073e-18,7.040664944508666e-12,4.131997527022629e-15,2.592843470125547e-24,2.3469154593876587e-12,5.76308374299316e-17,6.241954090774306e-19,3.135423142998964e-22,1.0046344104186197e-22,2.738087237728097e-07,7.569205772767989e-11,2.728232336771074e-07,1.3920193606751066e-15,6.056736919724508e-21,1.108604348043228e-18,1.361931720632319e-10,2.0423089142278571e-22,2.387143367318342e-22,2.346631783383223e-12,1.1733517230410402e-23,4.197791817930399e-24,5.275097323520579e-27,1.0358537660559402e-23,2.8648261370279366e-22,4.1677126556037956e-16
6.1287830969662474e-09,0.45225028172389403,3.76,0.0,0.5008746145444233,0.9999998873279335,1.9122066971020715e-11,1.2193165488183613e-09,4.544894354189335e-10,0.0001808614390931886,0.00018086182060373233,6.236801628505191e-13,3.6316017543831518e-09,3.4867479036075925e-10,3.529385876885388e-11,8.038644234670467e-13,1.1220548995212327e-07,3.0834653452420677e-12,2.0267128391632496e-08,6.339729421452751e-08,6.727428271790051e-08,2.904818054244601e-08,9.450957746465952e-12,1.8162399770980486e-11,4.6386246249846945e-12,3.0162201395169273e-10,2.723430422711727e-17,1.202552777238453e-18,7.142614435655156e-12,4.325006617897239e-15,2.8279909825073655e-24,2.410521241232482e-12,6.071326858770094e-17,6.6907014110194435e-19,3.4120495232176465e-22,1.0875705636950138e-22,2.7861553493512505e-07,7.837429155734371e-11,2.7759517426084683e-07,1.454214363407791e-15,6.3536870754349115e-21,1.1687750147285687e-18,1.4101956542905145e-10,2.1750638154164133e-22,2.6312902089876687e-22,2.4181060226828646e-12,1.2515571557244798e-23,4.564121114867316e-24,5.72686534964627e-27,1.1125729112914626e-23,3.1206628534122214e-22,4.464279237132305e-16
6.2346205312078824e-09,0.45225055071835657,3.76,0.0,0.5008714848861633,0.9999998853672788,2.0311152796308095e-11,1.2617198656938414e-09,4.744127887690304e-10,0.0001839841384595052,0.00018398453325468227,6.347981599551346e-13,3.792513374427622e-09,3.6044019101574726e-10,3.7110579788571906e-11,8.595978976737428e-13,1.1414619940752378e-07,3.1909471130790076e-12,2.0402625446217857e-08,6.503147027461005e-08,6.907980315988061e-08,2.9238318117630078e-08,9.778393020582757e-12,1.880814324945747e-11,4.879161886266158e-12,3.146010151439561e-10,2.8977720921674947e-17,1.2999724264830834e-18,7.242809956257258e-12,4.523201344285214e-15,3.080108419771302e-24,2.474554671994636e-12,6.390565347295434e-17,7.163397244672727e-19,3.707996210742299e-22,1.1756956304835627e-22,2.834221853550104e-07,8.1103179302726e-11,2.8236635025597765e-07,1.5179125194864588e-15,6.658976060167731e-21,1.2312403786445248e-18,1.4592991937404902e-10,2.313777657682046e-22,2.895707126820034e-22,2.4903049544904724e-12,1.333289684050286e-23,4.9546496898162055e-24,6.207574550543467e-27,1.1932800313764915e-23,3.393560786156495e-22,4.776248866545095e-16
6.3404579654495174e-09,0.45225081971216363,3.76,0.0,0.5008683552427217,0.9999998834060704,2.1551884261161135e-11,1.304845438468237e-09,4.948352788881205e-10,0.00018710681808658205,0.0001871072263938678,6.45864074729087e-13,3.9574202088854395e-09,3.723880891072649e-10,3.898710396300986e-11,9.18152294255985e-13,1.1608698179096717e-07,3.3002718557081806e-12,2.05357962311081e-08,6.667317635125948e-08,7.089709535982205e-08,2.9423734938581073e-08,1.01113658646787e-11,1.9465518793899743e-11,5.127742030402624e-12,3.278685336970981e-10,3.080130356181424e-17,1.40357911878049e-18,7.341277327908941e-12,4.726616586735394e-15,3.3501001296194076e-24,2.539008131985495e-12,6.721007881631211e-17,7.660896418389141e-19,4.024236289119502e-22,1.269233897678045e-22,2.8822867503800927e-07,8.387871861054269e-11,2.8713676179015576e-07,1.5831174862241362e-15,6.972686623478207e-21,1.2960538934546106e-18,1.5092423005356088e-10,2.458598488167092e-22,3.1816924003215376e-22,2.5632161959109525e-12,1.4186292358392082e-23,5.370460548613358e-24,6.718443865874783e-27,1.2780901728315861e-23,3.684261425404722e-22,5.104133704228286e-16
6.446295399691152e-09,0.4522510887052939,3.76,0.0,0.500865225614078,0.999999881444307,2.2845541650234106e-11,1.3486931418392036e-09,5.157596527248193e-10,0.00019022947797427486,0.00019022990002138369,6.571144385071841e-13,4.1263393075102315e-09,3.845178880621455e-10,4.092430303340325e-11,9.796187900768634e-13,1.1802783640287777e-07,3.411439637828739e-12,2.0666746550751854e-08,6.832214691427525e-08,7.272591180256322e-08,2.9604593151410093e-08,1.044986744467887e-11,2.0134540485613814e-11,5.384488889522456e-12,3.4142406335848697e-10,3.2707248815126934e-17,1.5136559489856837e-18,7.438052101915103e-12,4.935286504129421e-15,3.638900119226377e-24,2.6038744191506234e-12,7.062861942347356e-17,8.184071040793663e-19,4.361771518852549e-22,1.3684132339201354e-22,2.9303500398966383e-07,8.670090712763739e-11,2.919064089910252e-07,1.649832823930356e-15,7.294991782241415e-21,1.3632577995334403e-18,1.5600249362298626e-10,2.6096750791354046e-22,3.49060349639382e-22,2.6368275204920304e-12,1.5076538980500433e-23,5.81266190686541e-24,7.260715546223878e-27,1.3671184146860313e-23,3.993519189979461e-22,5.448452276373875e-16
6.552132833932787e-09,0.4522513576977276,3.76,0.0,0.5008620960002124,0.9999998794819863,2.4193412588809007e-11,1.393262850527087e-09,5.371885800316917e-10,0.00019335211812279674,0.00019335255413732488,6.68416501720694e-13,4.2992870762321685e-09,3.968289933032583e-10,4.292304416892715e-11,1.0440899023498052e-12,1.1996876257651716e-07,3.524450523442085e-12,2.0795577430059585e-08,6.997812730223069e-08,7.456601515119362e-08,2.9781048864245526e-08,1.0793900980371326e-11,2.0815222178373444e-11,5.649525864258858e-12,3.5526703508246896e-10,3.4697772336498824e-17,1.6304932902324115e-18,7.53316858092485e-12,5.149244675769784e-15,3.94747352217576e-24,2.669146665480593e-12,7.416335849881126e-17,8.73380879411388e-19,4.721632196528439e-22,1.4734676159118606e-22,2.9784117221551667e-07,8.956974250094419e-11,2.9667529198621295e-07,1.7180619155586378e-15,7.62592673000346e-21,1.432902483398061e-18,1.6116470623766556e-10,2.7671568627468145e-22,3.8238579534050407e-22,2.7111269181411947e-12,1.6004416838415967e-23,6.282384231545549e-24,7.835651279345298e-27,1.460480840781172e-23,4.32210140717874e-22,5.809730798902365e-16
6.657970268174422e-09,0.45225162668944463,3.76,0.0,0.5008589664011053,0.9999998775191075,2.5596792512980923e-11,1.438554439279376e-09,5.591246513017061e-10,0.00019647473853255895,0.0001964751887417861,6.794328275936032e-13,4.476279283519541e-09,4.0932081245405584e-10,4.4984189515762793e-11,1.111659616431938e-12,1.219097596771469e-07,3.6393045758583395e-12,2.092238620440502e-08,7.164087340970809e-08,7.641717794568867e-08,2.99532513690218e-08,1.114347638426241e-11,2.15075774767214e-11,5.922975899372467e-12,3.6939681986235734e-10,3.677512486455078e-17,1.7543885902416607e-18,7.626654129871899e-12,5.368524227510441e-15,4.2768167054925636e-24,2.7348182653463677e-12,7.78164008371576e-17,9.311012460918916e-19,5.10487714608512e-22,1.5846381430967726e-22,3.0264717972110976e-07,9.248522237746552e-11,3.01443410903325e-07,1.7878079309182386e-15,7.965403727331376e-21,1.5050508211122004e-18,1.664108640528695e-10,2.9311938159980016e-22,4.1829345702257635e-22,2.7861026242641917e-12,1.697071430762134e-23,6.780780294027931e-24,8.444532262351684e-27,1.558294131292808e-23,4.670788170640958e-22,6.188503910769407e-16
6.763807702416057e-09,0.45225189568042634,3.76,0.0,0.5008558368167383,0.9999998755556688,2.7056982895204144e-11,1.4845677828644355e-09,5.815703938275208e-10,0.00019959733920346567,0.00019959780383486196,6.903499728854742e-13,4.6573312004010466e-09,4.2199275502295026e-10,4.7108596946928516e-11,1.1824231761517815e-12,1.238508270959487e-07,3.756001857871269e-12,2.1047266030970792e-08,7.331014962666014e-08,7.827918071436542e-08,3.012134564699928e-08,1.1498586532039413e-11,2.2211619826522378e-11,6.20496161470224e-12,3.838127433906688e-10,3.8941570512308685e-17,1.885647334735032e-18,7.718538882960658e-12,5.593157791543182e-15,4.627955767670049e-24,2.8008829024389357e-12,8.158985693249489e-17,9.9166019362881e-19,5.51259407992749e-22,1.7021705193102837e-22,3.07453026511985e-07,9.544734440430296e-11,3.062107658699517e-07,1.8590739254899293e-15,8.313525423648826e-21,1.5797555737167343e-18,1.717409632239863e-10,3.1019364213821377e-22,4.569375520105514e-22,2.8617430589407622e-12,1.79762116955536e-23,7.309029215622742e-24,9.088664214620881e-27,1.6606739532276086e-23,5.040371803345508e-22,6.585313470876254e-16
6.869645136657692e-09,0.4522521646706547,3.76,0.0,0.5008527072470926,0.999999873591669,2.8575290728013533e-11,1.5313027560684734e-09,6.045282752802055e-10,0.00020271992013526526,0.00020272039941664688,7.015150872586233e-13,4.84245761909939e-09,4.3484423225568425e-10,4.9297120380954805e-11,1.2564769880194323e-12,1.257919642493989e-07,3.87454243178318e-12,2.1170305416406878e-08,7.498572865506352e-08,8.015181179879923e-08,3.028547303210107e-08,1.1859219094002852e-11,2.2927362522983906e-11,6.495605300329945e-12,3.9851408687856135e-10,4.1199374903906916e-17,2.0245831576734997e-18,7.808859015847322e-12,5.823177451986081e-15,5.001947366629418e-24,2.8673345801821523e-12,8.548583345818739e-17,1.0551514425872645e-18,5.945899780225828e-22,1.8263146208351832e-22,3.1225871259368397e-07,9.845610622867217e-11,3.109773570136695e-07,1.931862883345247e-15,8.670490534893575e-21,1.657059857319832e-18,1.771549999065389e-10,3.2795357506345735e-22,4.984788111696224e-22,2.9380368033128806e-12,1.9021675531347544e-23,7.868335502718466e-24,9.769375738468236e-27,1.7677357545348534e-23,5.431656451295646e-22,7.000708008428123e-16
6.975482570899327e-09,0.45225243366011236,3.76,0.0,0.5008495776921512,0.9999998716271065,3.0153029156258965e-11,1.578759233697947e-09,6.280006979687272e-10,0.0002058424813280745,0.00020584297548723526,7.128941931154296e-13,5.031672802420784e-09,4.4787465725189347e-10,5.155060949521279e-11,1.3339186968585258e-12,1.2773317058137798e-07,3.994926359342598e-12,2.1291588530011693e-08,7.666739223393958e-08,8.20348680075599e-08,3.0445770198678605e-08,1.2225374174580609e-11,2.365481866608569e-11,6.795028842887308e-12,4.1350008169486104e-10,4.355081255758477e-17,2.171517352288598e-18,7.897652231082488e-12,6.058614773472648e-15,5.399880260608734e-24,2.9341676031757185e-12,8.950643853950043e-17,1.1216703370418598e-18,6.40594007678591e-22,1.9573258405994753e-22,3.170642379717472e-07,1.0151150549789145e-10,3.1574318446203964e-07,2.0061776873505485e-15,9.036377186442138e-21,1.7370107238248004e-18,1.826529702560963e-10,3.4641435123855154e-22,5.430846083836709e-22,3.014972621764652e-12,2.0107865744788965e-23,8.459926048430535e-24,1.0488014175213184e-26,1.8795959074530825e-23,5.845457872529858e-22,7.43524315692008e-16
7.081320005140962e-09,0.45225270264878265,3.76,0.0,0.500846448151896,0.9999998696619798,3.179151844272051e-11,1.6269370905852132e-09,6.519899917506721e-10,0.00020896502278239042,0.0002089655320467213,7.240605522144884e-13,5.224990440432412e-09,4.6108344523227657e-10,5.386990912387658e-11,1.4148473561193514e-12,1.2967444556460125e-07,4.117153701689404e-12,2.1411196242405082e-08,7.83549315983033e-08,8.392815502829253e-08,3.0602367674845594e-08,1.2597064692766261e-11,2.4394001117504708e-11,7.103353671953035e-12,4.2876990647440984e-10,4.5998186728600495e-17,2.326778335939012e-18,7.984949801673713e-12,6.299500916102404e-15,5.822875998263447e-24,3.0013765107316194e-12,9.365379733369246e-17,1.1913137277296628e-18,6.893889729928492e-22,2.095466823563767e-22,3.2186960265171556e-07,1.0461353985935354e-10,3.205082483426027e-07,2.08202105167616e-15,9.411073688275838e-21,1.819670564755007e-18,1.8823487042818538e-10,3.6559119896300995e-22,5.909290675632562e-22,3.092539505190065e-12,2.1235548666838917e-23,9.08504832738564e-24,1.1245943246088063e-26,1.9963716365448243e-23,6.282603332350949e-22,7.889482631418928e-16
7.187157439382597e-09,0.45225297163664974,3.76,0.0,0.500843318626311,0.9999998676962878,3.3492085470870483e-11,1.6758362015888703e-09,6.764984200885246e-10,0.0002120875444984085,0.00021208806909519932,7.348993482449038e-13,5.422423721389434e-09,4.744700135409507e-10,5.625585928841521e-11,1.499363423332058e-12,1.316157886971737e-07,4.241224519442229e-12,2.1529206625459845e-08,8.004814628156495e-08,8.583148632769097e-08,3.07553905104014e-08,1.2974293436135432e-11,2.5144922537775178e-11,7.42070082603774e-12,4.4432269616923146e-10,4.8543831403723176e-17,2.4907020165337014e-18,8.07077749311574e-12,6.5458667023374065e-15,6.272087631951216e-24,3.068956041472179e-12,9.793005460306168e-17,1.2641800480317564e-18,7.4109525311079295e-22,2.2410067888824704e-22,3.266748066391298e-07,1.0776220696052383e-10,3.2527254878287955e-07,2.1593955315528155e-15,9.794529304758546e-21,1.9051058161102303e-18,1.9390069657836922e-10,3.854993924783945e-22,6.42193221403511e-22,3.1707266633642166e-12,2.2405495526558724e-23,9.744973020625838e-24,1.2044546474694538e-26,2.1181794114602642e-23,6.743931299862003e-22,8.363998202499811e-16
7.292994873624232e-09,0.4522532406236976,3.76,0.0,0.5008401891153798,0.999999865730029,3.5256061808893e-11,1.7254564415861517e-09,7.015281968257876e-10,0.00021521004647568216,0.00021521058663276322,7.459588876250875e-13,5.62398547030234e-09,4.880337812662453e-10,5.870929607459625e-11,1.587568509988907e-12,1.3355719949674559e-07,4.367138872872281e-12,2.1645694120566573e-08,8.174684215487201e-08,8.774468134939796e-08,3.090496103622809e-08,1.3357041620018678e-11,2.5907595470462397e-11,7.74719106079935e-12,4.6015755587630967e-10,5.1190084509395246e-17,2.663632835969618e-18,8.155167066945948e-12,6.797742535654868e-15,6.748698385286445e-24,3.1369011828142104e-12,1.0233735466657523e-16,1.3403695342756977e-18,7.958361671746913e-22,2.3942187267458547e-22,3.314798499395297e-07,1.1095750444897772e-10,3.3003608591037645e-07,2.2383036410042178e-15,1.0186981495525604e-20,1.993364238698953e-18,1.9965044486244312e-10,4.061542515561528e-22,6.970652370337295e-22,3.2495234545451604e-12,2.3618463316138988e-23,1.044099803495986e-23,1.2885232110797445e-26,2.2451342562158646e-23,7.230290874178387e-22,8.859368261076628e-16
7.398832307865867e-09,0.4522535096099118,3.76,0.0,0.500837059619086,0.9999998637632023,3.708478317578637e-11,1.7757976854681771e-09,7.270814886236839e-10,0.00021833252871414238,0.00021833308465950702,7.573966987240596e-13,5.829688142299723e-09,5.017741690165969e-10,6.123105209213257e-11,1.6795652390971526e-12,1.3549867750124107e-07,4.494896821898088e-12,2.1760728604329706e-08,8.345083173735052e-08,8.966756578370946e-08,3.1051199519841125e-08,1.3745303199800647e-11,2.6682032329216897e-11,8.08294479456521e-12,4.762735576308542e-10,5.393926921834601e-17,2.8459237595414883e-18,8.238160599638647e-12,7.055158287584191e-15,7.253923843054722e-24,3.2052072326922113e-12,1.0687782592714251e-16,1.419984219658277e-18,8.537379930796146e-22,2.555379162364435e-22,3.3628473255845454e-07,1.1419942997242451e-10,3.3479885985258916e-07,2.318747923907541e-15,1.0588621311223349e-20,2.0844833318269417e-18,2.0548411143643605e-10,4.275711594881811e-22,7.557406059894737e-22,3.3289193537253775e-12,2.4875187008890136e-23,1.1174445728331597e-23,1.37694289172124e-26,2.3773521679454637e-23,7.742541341537543e-22,9.376177001028442e-16
7.504669742107502e-09,0.452253778595278,3.76,0.0,0.5008339301374143,0.999999861795806,3.897959133766031e-11,1.8268598081488902e-09,7.531603994858014e-10,0.00022145499121428716,0.00022145556317552446,7.687841496170491e-13,6.039543705783192e-09,5.156905993521933e-10,6.382195549052518e-11,1.7754575243142297e-12,1.3744022227343105e-07,4.6244984259391035e-12,2.1874376765955015e-08,8.515993571400291e-08,9.159997295461912e-08,3.119422129830702e-08,1.4139091238584124e-11,2.746824531523093e-11,8.428082004684265e-12,4.926697297673283e-10,5.679372503796239e-17,3.0379351414510766e-18,8.319796844345522e-12,7.31814344388253e-15,7.78901380412966e-24,3.273869713638121e-12,1.115536046182743e-16,1.5031276888461116e-18,9.149299386294224e-22,2.7247714296891773e-22,3.410894545014434e-07,1.1748798117866317e-10,3.3956087073699493e-07,2.4007308312686395e-15,1.0999385823631832e-20,2.1785155644584707e-18,2.1140169245641144e-10,4.497655608902858e-22,8.184222201240805e-22,3.4089040280592306e-12,2.6176401876473707e-23,1.194665813487942e-23,1.4698579938336066e-26,2.514950357133568e-23,8.281552193092752e-22,9.91501602090151e-16
7.610507176349137e-09,0.45225404757978244,3.76,0.0,0.5008308006703498,0.999999859827839,4.0941834765294754e-11,1.878642684570947e-09,7.797669674519564e-10,0.00022457743397643901,0.0002245780221809094,7.798743649489204e-13,6.2535636443114806e-09,5.297824970561887e-10,6.648282938406926e-11,1.8753507395775692e-12,1.3938183340022714e-07,4.755943743916113e-12,2.1986703379048235e-08,8.687398263920112e-08,9.354174354936625e-08,3.133413578349067e-08,1.4538412906504653e-11,2.8266246411502277e-11,8.78272224619601e-12,5.093450598699899e-10,5.975582959485115e-17,3.2400345061707175e-18,8.400104521673384e-12,7.586727254046342e-15,8.355251218668101e-24,3.3428842892625373e-12,1.163668526303357e-16,1.5899050304060837e-18,9.795441283780212e-22,2.902686648360954e-22,3.4589401577403516e-07,1.2082315571555318e-10,3.4432211869104935e-07,2.4842546434074086e-15,1.1419179051514115e-20,2.2755272607601526e-18,2.1740318407843003e-10,4.727529460888823e-22,8.853204834495903e-22,3.4894673754429594e-12,2.752285493659542e-23,1.2758997841626084e-23,1.5674143850232922e-26,2.6580453928008716e-23,8.848203016254527e-22,1.0476485297282495e-15
7.716344610590772e-09,0.45225431656341236,3.76,0.0,0.5008276712178779,0.9999998578593003,4.297286753796747e-11,1.931146189702537e-09,8.069031748154447e-10,0.0002276998570003795,0.00022770046167575544,7.909797086276416e-13,6.471759050463544e-09,5.440492889680193e-10,6.921449225008312e-11,1.979351605866325e-12,1.413235104885437e-07,4.889232834368356e-12,2.209777111374007e-08,8.85928075326717e-08,9.549272432611283e-08,3.147104802859452e-08,1.4943257186017622e-11,2.90760474334619e-11,9.146984720579486e-12,5.262985050449762e-10,6.282798777623173e-17,3.4525972193655064e-18,8.479108162639242e-12,7.860938719996012e-15,8.953950751352638e-24,3.4122467731014855e-12,1.2131974990814046e-16,1.6804229796888896e-18,1.0477156224546244e-21,3.0894220556134506e-22,3.506984163817685e-07,1.2420495123102993e-10,3.4908260384218783e-07,2.5693215231078767e-15,1.1848085498332025e-20,2.375581873664275e-18,2.2348858245867048e-10,4.965488451295784e-22,9.566535024827358e-22,3.5705994893026122e-12,2.891529553735826e-23,1.3612851310196484e-23,1.6697599183339579e-26,2.806752413113925e-23,9.443383079173886e-22,1.1061192535055009e-15
7.822182044832407e-09,0.45225458554615433,3.76,0.0,0.5008245417799843,0.9999998558901885,4.50740470645788e-11,1.984370198525523e-09,8.345709655252214e-10,0.00023082226028603892,0.00023082288166015633,8.022582625929703e-13,6.6941407415598705e-09,5.584904034083838e-10,7.20177591994266e-11,2.087567818702685e-12,1.432652531609676e-07,5.024365755601388e-12,2.2207638691871437e-08,9.031625049288645e-08,9.745276682789369e-08,3.160506195976827e-08,1.5353618095349528e-11,2.9897660094058024e-11,9.520988322777914e-12,5.435290008178915e-10,6.60125884662007e-17,3.676007525461823e-18,8.556843725657417e-12,8.140806391495163e-15,9.586459212999201e-24,3.481953245485803e-12,1.264144605990508e-16,1.7747901383506974e-18,1.1195824614938652e-21,3.2852779312592307e-22,3.5550265633018125e-07,1.2763336537316338e-10,3.5384232631783484e-07,2.655933698839556e-15,1.2286260446120539e-20,2.4787250068660954e-18,2.2965788375362408e-10,5.211688437564751e-22,1.0326473450475352e-21,3.652290562212006e-12,3.035444906153807e-23,1.450963074598579e-23,1.7770446097963218e-26,2.961186955967285e-23,1.0067990646204983e-21,1.1669751029986086e-15
7.928019479074042e-09,0.4522548545279967,3.76,0.0,0.5008214123566547,0.9999998539205023,4.7246734968603915e-11,2.0383145860391475e-09,8.627722375996669e-10,0.00023394464383369665,0.00023394528213420532,8.135067068975581e-13,6.920719197011559e-09,5.731052703584873e-10,7.489344156218591e-11,2.2001081643316042e-12,1.452070610582722e-07,5.161342565609362e-12,2.2316361472450353e-08,9.20441575422172e-08,9.94217281543907e-08,3.1736278963604927e-08,1.576950143579106e-11,3.073109596229374e-11,9.904851586253255e-12,5.61035454860948e-10,6.931201699636693e-17,3.910657899654634e-18,8.633351940533868e-12,8.426358426290842e-15,1.0254157295749239e-23,3.55200001760145e-12,1.3165314228918206e-16,1.8731168322294475e-18,1.1952856543386607e-21,3.4905594158241464e-22,3.6030673562481067e-07,1.3110839579014025e-10,3.586012862454013e-07,2.7440934177944784e-15,1.2733753254262982e-20,2.585001206048689e-18,2.359110841199903e-10,5.466285869940856e-22,1.1135361626491656e-21,3.734530919110341e-12,3.1841027471785614e-23,1.5450770554416067e-23,1.8894201559363302e-26,3.121465302008318e-23,1.0722932828804365e-21,1.2302780335378324e-15
8.033856913315677e-09,0.45225512350892755,3.76,0.0,0.5008182829478759,0.9999998519502403,4.949229864005063e-11,2.092979227268487e-09,8.915088313377501e-10,0.00023706700764366352,0.0002370676630979959,8.244896126732473e-13,7.151504480616326e-09,5.878933218635662e-10,7.78423459915239e-11,2.3170827783796322e-12,1.4714893384219672e-07,5.300163321976762e-12,2.2423992906729024e-08,9.377638151884598e-08,1.0139947178134432e-07,3.186479554641685e-08,1.6190914076139334e-11,3.157636641106364e-11,1.0298692634095108e-11,5.788167410876096e-10,7.27286853627546e-17,4.156948196148364e-18,8.708666374411672e-12,8.717622751238799e-15,1.095846020026783e-23,3.62238353896917e-12,1.3703796959793954e-16,1.975514927273182e-18,1.2749691503401548e-21,3.7055790792524566e-22,3.6511065427119396e-07,1.3463004013022175e-10,3.6335948375227756e-07,2.8338028221812887e-15,1.3190504440699936e-20,2.6944694395732378e-18,2.422481797145252e-10,5.729437709780934e-22,1.199562275322633e-21,3.817311084250117e-12,3.337574911848079e-23,1.6437724606238335e-23,2.0070395884307718e-26,3.287703519379537e-23,1.140912558599739e-21,1.2960907746285654e-15
8.139694347557312e-09,0.45225539248893604,3.76,0.0,0.5008151535536349,0.9999998499794017,5.181211152607686e-11,2.1483639972681672e-09,9.207825284948973e-10,0.00024018935171581546,0.00024019002455162147,8.354213336684683e-13,7.386506255485474e-09,6.028539921992683e-10,8.086527411328136e-11,2.438603248043819e-12,1.490908711943812e-07,5.440828081895836e-12,2.253058535310557e-08,9.551278167884291e-08,1.0338586719352476e-07,3.1990702903146e-08,1.6617848263308945e-11,3.243348261636741e-11,1.0702629191667835e-11,5.968717032126345e-10,7.62650460868428e-17,4.415285629417957e-18,8.78280991191131e-12,9.01462715938806e-15,1.1700816349345235e-23,3.693100343382285e-12,1.4257114572715096e-16,2.0820978265131498e-18,1.3587798307384223e-21,3.930657234507049e-22,3.69914412274868e-07,1.3819829604172524e-10,3.6811691896583126e-07,2.9250638906988723e-15,1.3656539125023233e-20,2.807197915504049e-18,2.486691666940248e-10,6.001301306397944e-22,1.2909763029148047e-21,3.9006218026001286e-12,3.495934521302932e-23,1.7471967666222874e-23,2.1300574761539775e-26,3.4600163108837573e-23,1.2127493551916397e-21,1.3644768885906008e-15
8.245531781798947e-09,0.4522556614680108,3.76,0.0,0.5008120241739185,0.9999998480079855,5.4207550628186516e-11,2.2044687711111563e-09,9.505950726429864e-10,0.00024331167604994307,0.00024331236649517522,8.466041554952964e-13,7.625733938072383e-09,6.179867173199282e-10,8.396302376221344e-11,2.5647822511876423e-12,1.5103287281022088e-07,5.583336902361149e-12,2.2636188450144766e-08,9.725322167575283e-08,1.0538078801667484e-07,3.211409054901196e-08,1.705029339335715e-11,3.330245563904931e-11,1.1116778662316707e-11,6.151991688088679e-10,7.99235520478095e-17,4.686086138818801e-18,8.85581140830371e-12,9.317399135772182e-15,1.2482706154616213e-23,3.764147149942951e-12,1.4825487173313478e-16,2.192980763189632e-18,1.4468675523211693e-21,4.1661181596500594e-22,3.7471800964136915e-07,1.4181316117307949e-10,3.7287359201341466e-07,3.0178786154538817e-15,1.413203692960771e-20,2.9232379895314633e-18,2.55174041215567e-10,6.282034453302021e-22,1.38803742537474e-21,3.984453941621194e-12,3.659253245905528e-23,1.8555000133633098e-23,2.2586305016527785e-26,3.638518130026905e-23,1.28789693772899e-21,1.4355005634711357e-15
8.351369216040582e-09,0.4522559304461417,3.76,0.0,0.5008088948087139,0.9999998460359901,5.6679996181622906e-11,2.261293423885564e-09,9.809481704538297e-10,0.0002464339806462577,0.00024643468892875033,8.579048804524332e-13,7.869196689165442e-09,6.332909347073959e-10,8.713638929994909e-11,2.6957334602011005e-12,1.5297493839950014e-07,5.727689840160743e-12,2.2740848582352247e-08,9.899756981307785e-08,1.0738411224385308e-07,3.2235046617912784e-08,1.7488253053352783e-11,3.418329642262667e-11,1.1541258107976595e-11,6.337979465229818e-10,8.370664384609595e-17,4.969774260845655e-18,8.927707651831473e-12,9.625965792401704e-15,1.330564437325356e-23,3.8355208986749325e-12,1.5409133595262063e-16,2.3082807685844355e-18,1.5393851573753139e-21,4.412290327055281e-22,3.7952144637623325e-07,1.4547463317284088e-10,3.776295030223686e-07,3.1122490680343876e-15,1.4617070822512098e-20,3.042635318624792e-18,2.6176279943651665e-10,6.571795534866434e-22,1.4910135792601769e-21,4.068798471113243e-12,3.827600881173743e-23,1.968834507238035e-23,2.3929170184640846e-26,3.8233243538455876e-23,1.3664493343366034e-21,1.5092265578791442e-15
8.457206650282217e-09,0.45225619942331863,3.76,0.0,0.5008057654580093,0.9999998440634145,5.923083318027077e-11,2.318837830702824e-09,1.011843480050994e-09,0.00024955626550500373,0.00024955699185243987,8.69156470012561e-13,8.116903336132839e-09,6.487660837621762e-10,9.03861607493999e-11,2.8315717931364948e-12,1.5491706768921042e-07,5.8738869517777674e-12,2.2844610267098514e-08,1.0074569994805529e-07,1.0939572306903881e-07,3.23536555752961e-08,1.7931731950779714e-11,3.5076015745781914e-11,1.1976184209412176e-11,6.526668200506034e-10,8.761677918386946e-17,5.266782296991523e-18,8.998531825826815e-12,9.940354021922715e-15,1.417118059324795e-23,3.907218662460221e-12,1.6008273692208006e-16,2.4281164925272307e-18,1.6364884447334718e-21,4.669508871284337e-22,3.8432472248499563e-07,1.4918270968965276e-10,3.8238465212001493e-07,3.2081772712520324e-15,1.5111634686700096e-20,3.1654442360343764e-18,2.6843543751437355e-10,6.870743448649532e-22,1.6001815137676647e-21,4.153646528500951e-12,4.001047269679711e-23,2.0873545601470418e-23,2.5330767251223542e-26,4.014550145748302e-23,1.448501341918785e-21,1.5857203450899244e-15
8.563044084523852e-09,0.4522564683995323,3.76,0.0,0.5008026361217923,0.9999998420902577,6.186145128160035e-11,2.3771018666984433e-09,1.0432826124596408e-09,0.0002526785306262923,0.00025267927526633686,8.803291586006906e-13,8.36886239327054e-09,6.64411605830919e-10,9.371312374347789e-11,2.9724134278225852e-12,1.5685926042250242e-07,6.021928293415878e-12,2.2947516416725198e-08,1.0249749112612502e-07,1.1141550854851663e-07,3.246999831460245e-08,1.838073034181087e-11,3.5980624228587045e-11,1.2421673277052865e-11,6.718045509654983e-10,9.165643569507759e-17,5.577550389968802e-18,9.06831312135179e-12,1.0260590530244125e-14,1.5080898700262285e-23,3.979237629102898e-12,1.662312859541052e-16,2.552608219671506e-18,1.7383361686134212e-21,4.938115495821555e-22,3.8912783797319123e-07,1.5293738837224165e-10,3.8713903943365654e-07,3.3056651893621287e-15,1.5615731434758032e-20,3.2917239699511686e-18,2.7519195160678144e-10,7.179037563730252e-22,1.715826954695468e-21,4.2389894198553505e-12,4.179662394691063e-23,2.2112165600948108e-23,2.6792707526631355e-26,4.2123100474091845e-23,1.5341485000607163e-21,1.665048121145927e-15
8.668881518765487e-09,0.452256737374773,3.76,0.0,0.5007995068000515,0.9999998401165187,6.457324426557894e-11,2.436085407030162e-09,1.0752671362663344e-09,0.00025580077601015754,0.0002558015391705341,8.914731176654904e-13,8.625082100816506e-09,6.802269441095613e-10,9.711805974475343e-11,3.1183757361239166e-12,1.5880151635701344e-07,6.171813921048712e-12,2.3049608152237237e-08,1.042528270242347e-07,1.1344336108374548e-07,3.25841528963013e-08,1.8835245895789068e-11,3.689713234894839e-11,1.2877841265022448e-11,6.912098826695815e-10,9.582810426529577e-17,5.902526802905003e-18,9.137079679974136e-12,1.0586701818371046e-14,1.6036416576994272e-23,4.051575112139504e-12,1.7253920218903304e-16,2.681877929208602e-18,1.8450900459902468e-21,5.218457766044378e-22,3.939307928463546e-07,1.5673866686942626e-10,3.9189266509057834e-07,3.4047147604240853e-15,1.6129401291571564e-20,3.42153288422925e-18,2.820323378715774e-10,7.496837720632073e-22,1.8382447927311687e-21,4.3248186008218e-12,4.3635159094005905e-23,2.3405790684724786e-23,2.8316617744976306e-26,4.416718161070332e-23,1.62348705650736e-21,1.7472767671361691e-15
8.774718953007122e-09,0.45225700634903243,3.76,0.0,0.5007963774927754,0.9999998381421962,6.736760972031549e-11,2.4957883268768414e-09,1.1077985802350646e-09,0.0002589230016566441,0.0002589237835651247,9.026274940368698e-13,8.885570445731459e-09,6.962115435840488e-10,1.0060174617787505e-10,3.269577243343791e-12,1.6074383526397116e-07,6.323543890446634e-12,2.3150924703375695e-08,1.060115956557403e-07,1.1547917714537935e-07,3.269619494291073e-08,1.9295276655593666e-11,3.78255504500207e-11,1.334480377449039e-11,7.108815423894836e-10,1.001342848755479e-16,6.242168043466461e-18,9.204860088904264e-12,1.0918714172283207e-14,1.7039386252925127e-23,4.124228556681697e-12,1.7900870945026353e-16,2.8160493209404914e-18,1.956914760348708e-21,5.510888821443758e-22,3.9873358711001996e-07,1.6058654283012325e-10,3.966455292180484e-07,3.5053279176910302e-15,1.665270203445214e-20,3.5549270697019186e-18,2.8895659246681395e-10,7.824304243765613e-22,1.9677392550570752e-21,4.411125665256048e-12,4.552676890997848e-23,2.4756028335987914e-23,2.9904140053871633e-26,4.6278883845149395e-23,1.7166139374986497e-21,1.8324738259029007e-15
8.880556387248757e-09,0.4522572753223015,3.76,0.0,0.5007932481999523,0.9999998361672892,7.024594897461406e-11,2.55621050143849e-09,1.1408784339353539e-09,0.0002620452075658311,0.00026204600845020125,9.137954584117362e-13,9.150335167654059e-09,7.123648510266651e-10,1.0416495643878501e-10,3.4261376238479697e-12,1.626862169278785e-07,6.477118257184773e-12,2.3251503484679067e-08,1.0777368926499896e-07,1.1752285717331199e-07,3.2806197668959413e-08,1.9760821849966133e-11,3.876588874067648e-11,1.3822676052147068e-11,7.308182418410414e-10,1.0457748653294308e-16,6.596938848608849e-18,9.271683156432138e-12,1.125665367192792e-14,1.809149420750683e-23,4.197195534268794e-12,1.8564203623402147e-16,2.9552478113009327e-18,2.0739779608313345e-21,5.815767481590043e-22,4.0353622076972115e-07,1.644810139033468e-10,4.0139763194331785e-07,3.60750659301789e-15,1.7185687362998473e-20,3.691961675702785e-18,2.9596471155076e-10,8.161597948235829e-22,2.1046240619429857e-21,4.49790234370111e-12,4.747213875569598e-23,2.6164507536243467e-23,3.1556931373195403e-26,4.8459344575307154e-23,1.813626723324371e-21,1.9207074995318584e-15
9.092231255732027e-09,0.45225781326583725,3.76,0.0,0.5007869896576234,0.999999832215718,7.626017271193561e-11,2.6792121156152147e-09,1.2086891355835557e-09,0.00026828956017264715,0.0002682903996921835,9.361602474803302e-13,9.692723503149453e-09,7.451753859250048e-10,1.1153302170956558e-10,3.755819486545009e-12,1.6657116772860793e-07,6.789800404058306e-12,2.3450589363683116e-08,1.1130744074860282e-07,1.2163342997857913e-07,3.302036573071767e-08,2.0708453331659596e-11,4.068236605610472e-11,1.4811609124269117e-11,7.714815346114454e-10,1.1388504301773083e-16,7.353769017635016e-18,9.402569135856764e-12,1.195041752079655e-14,2.0350044647918427e-23,4.344060937405752e-12,1.9940909324273797e-16,3.249236283471047e-18,2.3245052263905448e-21,6.464332470403995e-22,4.131410062993631e-07,1.72409731983905e-10,4.1089955369617095e-07,3.816568201802652e-15,1.8280887728286747e-20,3.9771759759110384e-18,3.102325278189047e-10,8.86631261099439e-22,2.4018683224097845e-21,4.672832153671778e-12,5.1526880572356676e-23,2.916281153689729e-23,3.506501830719746e-26,5.303107793448945e-23,2.0197034132637793e-21,2.1065608183619776e-15
9.28273863736697e-09,0.4522582974115545,3.76,0.0,0.5007813570188507,0.9999998286572944,8.197429771207391e-11,2.7923721679487227e-09,1.2716084868019601e-09,0.0002739094100181121,0.0002739102850883595,9.562621040039124e-13,1.0195571010235367e-08,7.752763354459143e-10,1.1844392766924664e-10,4.0720847005043185e-12,1.700678361758475e-07,7.077522728967846e-12,2.362758596888242e-08,1.1449818997440403e-07,1.2535891883886432e-07,3.320682752080286e-08,2.1580177004022253e-11,4.2448062380881994e-11,1.5740109203082864e-11,8.08971720472848e-10,1.2275584203338755e-16,8.091489369783111e-18,9.517370124167694e-12,1.2595333750345067e-14,2.2568423120765124e-23,4.477290020691587e-12,2.1238218646041212e-16,3.532311755864413e-18,2.569637886534629e-21,7.094331944798021e-22,4.2178476406598787e-07,1.7970490995810903e-10,4.194486805544369e-07,4.010097035366222e-15,1.9300123539698306e-20,4.246879358036527e-18,3.233603404757187e-10,9.535788089808537e-22,2.6980105222803788e-21,4.831794902672596e-12,5.536679994871464e-23,3.207724401770551e-23,3.8462424273685016e-26,5.739214861823059e-23,2.2194536868254156e-21,2.28491178151929e-15
9.473246019001912e-09,0.45225878155394594,3.76,0.0,0.5007757244267441,0.9999998250969614,8.798245662510103e-11,2.907860665657975e-09,1.336326121602732e-09,0.000279529195916073,0.00027953010727515024,9.76336020492966e-13,1.0712383745590334e-08,8.059153771025845e-10,1.256243337859724e-10,4.407626423543645e-12,1.7356470517278482e-07,7.371221757574346e-12,2.380270252218819e-08,1.1769821665756104e-07,1.291085077599412e-07,3.3387712036260066e-08,2.246976006338074e-11,4.4252532868154445e-11,1.670573310536344e-11,8.472999793327117e-10,1.3211009021415066e-16,8.885832225588378e-18,9.629491732422427e-12,1.3259851476125522e-14,2.4973828168300102e-23,4.611502192512647e-12,2.2592098841521014e-16,3.833703706190286e-18,2.8344858544901385e-21,7.770511340718926e-22,4.304280015618081e-07,1.871510195387198e-10,4.279953424477803e-07,4.2087281029266144e-15,2.0351404141129315e-20,4.529248764854645e-18,3.3675981433912595e-10,1.023962701178857e-21,3.0234271525358568e-21,4.992156789653124e-12,5.939137757620429e-23,3.520667242680342e-23,4.209770127407587e-26,6.199356093611322e-23,2.4333392547002058e-21,2.4741922244249674e-15
9.663753400636855e-09,0.45225926569297237,3.76,0.0,0.5007700918812465,0.9999998215347133,9.429294846906194e-11,3.025676881691893e-09,1.4028493999122312e-09,0.00028514891786698336,0.0002851498662530951,9.964064930180726e-13,1.1243198866064395e-08,8.370893491843656e-10,1.330786049031067e-10,4.76318392895444e-12,1.770617738922883e-07,7.670897808203207e-12,2.3976103838277716e-08,1.2090702822100125e-07,1.328817435495595e-07,3.356336399195291e-08,2.3377198334314992e-11,4.6095832398600145e-11,1.7709140243339593e-11,8.864583537857418e-10,1.419627978900607e-16,9.739805483733706e-18,9.73908111394246e-12,1.3944116827281187e-14,2.7577358132009016e-23,4.746687028832071e-12,2.400387161373234e-16,4.15420559013696e-18,3.1201338396325537e-21,8.495177016052948e-22,4.3907071881908026e-07,1.9474804701822883e-10,4.365395401176942e-07,4.41247271169562e-15,2.1434977828222826e-20,4.824613871754756e-18,3.504309270120257e-10,1.0978784977753013e-21,3.3803118462840192e-21,5.1538743868583266e-12,6.36044702352437e-23,3.856135124676075e-23,4.5980999576933655e-26,6.684184377601503e-23,2.6619497934083177e-21,2.6748236151641613e-15
9.854260782271798e-09,0.4522597498285982,3.76,0.0,0.5007644593823032,0.9999998179705444,1.009141051375563e-10,3.1458200892264505e-09,1.4711853321659315e-09,0.0002907685758713055,0.00029076956202273203,1.0164885086803406e-12,1.1788051558527625e-08,8.687951085239074e-10,1.4081106423885515e-10,5.139508236372459e-12,1.8055904161472597e-07,7.976551197957055e-12,2.4147941883892582e-08,1.2412416571023133e-07,1.3667820456138355e-07,3.37341073589409e-08,2.4302488094605843e-11,4.797801459218483e-11,1.875098639156862e-11,9.264387969814061e-10,1.5232908157536646e-16,1.0656504133670983e-17,9.84627933556569e-12,1.464827453050624e-14,3.0390482110092564e-23,4.882835006130748e-12,2.5474865148701207e-16,4.494629019682634e-18,3.4276975171890446e-21,9.270697931714701e-22,4.4771291587005627e-07,2.0249597869012626e-10,4.4508127430548537e-07,4.6213422779394e-15,2.255109128133836e-20,5.133305259074839e-18,3.643736560997185e-10,1.1754222782922093e-21,3.770970685231646e-21,5.3169055675789294e-12,6.800989749656023e-23,4.2151749670354674e-23,5.012260001749988e-26,7.19434937920949e-23,2.9058800006164914e-21,2.887234161065598e-15
9.999999999999999e-09,0.45226023396078974,3.76,0.0,0.5007601505203492,0.999999815242635,1.0619426584961818e-10,3.2393008637457756e-09,1.5246906285118691e-09,0.0002950676026595073,0.00029506861820007745,1.0318583143667082e-12,1.2214364790320896e-08,8.934072676302188e-10,1.469169152784663e-10,5.441892644782368e-12,1.8323460504141722e-07,8.214413374654357e-12,2.427843115131789e-08,1.265906477697817e-07,1.3959795326017773e-07,3.38616032964057e-08,2.5022389950269085e-11,4.944417764683308e-11,1.9574361410881607e-11,9.57574004800465e-10,1.6061553914966935e-16,1.1402107898285481e-17,9.926756674616629e-12,1.520047815090946e-14,3.269139342419191e-23,4.987633771902696e-12,2.6640994798979913e-16,4.7690199716892436e-18,3.6784934901140764e-21,9.89981999375693e-22,4.5432389400750895e-07,2.0852505981905816e-10,4.516140862854089e-07,4.784595818587585e-15,2.342704374023946e-20,5.378658699861343e-18,3.752232818538592e-10,1.2372531200191314e-21,4.09413101025287e-21,5.4424866889050364e-12,7.151227853388767e-23,4.5064202633841586e-23,5.347180345941224e-26,7.602136125944612e-23,3.103203343468867e-21,3.057952115097893e-15
1.004476816390674e-08,0.45226023396078974,3.76,0.0,0.5007588269298604,0.9999998144044492,1.0785428980708316e-10,3.268289561664389e-09,1.5413405936436497e-09,0.00029638816992951726,0.000296389194584599,1.0365796941245626e-12,1.2346975174281815e-08,9.010295303795084e-10,1.4882599369258114e-10,5.5373619945196515e-12,1.8405650772131772e-07,8.288182242894923e-12,2.431835672848809e-08,1.2734920155356933e-07,1.4049749859669326e-07,3.390024664359358e-08,2.5245626328674735e-11,4.9899131847675524e-11,1.9831923710981727e-11,9.6723318757974e-10,1.6322416194925733e-16,1.1639110563088686e-17,9.951221725486046e-12,1.537246802919821e-14,3.342504165331964e-23,5.019937434817287e-12,2.700641409326388e-16,4.855803832255915e-18,3.7583234722336135e-21,1.0099505844980507e-21,4.5635459274698297e-07,2.103948008489024e-10,4.536205457522738e-07,4.835348364038852e-15,2.3699987196235993e-20,5.455653954564837e-18,3.7858797920994856e-10,1.2566906455878668e-21,4.197825174846769e-21,5.481209466060623e-12,7.261144287534059e-23,4.598854988717301e-23,5.453290956937724e-26,7.730497507097808e-23,3.1657292046106416e-21,3.1118587414468785e-15
1.0235275545541683e-08,0.45226071808951557,3.76,0.0,0.5007531945238676,0.9999998108364223,1.1512189542397913e-10,3.3930845726351645e-09,1.6133215379373515e-09,0.0003020077000421015,0.00030200876393923304,1.0566721544237038e-12,1.2920001354537432e-08,9.337895083271253e-10,1.5712763413054797e-10,5.95751936975218e-12,1.8755417168790169e-07,8.605791258200685e-12,2.448747747571112e-08,1.3058173746156898e-07,1.4433926093646483e-07,3.406206804709283e-08,2.6206610340508444e-11,5.1859235380665087e-11,2.095260077277576e-11,1.0088333436512986e-09,1.7466336280860246e-16,1.2690894836035028e-17,1.0054037901036898e-11,1.6116839599720127e-14,3.669325244820038e-23,5.157986394208857e-12,2.8599859601586645e-16,5.238578155412362e-18,4.1131891351831366e-21,1.0984095585084895e-21,4.6499574948210297e-07,2.1844449979004746e-10,4.621573551989927e-07,5.054502708779775e-15,2.4881904475174655e-20,5.791991518654064e-18,3.9307387395293577e-10,1.3417807302775037e-21,4.663415272199981e-21,5.646746439748936e-12,7.741285561956532e-23,5.0082645317717573e-23,5.922245687911536e-26,8.293271833248566e-23,3.442100982810716e-21,3.3491388436919547e-15
1.0425782927176626e-08,0.45226120221474686,3.76,0.0,0.5007475621642749,0.9999998072664582,1.2272534346063629e-10,3.5202043959949264e-09,1.6871342078776352e-09,0.00030762716620953706,0.0003076282700871706,1.0767612804787388e-12,1.350716013110859e-08,9.670719541697619e-10,1.6572018562608119e-10,6.40076595208298e-12,1.9105203307992671e-07,8.929378558318975e-12,2.4655423010945072e-08,1.3382140274097687e-07,1.4820315276176187e-07,3.4219840396336834e-08,2.7185437465843013e-11,5.3858375254971937e-11,2.2113662578305298e-11,1.0512310337430735e-09,1.8666211042706945e-16,1.3815214922694091e-17,1.0154851766085252e-11,1.688153044464886e-14,4.0207705703396676e-23,5.296974680364686e-12,3.025654938859862e-16,5.6438184618132305e-18,4.493502721166742e-21,1.192702529709417e-21,4.7363638610765383e-07,2.2664506181005167e-10,4.7069170338638686e-07,5.278817249087924e-15,2.6097079459493262e-20,6.1426501574540145e-18,4.078313179413986e-10,1.4307901948951211e-21,5.1704019771973945e-21,5.813478038068906e-12,8.241785234564868e-23,5.444513916124623e-23,6.420188857369111e-26,8.883312028131002e-23,3.7356028469710375e-21,3.5995225093514626e-15
1.0616290308811568e-08,0.45226168633645686,3.76,0.0,0.5007419298510346,0.999999803694552,1.306730821443948e-10,3.6496483058264944e-09,1.7627843508877912e-09,0.0003132465684322961,0.00031324771302894785,1.0968486850234034e-12,1.4108480066260855e-08,1.0008737978046023e-09,1.7460780781121237e-10,6.86789861748114e-12,1.9455009154549882e-07,9.258944457145043e-12,2.4822303028008e-08,1.3706785195519533e-07,1.520888589617221e-07,3.437381644657841e-08,2.8182104975285514e-11,5.589660042731257e-11,2.331575058723478e-11,1.0944179921128414e-09,1.9923593279308012e-16,1.5015517035635415e-17,1.0253781545711673e-11,1.766668082086362e-14,4.3981370105025115e-23,5.43689573440437e-12,3.1977837814371246e-16,6.072409651397644e-18,4.900503135194701e-21,1.293091679227427e-21,4.822765026558686e-07,2.3499647320640466e-10,4.792235910550126e-07,5.5083041481688906e-15,2.7345747193652406e-20,6.507962790244825e-18,4.2286028879058194e-10,1.5238172404783858e-21,5.721571143594341e-21,5.9813669575986554e-12,8.763011945560736e-23,5.9087342377027e-23,6.948196405511693e-26,9.501254320399778e-23,4.046845797865814e-21,3.863464255166346e-15
1.0806797690446511e-08,0.45226217045462025,3.76,0.0,0.5007362975841,0.9999998001206987,1.3897358527259213e-10,3.7814155764393065e-09,1.840277429052294e-09,0.0003188659067108491,0.00031886709276510053,1.1169371608589816e-12,1.4723988342677338e-08,1.0351919871291814e-09,1.837946201239787e-10,7.359725431376317e-12,1.980483468109123e-07,9.594489268147878e-12,2.498821867044136e-08,1.4032076342275678e-07,1.5599608672672283e-07,3.452423373532526e-08,2.919661023767802e-11,5.797395877734484e-11,2.4559502736652687e-11,1.1383859283856304e-09,2.1240045905180645e-16,1.6295335865103785e-17,1.0350939892917755e-11,1.8472430119664157e-14,4.8027593103005003e-23,5.577743597664539e-12,3.3765085932873194e-16,6.525255110646251e-18,5.335459899595216e-21,1.3998455774820052e-21,4.909160991589757e-07,2.4349872027759584e-10,4.877530189452369e-07,5.742975812785424e-15,2.8628141463037324e-20,6.8882629650269165e-18,4.381607641182746e-10,1.6209606116148833e-21,6.31983613525713e-21,6.150377011619475e-12,9.30533146981669e-23,6.402077240695615e-23,7.507355210603236e-26,1.0147731491032145e-22,4.376444030345768e-21,4.141425017724053e-15
1.0997305072081454e-08,0.4522626545692141,3.76,0.0,0.5007306653634259,0.9999997965448929,1.4763535089649763e-10,3.915505482369357e-09,1.9196186300968785e-09,0.00032448518104566783,0.0003244864092961635,1.137026945389131e-12,1.5353710859822456e-08,1.0700234879327795e-09,1.9328470209443238e-10,7.877065537287107e-12,2.0154679867586374e-07,9.936013304503256e-12,2.5153263205124028e-08,1.435798376110688e-07,1.599245640436121e-07,3.4671315508184786e-08,3.0228950841158676e-11,6.009049714148277e-11,2.5845553463300024e-11,1.1831265377493598e-09,2.261714190162948e-16,1.7658294851470303e-17,1.044643405006347e-11,1.9298916951015972e-14,5.23601023402149e-23,5.7195128645516084e-12,3.561966155273346e-16,7.00327678258716e-18,5.799673065710375e-21,1.5132392098231914e-21,4.995551756491988e-07,2.521517893231145e-10,4.962799877972359e-07,5.982844909662079e-15,2.9944494524916595e-20,7.283884743171963e-18,4.5373272154482484e-10,1.722319602702244e-21,6.968240895307104e-21,6.3204730959185315e-12,9.869106897615987e-23,6.92571518115273e-23,8.098762718264239e-26,1.0823372892742478e-22,4.725014610879624e-21,4.433872089582856e-15
1.1378319835351339e-08,0.45226362278760773,3.76,0.0,0.5007194010606858,0.9999997893874043,1.6607677663501855e-10,4.190650299457471e-09,2.083864832646074e-09,0.000335723537885991,0.00033572485274515837,1.1772094146267268e-12,1.6655896249076795e-08,1.1412143760284494e-09,2.1319079507400978e-10,8.991617013350101e-12,2.0854429174777558e-07,1.0637000305138672e-11,2.5481075711020525e-08,1.501153792568822e-07,1.6784427623167645e-07,3.4956298428324154e-08,3.234712916766633e-11,6.444129621117798e-11,2.8547071011270068e-11,1.2748925310332113e-09,2.5559606064774086e-16,2.0648572210873537e-17,1.0632832722076334e-11,2.1014654129734536e-14,6.194079821958822e-23,6.0057965366700795e-12,3.953630061223294e-16,8.03862969127147e-18,6.821220954357969e-21,1.7610778246015708e-21,5.168317687198639e-07,2.699103385400902e-10,5.133265513463121e-07,6.4782274285330706e-15,3.267999847463021e-20,8.122431489000202e-18,4.856909931887402e-10,1.938084406404481e-21,8.428314303135337e-21,6.663788180642464e-12,1.1062465307958877e-22,8.068666829452687e-23,9.38276468133211e-26,1.2264648627530407e-22,5.481553875537786e-21,5.064125780749154e-15
1.1721233122294236e-08,0.452264494171753,3.76,0.0,0.5007092633460036,0.9999997829389383,1.8399528633537368e-10,4.446216774402896e-09,2.238053749232346e-09,0.00034583784035944836,0.00034583923569320526,1.2133673730011126e-12,1.7876712164031086e-08,1.207011624197604e-09,2.3218357894147834e-10,1.0090409691297837e-11,2.1484270723667266e-07,1.1288340696117583e-11,2.5773921417600426e-08,1.560158450120773e-07,1.7504234378820268e-07,3.520334992220047e-08,3.431446553980632e-11,6.84914605774787e-11,3.1129391667501135e-11,1.360041148987862e-09,2.8431209282122184e-16,2.366233735893804e-17,1.0795870933054044e-11,2.263111690033706e-14,7.168806797076889e-23,6.2665587878867465e-12,4.3305398000184404e-16,9.066181129854848e-18,7.854335049279598e-21,2.009731291273704e-21,5.323789243625709e-07,2.8640870656451583e-10,5.286600560512902e-07,6.941979689073334e-15,3.526039172366029e-20,8.93288292337783e-18,5.153816819864088e-10,2.147697744770605e-21,9.947167611748727e-21,6.976154920805485e-12,1.2213460345676052e-22,9.213108116281333e-23,1.0659871863220612e-25,1.366778200751828e-22,6.2335641347645756e-21,5.6857132443145525e-15
1.2064146409237133e-08,0.45226536554404057,3.76,0.0,0.5006991257805583,0.9999997764840711,2.0321743473012943e-10,4.709297315707569e-09,2.398299715537778e-09,0.0003559519356625373,0.0003559534138650621,1.2495181776681743e-12,1.9143934824263614e-08,1.2744256205971982e-09,2.522206054228184e-10,1.1285100174213802e-11,2.2114175952705713e-07,1.1959058646192943e-11,2.6065093158474794e-08,1.6193249099962072e-07,1.8230584801158738e-07,3.5442495474602986e-08,3.6339557603673817e-11,7.266925210120896e-11,3.385846870474527e-11,1.4475642868011894e-09,3.1524217077745065e-16,2.70059114392089e-17,1.0954955196401975e-11,2.4316896480369188e-14,8.259391024080381e-23,6.5302435383318136e-12,4.731422372456322e-16,1.0190496770299149e-17,9.003844156679864e-21,2.2844698147707857e-21,5.479243956644631e-07,3.033955247611197e-10,5.439856049748927e-07,7.422781619843428e-15,3.795436349369219e-20,9.798188865528068e-18,5.459516248539249e-10,2.3725397141322952e-21,1.1682083698583665e-20,7.29154072318691e-12,1.3439514130010478e-22,1.0474861643596244e-22,1.2058981799320173e-25,1.5175039122838462e-22,7.0567433144063e-21,6.3617879290238335e-15
1.240705969618003e-08,0.45226623690438617,3.76,0.0,0.5006889883641267,0.9999997700227761,2.2379350868925126e-10,4.979887700648657e-09,2.5646242787597897e-09,0.0003660658237979794,0.0003660673872638335,1.285674227813693e-12,2.045767911369528e-08,1.3434393031881779e-09,2.733242587593566e-10,1.2580852511067143e-11,2.2744144959586086e-07,1.2649155985609481e-11,2.6354919646597765e-08,1.6786420081330847e-07,1.8963379488696003e-07,3.5674620373647e-08,3.842239584724107e-11,7.697491017107321e-11,3.673787837944477e-11,1.5374140368081557e-09,3.484816413294084e-16,3.070366925115849e-17,1.1110537340810039e-11,2.6072781702547112e-14,9.475230157800677e-23,6.7968343848033584e-12,5.157100735363659e-16,1.1417633408694948e-17,1.027842178197677e-20,2.587132311751335e-21,5.634681828133006e-07,3.208707132646797e-10,5.593032024268748e-07,7.920717728279985e-15,4.076322988871387e-20,1.0720309484668076e-17,5.77400691366669e-10,2.613210142738643e-21,1.365591877681661e-20,7.609776017504358e-12,1.4742669208197658e-22,1.1861491577754788e-22,1.3586835977748197e-25,1.6789968020983507e-22,7.954758087873426e-21,7.095297013863454e-15
1.2749972983122926e-08,0.45226710825271627,3.76,0.0,0.500678851096494,0.9999997635550262,2.457739632375021e-10,5.257983708876588e-09,2.7370467845547157e-09,0.000376179504768501,0.00037618115589261973,1.3218367855091848e-12,2.1818052012672808e-08,1.4140357896317173e-09,2.955165256176093e-10,1.3982938753270296e-11,2.3374177891345313e-07,1.3358634549483377e-11,2.6643684033643347e-08,1.7380999798053628e-07,1.9702532200751796e-07,3.5900514946104094e-08,4.056297256235956e-11,8.140866551536886e-11,3.977116187407307e-11,1.6295428951932227e-09,3.841269022666362e-16,3.4780937941520554e-17,1.1263026112594468e-11,2.789955784641929e-14,1.0826130992045458e-22,7.066318126798743e-12,5.608405468145226e-16,1.275384827735073e-17,1.16870540921138e-20,2.9196270306892452e-21,5.790102859967963e-07,3.3883419222047253e-10,5.746128527149473e-07,8.435875740246645e-15,4.36882993237613e-20,1.1701206697630779e-17,6.097287511271762e-10,2.8703151786129625e-21,1.589313137007374e-20,7.930700290134132e-12,1.6124953085067114e-22,1.338077003538507e-22,1.5250264127715037e-25,1.8516082773669702e-22,8.931285253545305e-21,7.889249645182391e-15
1.3092886270065823e-08,0.4522679795889669,3.76,0.0,0.5006687139774538,0.9999997570807954,2.692094031601289e-10,5.543581122413897e-09,2.9155845140559987e-09,0.00038629297857683696,0.000386294719754517,1.3579924511560366e-12,2.3225153647293003e-08,1.4861983753600988e-09,3.188190001567725e-10,1.549673699308419e-11,2.400427493912074e-07,1.4087496179357041e-11,2.693163063037157e-08,1.7976902854067357e-07,2.0447968225951398e-07,3.612088519085287e-08,4.276128197056747e-11,8.597074069622314e-11,4.2961825690642393e-11,1.7239038596885738e-09,4.2227540659627475e-16,3.926400221445719e-17,1.1412790438468074e-11,2.9798007480259045e-14,1.2322311814900402e-22,7.338684294533786e-12,6.086174916377046e-16,1.4205600495253052e-17,1.3239037910428246e-20,3.283932044575111e-21,5.945507054026152e-07,3.572858817842747e-10,5.899145601447658e-07,8.968346598560128e-15,4.673087281470997e-20,1.2742843080450479e-17,6.429356737650689e-10,3.1444674270776456e-21,1.8419837500758877e-20,8.254161585932568e-12,1.7588381177956827e-22,1.5040675965612718e-22,1.7056179899381889e-25,2.0356864294731245e-22,9.990007836750589e-21,8.746715811669355e-15
1.343579955700872e-08,0.4522688509130828,3.76,0.0,0.5006585770068062,0.9999997506000575,2.9415056514643195e-10,5.836675725654025e-09,3.100252815403148e-09,0.000396406245225705,0.0003964080788526181,1.3941398699141625e-12,2.4679078279689155e-08,1.5599105316535919e-09,3.432528890796859e-10,1.71277294104373e-11,2.463443633319507e-07,1.483574272468055e-11,2.7218971206669565e-08,1.8574054460449865e-07,2.1199622842703324e-07,3.633636285558268e-08,4.501731936003681e-11,9.066135059129653e-11,4.631334204524807e-11,1.8204505200529241e-09,4.630256654085784e-16,4.4180109638037955e-17,1.1560162567453858e-11,3.176891125027781e-14,1.3974404789518165e-22,7.613924706395147e-12,6.591255317905324e-16,1.577955254710198e-17,1.494397869733611e-20,3.682095753068215e-21,6.100894412183745e-07,3.762257021223623e-10,6.052083290199201e-07,9.51822448880209e-15,4.989224773707498e-20,1.384718136599943e-17,6.770213289370463e-10,3.436286087780811e-21,2.1263865646097018e-20,8.580016023915563e-12,1.9134959542018094e-22,1.6849394197663076e-22,1.9011576808025407e-25,2.2315761043308586e-22,1.113461140164572e-20,9.670825224157278e-15
1.3778712843951616e-08,0.4522697222250163,3.76,0.0,0.5006484401843576,0.9999997441127876,3.2064830244634685e-10,6.137263305360171e-09,3.291065209856934e-09,0.00040651930471780203,0.00040652123319001197,1.4302935483896431e-12,2.6179915033590312e-08,1.6351559038099376e-09,3.688390164339243e-10,1.8881500420022896e-11,2.526466233934786e-07,1.5603376043956527e-11,2.7505889264602782e-08,1.917238923485924e-07,2.1957440195194772e-07,3.65475131272487e-08,4.733108096814367e-11,9.548070281499505e-11,4.982914923922685e-11,1.9191371169065745e-09,5.064772523428936e-16,4.955747581207165e-17,1.1705441220884702e-11,3.381304841660584e-14,1.5793458173252554e-22,7.892033167788985e-12,7.124500913872428e-16,1.7482571756617565e-17,1.681178849302975e-20,4.116237374961492e-21,6.256264936316451e-07,3.9565357341151247e-10,6.204941636419248e-07,1.0085606818911288e-14,5.3173720511840564e-20,1.5016184356307607e-17,7.119855863268465e-10,3.74639709521377e-21,2.4454809140977646e-20,8.908127372718186e-12,2.0766687235359319e-22,1.8815314947216773e-22,2.1123525083740566e-25,2.439619009437243e-22,1.2368781138620626e-20,1.0664766252946699e-14
1.4121626130894513e-08,0.4522705935247278,3.76,0.0,0.5006383035099207,0.9999997376189601,3.487535717971024e-10,6.445339650664169e-09,3.4880334751608274e-09,0.0004166321570558327,0.0004166341827697837,1.4664546872376266e-12,2.7727748382561882e-08,1.7119183093874423e-09,3.9559782821176736e-10,2.0763734899999747e-11,2.5894953256374714e-07,1.6390398005584446e-11,2.779254253519152e-08,1.977185039765475e-07,2.272137254094488e-07,3.675484015202871e-08,4.970256494738606e-11,1.0042899808286881e-10,5.351265201010219e-11,2.0199185721591625e-09,5.527308134388098e-16,5.542528952357613e-17,1.1848894657251054e-11,3.593119716700747e-14,1.7790938427115417e-22,8.173005294005995e-12,7.686774079046137e-16,1.9321731776929676e-17,1.8852683835836405e-20,4.588547435865893e-21,6.411618628299502e-07,4.1556941583900384e-10,6.357720683102098e-07,1.0670594080956878e-14,5.657658466766948e-20,1.625181428665124e-17,7.47828315645054e-10,4.075433262249683e-21,2.802407654507283e-20,9.238366681712975e-12,2.248555857913283e-22,2.0947033793476935e-22,2.3399169417784797e-25,2.6601538560269747e-22,1.3696199721022093e-20,1.1731784911937469e-14
1.446453941783741e-08,0.45227146481218256,3.76,0.0,0.5006281669833124,0.9999997311185503,3.785174198810231e-10,6.760900553065333e-09,3.6911677343807942e-09,0.00042674480224251266,0.0004267469275950151,1.502607354196572e-12,2.932265869554463e-08,1.7901817364037244e-09,4.235493970655728e-10,2.2780216377838978e-11,2.6525309413313947e-07,1.7196810488780048e-11,2.8079066036549194e-08,2.0372388869334998e-07,2.3491379405789968e-07,3.6958792975939106e-08,5.213177151273826e-11,1.0550643058333245e-10,5.736722189448551e-11,2.122750526232336e-09,6.018880798632516e-16,6.181371828211369e-17,1.1990763383665248e-11,3.8124134999840536e-14,1.9978732503080844e-22,8.456838294292046e-12,8.278945482790177e-16,2.1304314155756078e-17,2.1077183713035623e-20,5.1012882795817544e-21,6.566955490007675e-07,4.3597314960261707e-10,6.510420473221123e-07,1.1273289664241134e-14,6.010212939800863e-20,1.755603156472088e-17,7.845493866288161e-10,4.424034418606992e-21,3.200494307525263e-20,9.570611905858623e-12,2.429356557384392e-22,2.325335175212969e-22,2.5845726756650863e-25,2.8935164671722e-22,1.5120545166256523e-20,1.2875183818182553e-14
1.4807452704780307e-08,0.45227233608735135,3.76,0.0,0.5006180306043547,0.9999997246115337,4.099909681547519e-10,7.083941806429243e-09,3.900476562107645e-09,0.0004368572402805384,0.00043685946766878456,1.5387504092889005e-12,3.0964722965129276e-08,1.869930341453257e-09,4.527134272390485e-10,2.4936825132659387e-11,2.71557311657634e-07,1.802261538472802e-11,2.836557663743381e-08,2.0973962059648367e-07,2.426742644991219e-07,3.715977304813399e-08,5.46187019148345e-11,1.1071318838503044e-10,6.139619761261367e-11,2.227589397183224e-09,6.540518759342919e-16,6.875391428724515e-17,1.2131262526524843e-11,4.039263929430776e-14,2.236915040095291e-22,8.743530651235287e-12,8.901894231634497e-16,2.3437809977733182e-17,2.3496107562555325e-20,5.6567946126666856e-21,6.722275523315279e-07,4.56864694910635e-10,6.663041049728653e-07,1.189379977554675e-14,6.375164342444811e-20,1.893079410472558e-17,8.221486690417079e-10,4.792847539587834e-21,3.6432603989076314e-20,9.904747496305367e-12,2.619270019990268e-22,2.574327522322473e-22,2.8470483683462486e-25,3.14003983937949e-22,1.664548827985495e-20,1.4098321103541663e-14
1.5150365991723202e-08,0.452273207350209,3.76,0.0,0.5006078943728733,0.9999997180978856,4.4322539880053586e-10,7.41445920698654e-09,4.115967079752776e-09,0.00044696947117258307,0.00044697180299416763,1.5749012903600765e-12,3.2654015425200154e-08,1.9511484478712223e-09,4.83109259373142e-10,2.7239536347670572e-11,2.778621889274512e-07,1.8867814597592423e-11,2.8652176765939433e-08,2.1576532842441438e-07,2.504948450785417e-07,3.735814073122224e-08,5.716335831327846e-11,1.1604945381612811e-10,6.560288543990216e-11,2.3343924268028403e-09,7.093261212058052e-16,7.62780203537435e-17,1.2270584222120956e-11,4.273748777392879e-14,2.497492768953464e-22,9.033081859762413e-12,9.556507951121085e-16,2.5729921507623575e-17,2.6120573276009487e-20,6.257474052047332e-21,6.877578730096171e-07,4.78243971981844e-10,6.815582455555909e-07,1.253223347323013e-14,6.752641863512667e-20,2.0378057724007555e-17,8.606260326738085e-10,5.1825268741030476e-21,4.134422647117189e-20,1.0240664018033499e-11,2.8184956142996667e-22,2.842601612888758e-22,3.1280794142570297e-25,3.400054244158871e-22,1.827469039357126e-20,1.5404609355074652e-14
1.54932792786661e-08,0.4522740786007363,3.76,0.0,0.5005977582886975,0.9999997115775819,4.782719451970145e-10,7.75244855333177e-09,4.337645005830687e-09,0.0004570814949213338,0.0004570839335742361,1.6110583133424146e-12,3.439060770551519e-08,2.0338205440847215e-09,5.14755874808141e-10,2.969441846358754e-11,2.841677299585874e-07,1.9732410044934866e-11,2.8938954555377038e-08,2.2180069306758496e-07,2.583752935584191e-07,3.755421764948738e-08,5.97657450084581e-11,1.2151540373483006e-10,6.999055953228469e-11,2.4431176718058224e-09,7.678158382158244e-16,8.441917543275011e-17,1.2408900120356361e-11,4.5159458525251867e-14,2.7809227689516506e-22,9.32549241458251e-12,1.02436828643661e-15,2.8188563776704416e-17,2.896199518808016e-20,6.905807644449097e-21,7.032865112223745e-07,5.001109010455337e-10,6.968044733612916e-07,1.3188702571502785e-14,7.142774655918874e-20,2.189977608051532e-17,8.999813473416332e-10,5.593734084566756e-21,4.6778996278786836e-20,1.0578257874939411e-11,3.027233016067637e-22,3.1310992734361627e-22,3.428407861427797e-25,3.673887416561137e-22,2.0011802464424778e-20,1.6797514670707734e-14
1.5836192565608995e-08,0.45227494983891636,3.76,0.0,0.5005876223516598,0.9999997050505988,5.151818817728859e-10,8.097905646422252e-09,4.565514713674123e-09,0.00046719331152948566,0.0004671958594120589,1.647206129606131e-12,3.6174569067362105e-08,2.117931281926329e-09,5.476718999848557e-10,3.230763149524423e-11,2.904739389802494e-07,2.0616403658236246e-11,2.9225984753174697e-08,2.278454436899056e-07,2.663154134883527e-07,3.7748289656186595e-08,6.242586828761366e-11,1.2711120981086285e-10,7.456246226406513e-11,2.5537240049192164e-09,8.296271680613888e-16,9.321152044974943e-17,1.2546363491743048e-11,4.7659330111000577e-14,3.0885643807344564e-22,9.620763744816245e-12,1.0964323944704467e-15,3.082186622261099e-17,3.2032082120312224e-20,7.604350400544948e-21,7.188134671570951e-07,5.224654023414983e-10,7.120427926788436e-07,1.3863321395786407e-14,7.545691673865821e-20,2.3497899393480042e-17,9.402144828877995e-10,6.027138382402579e-21,5.277816534988503e-20,1.0917431025738576e-11,3.2456823970265043e-22,3.440783050392248e-22,3.7487823267032793e-25,3.9618646624284413e-22,2.186046412847114e-20,1.8280555693792927e-14
1.6179105852551892e-08,0.45227582106473585,3.76,0.0,0.5005774865615957,0.9999996985169122,5.540065120284482e-10,8.450826289576876e-09,4.799579309684431e-09,0.00047730492099971064,0.00047730758051070163,1.6833478940716176e-12,3.8005966859679234e-08,2.203465474854234e-09,5.818756110916091e-10,3.508542525398309e-11,2.967808204112714e-07,2.151979738369873e-11,2.951333151403061e-08,2.3389935011672661e-07,2.743150470754079e-07,3.794061163235936e-08,6.514373540410403e-11,1.3283703884322196e-10,7.932180458953616e-11,2.6661711426834407e-09,8.948673864898987e-16,1.0269020478925774e-16,1.2683110766165488e-11,5.0237881917176135e-14,3.4218202225256903e-22,9.918898017760427e-12,1.1719345097981586e-15,3.3638174445037134e-17,3.53428355157322e-20,8.355731869944042e-21,7.343387410010279e-07,5.453073961200361e-10,7.272732077949885e-07,1.455620653864541e-14,7.961521984269982e-20,2.5174373137700114e-17,9.813253091806575e-10,6.483416647985359e-21,5.93851015954119e-20,1.1258090664660193e-11,3.4740446318027963e-22,3.7726362905780813e-22,4.0899578765432403e-25,4.264308893781644e-22,2.3824302335682067e-20,1.9857302593623798e-14
1.652201913949479e-08,0.452276692278184,3.76,0.0,0.5005673509183434,0.9999996919764981,5.947971565223846e-10,8.811206288474853e-09,5.039840713104424e-09,0.0004874163233346642,0.0004874190968732275,1.7194993719357267e-12,3.988486699671952e-08,2.2904080961664686e-09,6.173849387234111e-10,3.803413756639333e-11,3.0308837883546797e-07,2.2442593183073083e-11,2.9801051380941888e-08,2.3996221486121956e-07,2.823740677141168e-07,3.813141245878476e-08,6.791935476826547e-11,1.3869305307474335e-10,8.427176640267304e-11,2.7804196761765996e-09,9.636449087468125e-16,1.1289139304251137e-16,1.2819263012169478e-11,5.2895894523360296e-14,3.782136473981292e-22,1.0219897929606257e-11,1.2509669255385274e-15,3.664605201950953e-17,3.890654761471837e-20,9.162656742083585e-21,7.498623329413785e-07,5.686368026419508e-10,7.424957229943258e-07,1.526747683877738e-14,8.390395070605068e-20,2.6931138447035762e-17,1.0233136961142922e-09,6.963253540005737e-21,6.6645338334746e-20,1.1600148903819328e-11,3.7125214274588855e-22,4.12766323058135e-22,4.452695908899709e-25,4.581540725162501e-22,2.5906929914807312e-20,2.1531376043855128e-14
1.6864932426437686e-08,0.45227756347925313,3.76,0.0,0.500557215421743,0.9999996854293332,6.376051437211642e-10,9.179041451154506e-09,5.286299706816892e-09,0.0004975275185370166,0.0004975304085026962,1.7556557379670505e-12,4.1811334137256955e-08,2.3787442773453504e-09,6.542174721932892e-10,4.116019263069344e-11,3.0939661899182536e-07,2.3384793034103056e-11,3.0089193852547004e-08,2.4603387017984627e-07,2.904923772301615e-07,3.832089739635186e-08,7.075273700804076e-11,1.4467941044157015e-10,8.94154968650004e-11,2.896431066344936e-09,1.0360692878903477e-15,1.2385227132903752e-16,1.2954927823198058e-11,5.563414977264433e-14,4.171003134933806e-22,1.0523766664129895e-11,1.3336228379489885e-15,3.9854282242804107e-17,4.2735799615972464e-20,1.0027905429062906e-20,7.653842431653067e-07,5.924535421785513e-10,7.577103425593061e-07,1.5997253482590935e-14,8.832440608422721e-20,2.8770133153882137e-17,1.0661795136087808e-09,7.467341615758381e-21,7.4606619913171e-20,1.1943522519786962e-11,3.961315376437266e-22,4.506889115068811e-22,4.837764103017722e-25,4.913878662800252e-22,2.8111944860139435e-20,2.3306446279869626e-14
1.7207845713380583e-08,0.4522784346679382,3.76,0.0,0.5005470800716372,0.999999678875394,6.824818031089295e-10,9.554327588012081e-09,5.538955966115202e-09,0.0005076385066094458,0.000507641515402165,1.7917992766369307e-12,4.3785431640290475e-08,2.4684593065045308e-09,6.923904635704205e-10,4.4470099482665977e-11,3.157055457757231e-07,2.4346398930682408e-11,3.037780027161628e-08,2.5211417886368933e-07,2.9866990662564214e-07,3.8509248425559944e-08,7.36438947242575e-11,1.5079626476973375e-10,9.475611471422147e-11,3.01416761307214e-09,1.1122512251373538e-15,1.356110532950362e-16,1.3090201147104747e-11,5.845343063204753e-14,4.589954263153596e-22,1.0830507968568866e-11,1.4199963544674166e-15,4.3271869808852175e-17,4.684345987500112e-20,1.0954334623753582e-20,7.809044718599284e-07,6.167575350116526e-10,7.729170707702257e-07,1.6745659871032273e-14,9.287788163856234e-20,3.0693290866747224e-17,1.1099226316100717e-09,7.996381467841967e-21,8.331894454486332e-20,1.2288132754887568e-11,4.2206300601102394e-22,4.911360338185634e-22,5.245936431396934e-25,5.261639244064116e-22,3.044293036065499e-20,2.518623221898064e-14
1.755075900032348e-08,0.45227930584423626,3.76,0.0,0.5005369448678704,0.9999996723146568,7.294784566918564e-10,9.937060511800652e-09,5.79780810656918e-09,0.0005177492875546028,0.0005177524175746875,1.8279355203039876e-12,4.580722173069204e-08,2.5595386267594194e-09,7.31920831918576e-10,4.797045038542348e-11,3.220151642296025e-07,2.532741288327753e-11,3.066690461486392e-08,2.5820303145129037e-07,3.0690661346791205e-07,3.8696626246320244e-08,7.659284135678661e-11,1.5704376599979506e-10,1.0029670859329207e-10,3.1335924500326564e-09,1.1923025947378761e-15,1.482069867289615e-16,1.3225168276770376e-11,6.135452128835585e-14,5.0405682425175105e-22,1.1140126097721555e-11,1.5101825161762279e-15,4.690804258215969e-17,5.1242682231216616e-20,1.1944877883612681e-20,7.964230192123152e-07,6.415487014335763e-10,7.88115911905221e-07,1.7512821208166796e-14,9.756567469388167e-20,3.270253865974441e-17,1.1545429200893634e-09,8.551081848678208e-21,9.283460907496788e-20,1.2633905091570314e-11,4.490670255185554e-22,5.342144584927911e-22,5.677993154029592e-25,5.625137051553953e-22,3.290345457527265e-20,2.7174500536947815e-14
1.7893672287266376e-08,0.4522801770081443,3.76,0.0,0.5005268098102892,0.9999996657470986,7.786464077282881e-10,1.0327236037628838e-08,6.06285376243565e-09,0.0005278598613751197,0.0005278631150233153,1.8640840316264483e-12,4.787676599173188e-08,2.651967834463588e-09,7.728251678851488e-10,5.166791908294863e-11,3.283254795173802e-07,2.632783691976478e-11,3.095653696854202e-08,2.6430033793211805e-07,3.1520247411202767e-07,3.888317507738368e-08,7.959959150731074e-11,1.6342206046646774e-10,1.060403374061092e-10,3.254669579094931e-09,1.2763364591436337e-15,1.6168036115185637e-16,1.3359904324436818e-11,6.433820757778325e-14,5.524468102202083e-22,1.1452625571219698e-11,1.60427731611806e-15,5.077225356406129e-17,5.594690442264618e-20,1.3002546275448264e-20,8.119398854094958e-07,6.668269617471499e-10,8.033068702402596e-07,1.8298864274839876e-14,1.0238908843106025e-19,3.4799796897884016e-17,1.200040249042749e-09,9.132159759225604e-21,1.0320825673499351e-19,1.2980768969897488e-11,4.771642094180456e-22,5.800330970082072e-22,6.134720762702647e-25,6.004684740271188e-22,3.5497069592581744e-20,2.927506466635767e-14
1.8236585574209273e-08,0.45228104815966186,3.76,0.0,0.5005166748987407,0.999999659172696,8.300369308823446e-10,1.0724849982959486e-08,6.334089650278879e-09,0.0005379702280736491,0.0005379736077510968,1.9002387340967864e-12,4.99941257038006e-08,2.745732677503111e-09,8.151197381344544e-10,5.556925911597899e-11,3.3463649690660724e-07,2.7347673086070378e-11,3.1246725609940667e-08,2.7040602207579163e-07,3.2355747838596494e-07,3.906902623646119e-08,8.266416219233835e-11,1.6993129114889202e-10,1.1199003065727594e-10,3.377363886356763e-09,1.364467059413046e-15,1.7607251533858508e-16,1.3494475369231597e-11,6.740527724319087e-14,6.043321833294556e-22,1.1768011027385395e-11,1.7023776955776415e-15,5.487418287819044e-17,6.096984645863204e-20,1.4130429037315072e-20,8.274550706384547e-07,6.925922362657085e-10,8.184899500491358e-07,1.9103917677744536e-14,1.0734942958285974e-19,3.698698154786411e-17,1.246414488491699e-09,9.740340531149487e-21,1.1449692263446506e-19,1.3328657533315741e-11,5.063753048597753e-22,6.2870301948962e-22,6.616911947752346e-25,6.400593207776722e-22,3.8227310531277537e-20,3.1491783830760105e-14
1.857949886115217e-08,0.45228191929879147,3.76,0.0,0.5005065401330744,0.9999996525914253,8.837012681321413e-10,1.112989816760844e-08,6.611511573365985e-09,0.0005480803876528502,0.0005480838957610779,1.93638192114299e-12,5.215936156850211e-08,2.8408190538605316e-09,8.588204890668827e-10,5.968130242039492e-11,3.409482217811918e-07,2.838692344602323e-11,3.1537494105947945e-08,2.7652002611392093e-07,3.319716339824869e-07,3.925429639624553e-08,8.578657234716396e-11,1.7657159779718464e-10,1.1814878873573704e-10,3.501641085026103e-09,1.4568098082787273e-15,1.9142584355811175e-16,1.3628940450907546e-11,7.055651957179076e-14,6.598842639759414e-22,1.2086287423843088e-11,1.80458153550213e-15,5.922373950646844e-17,6.632550898832886e-20,1.533169417891469e-20,8.429685750861319e-07,7.188444453130942e-10,8.336651556034662e-07,1.992811206824234e-14,1.124480034121986e-19,3.926600423299818e-17,1.2936655084835604e-09,1.0376357961320693e-20,1.2676007180929566e-19,1.3677507500634351e-11,5.367211886603235e-22,6.803374728976552e-22,7.12536566861189e-25,6.813171823797486e-22,4.10976962283365e-20,3.382856224083622e-14
1.8922412148095066e-08,0.4522827904255353,3.76,0.0,0.5004964055131403,0.9999996460032642,9.396906230835564e-10,1.1542376413743426e-08,6.8951144453499115e-09,0.0005581903401153586,0.0005581939790563019,1.97251567047676e-12,5.4372533646987264e-08,2.9372130101181623e-09,9.039430506966326e-10,6.401095786422804e-11,3.4726065964329273e-07,2.944559008147739e-11,3.182886044970633e-08,2.8264231174886295e-07,3.4044496740410366e-07,3.943908745880235e-08,8.896684183937475e-11,1.833431170843807e-10,1.245195832144707e-10,3.627467684798542e-09,1.5534813141143637e-15,2.0778380218215446e-16,1.3763352382983873e-11,7.379272528447068e-14,7.1927892067786e-22,1.2407460097138213e-11,1.9109876757863566e-15,6.383106304887454e-17,7.202817182633062e-20,1.6609589078479568e-20,8.584803989394244e-07,7.455835092236577e-10,8.488324911726853e-07,2.0771579767573928e-14,1.1768611682953104e-19,4.1638769554507866e-17,1.3417931790909946e-09,1.1040954447782218e-20,1.400596392047713e-19,1.402725901318146e-11,5.68222884450592e-22,7.350518982295175e-22,7.660887207215347e-25,7.24272844225426e-22,4.411172980652483e-20,3.628934825536263e-14
1.9265325435037963e-08,0.4522836615398963,3.76,0.0,0.5004862710387901,0.9999996394081889,9.980561511744902e-10,1.1962280545882896e-08,7.1848923606959705e-09,0.0005683000854637916,0.0005683038576398086,2.008655360200548e-12,5.663370180552047e-08,3.0349007397766756e-09,9.505027410120534e-10,6.856520959753348e-11,3.535738160898679e-07,3.0523675093076156e-11,3.212084057014125e-08,2.887728525674766e-07,3.4897751684620294e-07,3.9623490614221846e-08,9.220499175456582e-11,1.9024598283490633e-10,1.3110535718977953e-10,3.754811023118407e-09,1.654599418189076e-15,2.2519091769978514e-16,1.3897757171475655e-11,7.71146869673779e-14,7.826966035231043e-22,1.2731534518731783e-11,2.02169595153332e-15,6.87065257364375e-17,7.809239265992282e-20,1.7967441137390744e-20,8.739905423851862e-07,7.72809348342257e-10,8.639919610240385e-07,2.163445410643814e-14,1.2306508433890576e-19,4.410717316645406e-17,1.3907973704108863e-09,1.1734881076590909e-20,1.5446007421137047e-19,1.437785540380857e-11,6.00901590008335e-22,7.929639481502329e-22,8.224288174234866e-25,7.689569299627563e-22,4.7272898231008594e-20,3.887813343484248e-14
1.960823872198086e-08,0.45228453264187896,3.76,0.0,0.5004761367098763,0.9999996328061765,1.0588489516227445e-09,1.23896063908947e-08,7.480838645509179e-09,0.0005784096237007758,0.0005784135315146361,2.044803182257066e-12,5.8942925949863164e-08,3.133868581637403e-09,9.985145701665702e-10,7.335111547005809e-11,3.598876967999265e-07,3.162118060074786e-11,3.241344979814676e-08,2.9491163008523176e-07,3.57569328487516e-07,3.9807588828345014e-08,9.550104523504373e-11,1.9728032622319286e-10,1.3790902560399277e-10,3.883639270716594e-09,1.76028319193854e-15,2.4369279468364307e-16,1.4032194747170174e-11,8.052319925164793e-14,8.503223772833034e-22,1.3058516192238885e-11,2.1368071941305426e-15,7.386073449596352e-17,8.453300565158289e-20,1.94086584638016e-20,8.894990056102296e-07,8.00521883024258e-10,8.791435694225772e-07,2.251686953446017e-14,1.2858622442674158e-19,4.6673103736102796e-17,1.4406779525645968e-09,1.2458897692998738e-20,1.700283825755438e-19,1.472924299521997e-11,6.3477867648041e-22,8.541935069904065e-22,8.816386540046276e-25,8.153999209107335e-22,5.0584671928209e-20,4.159895163401836e-14
1.9951152008923757e-08,0.45228540373148896,3.76,0.0,0.5004660025262525,0.9999996261972042,1.1221200626980151e-09,1.2824349777994716e-08,7.78294587320699e-09,0.0005885189548289478,0.0005885230006838186,2.0809448527133307e-12,6.130026589071388e-08,3.2341030183300655e-09,1.047993244284295e-09,7.83758056022835e-11,3.662023075402753e-07,3.273810874372962e-11,3.270670111179195e-08,3.010586360553889e-07,3.6622045865772794e-07,3.999145631344454e-08,9.885502749368115e-11,2.0444627590698667e-10,1.4493347553708329e-10,4.01392139291906e-09,1.8706529073937846e-15,2.6333612316318813e-16,1.4166700897364806e-11,8.401905859431872e-14,9.22345952076276e-22,1.3388410774159725e-11,2.2564232059987242e-15,7.930453293066808e-17,9.136512000199877e-20,2.0936730558226246e-20,9.050057888013219e-07,8.287210336355359e-10,8.94287320631156e-07,2.341896227586158e-14,1.3425085334058026e-19,4.933844581073891e-17,1.4914347956991722e-09,1.3213772992935505e-20,1.8683416358538483e-19,1.5081370964803925e-11,6.698756684099403e-22,9.18862711906503e-22,9.438006700774858e-25,8.636321862536616e-22,5.405050505227149e-20,4.445587818235053e-14
2.0294065295866653e-08,0.45228627480873335,3.76,0.0,0.5004558684877731,0.999999619581249,1.1879204577244507e-09,1.3266506538745642e-08,8.091205875936931e-09,0.0005986280788509295,0.0005986322651503897,2.1170779271564753e-12,6.37057811816382e-08,3.335590674896659e-09,1.0989531691143833e-09,8.364648101724497e-11,3.725176541724446e-07,3.38744616805498e-11,3.3000603495546284e-08,3.0721387517042656e-07,3.7493097636919464e-07,4.0175157494210586e-08,1.0226696487935713e-10,2.1174395813521824e-10,1.5218156648912924e-10,4.145627108866235e-09,1.985830041870956e-15,2.841686856041052e-16,1.4301308203708673e-11,8.760306307135897e-14,9.989617128111651e-22,1.3721224187629371e-11,2.380646763043801e-15,8.504900315493976e-17,9.860411870232727e-20,2.255522896538983e-20,9.205108921451876e-07,8.57406720552475e-10,9.094232189104296e-07,2.434087035340564e-14,1.4006028890002398e-19,5.2105077873520415e-17,1.5430677699874518e-09,1.4000284657648685e-20,2.04949645941861e-19,1.5434191236021565e-11,7.0621424752226995e-22,9.870959718453212e-22,1.0089979540917857e-24,9.13683982791535e-22,5.767383630901787e-20,4.74530290993534e-14
2.063697858280955e-08,0.45228714587361835,3.76,0.0,0.5004457345942936,0.9999996129582879,1.256301038174027e-09,1.3716072507055942e-08,8.405609790777139e-09,0.0006087369957693204,0.000608741324917378,2.1532169206627122e-12,6.61595313423553e-08,3.4383183172679624e-09,1.1514084539647406e-09,8.917041216302629e-11,3.7883374264017933e-07,3.5030241589495444e-11,3.3295163916126434e-08,3.1337736116942626e-07,3.837009596597037e-07,4.035874892287861e-08,1.0573688481802049e-10,2.1917349690195987e-10,1.5965613068633923e-10,4.278726898330762e-09,2.1059373306995663e-15,3.0623936453315068e-16,1.443604500706755e-11,9.127601261718188e-14,1.0803687512237913e-21,1.4056962485850989e-11,2.5095816611214263e-15,9.110546768359232e-17,1.0626565750598887e-19,2.4267807911813657e-20,9.360143158285086e-07,8.865788641619675e-10,9.245512685188466e-07,2.5282732655224474e-14,1.4601585801383603e-19,5.497486771203491e-17,1.5955767456265058e-09,1.4819219479723807e-20,2.244497270352556e-19,1.5787658322504105e-11,7.438162892365609e-22,1.0590199856405516e-21,1.0773142474644754e-24,9.655854363450613e-22,6.145808941327254e-20,5.0594560247230966e-14
2.0979891869752447e-08,0.4522880169261505,3.76,0.0,0.5004356008456696,0.9999996063282978,1.3273126250456997e-09,1.4173043519178627e-08,8.726148123842198e-09,0.0006188457055867293,0.0006188501799878112,2.1893635296064043e-12,6.866157626936237e-08,3.5422728506485502e-09,1.2053729158755827e-09,9.495493734245807e-11,3.8515057894772294e-07,3.620545066931862e-11,3.359039065526398e-08,3.1954910982664573e-07,3.925304890128069e-07,4.0542282942246337e-08,1.0926481684289038e-10,2.2673501413907355e-10,1.6735997340522075e-10,4.413192030905555e-09,2.2310987983273862e-15,3.295981512484562e-16,1.457093471031275e-11,9.503870943410204e-14,1.166770901472291e-21,1.4395631620584936e-11,2.6433327473141927e-15,9.748549159529798e-17,1.1436566384214654e-19,2.6078204991642605e-20,9.51516060037926e-07,9.162373848614157e-10,9.396714737126445e-07,2.624468835175936e-14,1.5211889305020005e-19,5.794967308841184e-17,1.6489615928367037e-09,1.5671373415896332e-20,2.4541201407604e-19,1.614172913234516e-11,7.827038821364934e-22,1.1347637648019405e-21,1.1488339509431173e-24,1.0193665527678666e-21,6.54066727488717e-20,5.38846664302893e-14
2.1322805156695344e-08,0.4522888879663382,3.76,0.0,0.5004254672417578,0.9999995996912562,1.4010059541038302e-09,1.4637415413709745e-08,9.052810770197626e-09,0.0006289542083057747,0.000628958830364714,2.2255033690065115e-12,7.121197616604602e-08,3.6474413180376203e-09,1.2608600834349356e-09,1.0100746128699203e-10,3.914681691624574e-07,3.74000911393342e-11,3.38862919807466e-08,3.257291401984643e-07,4.0141964853141624e-07,4.072580778644888e-08,1.1285079255694378e-10,2.344286298478532e-10,1.752958732674449e-10,4.548994536386422e-09,2.3614397066825046e-15,3.5429615439963816e-16,1.4705998092553643e-11,9.889195782760129e-14,1.2583767753629706e-21,1.4737237532858067e-11,2.782005877842376e-15,1.0420088480425642e-16,1.2292033550534733e-19,2.799024192473106e-20,9.67016124960037e-07,9.463822030587308e-10,9.547838387458485e-07,2.722687793575899e-14,1.583707224931611e-19,6.103134812847787e-17,1.703222181863589e-09,1.6557551613264738e-20,2.679168597193876e-19,1.6496362835145982e-11,8.228992898009259e-22,1.2144586606174591e-21,1.2236421353078654e-24,1.075057260273923e-21,6.952297924654595e-20,5.732758057703512e-14
2.166571844363824e-08,0.4522897589941903,3.76,0.0,0.500415333782415,0.9999995930471399,1.477431673780319e-09,1.5109184031587092e-08,9.385587008459716e-09,0.0006390625039290581,0.0006390672760511078,2.2616360875985417e-12,7.381079121687186e-08,3.753810898864632e-09,1.3178832002844668e-09,1.073354538548888e-10,3.977865194299996e-07,3.861416523918967e-11,3.418287314156225e-08,3.3191748009396913e-07,4.1036853106621686e-07,4.09093651539726e-08,1.1649484460247093e-10,2.422544621634225e-10,1.8346658251034786e-10,4.686107145143335e-09,2.4970865463298916e-15,3.8038560730172036e-16,1.4841254624217452e-11,1.0283656383038754e-13,1.3553997942222517e-21,1.5081786361505892e-11,2.9257079075702326e-15,1.1126370397402423e-16,1.3194613958249545e-19,3.000782527229257e-20,9.825145107813966e-07,9.770132391723354e-10,9.698883678702678e-07,2.822944355586894e-14,1.6477267768231558e-19,6.422174067591817e-17,1.758358382978491e-09,1.7478568560918335e-20,2.9204739482199806e-19,1.6851520797108236e-11,8.644249458211258e-22,1.2982383841947587e-21,1.3018245479513599e-24,1.1326874081623111e-21,7.381038763608681e-20,6.092757299357316e-14
2.2008631730581137e-08,0.4522906300097155,3.76,0.0,0.5004052004674996,0.999999586395926,1.5566403412152265e-09,1.5588345216089356e-08,9.724465526405052e-09,0.0006491705924591676,0.0006491755170500121,2.297769653426209e-12,7.64580816797755e-08,3.861368907910305e-09,1.3764552278938313e-09,1.1394644899668063e-10,4.0410563596856077e-07,3.984767522911129e-11,3.4480137295375704e-08,3.381141644143478e-07,4.1937723665214667e-07,4.109299094505277e-08,1.2019700691216303e-10,2.5021262743881834e-10,1.918748272020116e-10,4.824503285568386e-09,2.6381670701774095e-15,4.0791987374805196e-16,1.497672166651975e-11,1.0687333531307158e-13,1.4580582139487e-21,1.542928437944641e-11,3.074546719254344e-15,1.1868625394418338e-16,1.4145981184769779e-19,3.213494693878229e-20,9.980112176885162e-07,1.0081304136311594e-09,9.849850653354935e-07,2.925252844727787e-14,1.713260967520314e-19,6.75226888595939e-17,1.8143700664775662e-09,1.8435248195175812e-20,3.178895549770015e-19,1.720716649520777e-11,9.073034774682438e-22,1.3862390204042793e-21,1.3834676160010864e-24,1.1922867534851015e-21,7.827226301577537e-20,6.46889507702869e-14
2.2351545017524034e-08,0.45229150101292276,3.76,0.0,0.5003950672968696,0.9999995797375921,1.638682415122194e-09,1.607489481283471e-08,1.0069434469496509e-08,0.0006592784738986923,0.0006592835533644441,2.3339066681948067e-12,7.915390810633124e-08,3.970102793505488e-09,1.4365888501941523e-09,1.2084804302674985e-10,4.104255250564138e-07,4.1100623390394155e-11,3.4778087398879336e-08,3.443192313145428e-07,4.28445868901584e-07,4.127671721070932e-08,1.239573152152771e-10,2.583032404008086e-10,2.0052330760152385e-10,4.964157088116799e-09,2.784810328198472e-15,4.3695345824814725e-16,1.5112413724014285e-11,1.1100308221312035e-13,1.5665751678517956e-21,1.5779737862886548e-11,3.2286312557745738e-15,1.2648109026279362e-16,1.514783557183809e-19,3.437568502235251e-20,1.0135062458678655e-06,1.0397336468746447e-09,1.0000739353888938e-06,3.0296276339538055e-14,1.7803232332886554e-19,7.093601992943162e-17,1.8712571026808422e-09,1.9428424014224863e-20,3.455321243347345e-19,1.7563265358694067e-11,9.51557727898345e-22,1.478599055079273e-21,1.4686584547994459e-24,1.2538849657090447e-21,8.291195728980474e-20,6.861605679056754e-14
2.269445830446693e-08,0.4522923720038215,3.76,0.0,0.5003849342703837,0.9999995730721152,1.7236082493512593e-09,1.656882866977918e-08,1.0420481481322199e-08,0.0006693861482502241,0.0006693913849974177,2.370042447446022e-12,8.189833147374414e-08,4.080000135743717e-09,1.4982964781741106e-09,1.2804789291240168e-10,4.167461930239456e-07,4.2373012025780317e-11,3.5076727064445925e-08,3.505327199187932e-07,4.375745328590545e-07,4.1460573587004555e-08,1.2777580708256145e-10,2.6652641429919973e-10,2.0941469851741607e-10,5.1050433785189655e-09,2.9371466694687754e-15,4.675420167978025e-16,1.5248342864380697e-11,1.1522661663774765e-13,1.6811787110057979e-21,1.6133153031514645e-11,3.388071524796604e-15,1.3466102189864824e-16,1.6201904113171723e-19,3.673420470995644e-20,1.0289995955058747e-06,1.0718228593527418e-09,1.01515498227561e-06,3.136083147028983e-14,1.8489270218482258e-19,7.446355288658547e-17,1.9290193619323246e-09,2.045893914690496e-20,3.7506677813542844e-19,1.791978461801768e-11,9.972107537013979e-22,1.5754594066613024e-21,1.5574848802259702e-24,1.3175116469203693e-21,8.773280936239285e-20,7.271326874957454e-14
2.3037371591409828e-08,0.4522932429824214,3.76,0.0,0.5003748013879009,0.9999995663994724,1.811468089719137e-09,1.7070142637215364e-08,1.0777593717494743e-08,0.0006794936155163472,0.0006794990119519447,2.406174552362521e-12,8.469141312060082e-08,4.191048645240585e-09,1.5615902530624963e-09,1.3555371509561525e-10,4.2306764625598784e-07,4.366484345952736e-11,3.537605967017263e-08,3.5675467140559317e-07,4.4676333601900725e-07,4.164458711593057e-08,1.316525215456691e-10,2.748822609884863e-10,2.1855164955599247e-10,5.247137653789408e-09,3.0953077207141927e-15,4.997423648014498e-16,1.5384519918444025e-11,1.1954475275235352e-13,1.802101853320744e-21,1.6489536109664836e-11,3.552978581555229e-15,1.4323911327046156e-16,1.7309940373613188e-19,3.921475896587955e-20,1.0444912667889286e-06,1.104397971525913e-09,1.0302282102385547e-06,3.2446339057381874e-14,1.9190857897308185e-19,7.810710079904035e-17,1.9876567146008627e-09,2.152764639615185e-20,4.0658811110014647e-19,1.8276693222608272e-11,1.0442858071430882e-21,1.6769634507012862e-21,1.6500354188439142e-24,1.3831963450422395e-21,9.273814541402118e-20,7.698499847849445e-14
2.3380284878352724e-08,0.4522941139487328,3.76,0.0,0.5003646686492812,0.999999559719641,1.902312072523623e-09,1.757883256777156e-08,1.1140757848218546e-08,0.0006896008756996371,0.0006896064342310346,2.442306190619533e-12,8.753321462038128e-08,4.303236162217881e-09,1.62648204866903e-09,1.433732846316199e-10,4.293898911973748e-07,4.497612003736006e-11,3.567608716642206e-08,3.6298513111704176e-07,4.5601239030208647e-07,4.182878134801551e-08,1.3558749894992358e-10,2.833708909663662e-10,2.2793678530290877e-10,5.39041605507562e-09,3.2594263785236563e-15,5.336124829054018e-16,1.5520955108345603e-11,1.2395830663069947e-13,1.9295825851713994e-21,1.6848893409129747e-11,3.723464521689055e-15,1.522286857215837e-16,1.8473724441189538e-19,4.182168907211959e-20,1.0599812599033711e-06,1.1374589038651304e-09,1.0452936235184117e-06,3.3552945544120955e-14,1.9908130376098362e-19,8.186846936870816e-17,2.047169031080579e-09,2.2635408316005033e-20,4.401936577640396e-19,1.8633961801581017e-11,1.0928063307828475e-21,1.7832570359671587e-21,1.7463993127034555e-24,1.4509685547149466e-21,9.793127954043913e-20,8.143569145050163e-14
2.372319816529562e-08,0.4522949849027661,3.76,0.0,0.5003545360543842,0.9999995530325984,1.9961902209492734e-09,1.809489431641047e-08,1.1509960078821148e-08,0.0006997079288026651,0.000699713651837694,2.4784394915214583e-12,9.042379778005212e-08,4.416550655109314e-09,1.6929834749508662e-09,1.515144338721599e-10,4.3571293435170696e-07,4.630684412663245e-11,3.5976810198757344e-08,3.692241484701614e-07,4.653218119647009e-07,4.201317632236388e-08,1.395807812093244e-10,2.9199241344970306e-10,2.3757270560004653e-10,5.534855350475104e-09,3.429636834574307e-15,5.69211525444027e-16,1.5657657523991662e-11,1.284680962653463e-13,2.063863914315328e-21,1.721123132135355e-11,3.8996425028120035e-15,1.6164331958927545e-16,1.9695062869200318e-19,4.4559425379126006e-20,1.0754695750355046e-06,1.1710055768518768e-09,1.0603512263536322e-06,3.4680798246366706e-14,2.064122322977144e-19,8.57494535771421e-17,2.107556181790277e-09,2.378309735452028e-20,4.75983924295726e-19,1.899156258575463e-11,1.1427959757983585e-21,1.8944885053645025e-21,1.8466665238814223e-24,1.5208577168253994e-21,1.0331551471909885e-19,8.606982602559113e-14
2.4066111452238518e-08,0.45229585584453164,3.76,0.0,0.5003444036030705,0.9999995463383216,2.093152440303921e-09,1.861832374042806e-08,1.188518618298056e-08,0.0007098147748280029,0.0007098206647749267,2.51457217034996e-12,9.336322478185141e-08,4.5309802191879305e-09,1.7611058815315654e-09,1.5998505116125506e-10,4.420367822730684e-07,4.765701811666415e-11,3.6278229384878833e-08,3.7547177446159155e-07,4.746917192529792e-07,4.2197789787320765e-08,1.4363241195773874e-10,3.0074693647571034e-10,2.474619858205504e-10,5.680432935831623e-09,3.60607460105345e-15,6.065998288712381e-16,1.57946344981274e-11,1.3307494172188398e-13,2.2051939009502906e-21,1.757655622924436e-11,4.081626768130544e-15,1.7149685626803198e-16,2.097578861477175e-19,4.743248799877085e-20,1.0909562123715883e-06,1.2050379109781444e-09,1.0754010229804318e-06,3.5830044919619266e-14,2.139027233673805e-19,8.975183777222104e-17,2.168818037172743e-09,2.497159594464799e-20,5.140624203884635e-19,1.934946930482163e-11,1.1942786175832585e-21,2.010808718952307e-21,1.9509277422504994e-24,1.592893226174977e-21,1.0889414327086196e-19,9.08919127025792e-14
2.4409024739181415e-08,0.4522967267740396,3.76,0.0,0.5003342712952008,0.9999995396367881,2.1932485129930966e-09,1.9149116699452222e-08,1.2266421537038029e-08,0.0007199214137782163,0.0007199274730457347,2.5507022613239916e-12,9.63515583227227e-08,4.64651307511255e-09,1.830860361428791e-09,1.6879307945456177e-10,4.483614415579682e-07,4.902664441908212e-11,3.65803463152396e-08,3.8172805926282486e-07,4.841222301451933e-07,4.238263860659827e-08,1.4774243638214024e-10,3.0963456701570527e-10,2.5760717716170995e-10,5.827126834189976e-09,3.788876512233402e-15,6.458389212844575e-16,1.593189186568448e-11,1.3777966526060955e-13,2.353825696236974e-21,1.7944874437445566e-11,4.269532650922523e-15,1.8180340058403082e-16,2.2317760963232468e-19,5.0445487565795976e-20,1.1064411720978416e-06,1.2395558267464377e-09,1.0904430176327894e-06,3.700083373300331e-14,2.215541365665737e-19,9.387739904766198e-17,2.230954467694791e-09,2.6201796537786722e-20,5.545356925020345e-19,1.9707657072654857e-11,1.2472783514966551e-21,2.1323710836020875e-21,2.059274398705494e-24,1.6671044415260914e-21,1.1467044692504554e-19,9.590649332728738e-14
2.475193802612431e-08,0.45229759769130085,3.76,0.0,0.5003241391306356,0.999999532927975,2.296528095332645e-09,1.9687269055441178e-08,1.2653651134998283e-08,0.000730027845655864,0.0007300340766531173,2.586831932121159e-12,9.938886154024944e-08,4.763137567440067e-09,1.902257754854432e-09,1.7794651492270013e-10,4.546869188479288e-07,5.041572546789975e-11,3.688316262946442e-08,3.8799305344871865e-07,4.93613463502554e-07,4.256773847309309e-08,1.5191090102964105e-10,3.1865541105405153e-10,2.6801080694219294e-10,5.974915668701415e-09,3.9781807054996875e-15,6.869915326848544e-16,1.6069435090631995e-11,1.425830912202456e-13,2.51001758587767e-21,1.8316192235984813e-11,4.463476559718163e-15,1.925773233819972e-16,2.372286545507547e-19,5.3603126127029853e-20,1.1219244544004407e-06,1.2745592446697707e-09,1.1054772145424443e-06,3.819331371128575e-14,2.293678350776143e-19,9.81279081090475e-17,2.293965343848074e-09,2.747460166211947e-20,5.97513356168283e-19,2.0066102307463018e-11,1.301819476025417e-21,2.2593315843489764e-21,2.1717986775447124e-24,1.7435206908005748e-21,1.2064769727899922e-19,1.0111814029152988e-13
2.5094851313067208e-08,0.4522984685963268,3.76,0.0,0.5003140071092361,0.99999952621186,2.4030407161733685e-09,2.0232776672682125e-08,1.3046859589379197e-08,0.0007401340704634997,0.0007401404756000707,2.622962896918912e-12,1.0247519782275304e-07,4.880842163312295e-09,1.9753086525523177e-09,1.8745340573429736e-10,4.610132208377986e-07,5.18242637194299e-11,3.7186678387710655e-08,3.94266811136488e-07,5.031655420080203e-07,4.2753102425866644e-08,1.5613785392504814e-10,3.2780957362094304e-10,2.7867537886122573e-10,6.123778624020412e-09,4.174126620170764e-15,7.301216039887833e-16,1.6207269726192117e-11,1.4748604581278943e-13,2.6740330309280678e-21,1.8690516013680362e-11,4.663575976150491e-15,2.0383326375614316e-16,2.519301384608345e-19,5.691019798892856e-20,1.1374060594655204e-06,1.3100480852716702e-09,1.1205036179388956e-06,3.94076349440487e-14,2.3734518841114597e-19,1.0250512532320773e-16,2.3578505361494077e-09,2.8790924063200564e-20,6.431081233477819e-19,2.0424782697463865e-11,1.3579264935834012e-21,2.3918488072955185e-21,2.2885935208342458e-24,1.8221712769753453e-21,1.2682915695645197e-19,1.0653145583516656e-13
2.5437764600010105e-08,0.4522993394891287,3.76,0.0,0.5003038752308644,0.9999995194884199,2.512835774600916e-09,2.078563541779027e-08,1.3446031146934322e-08,0.0007502400882036774,0.0007502466698895894,2.6590925765769314e-12,1.056106308250758e-07,4.9996154513525875e-09,2.05002339860369e-09,1.9732185103086207e-10,4.67340354273837e-07,5.3252261652427034e-11,3.749089249059215e-08,4.0054938959453516e-07,5.127785917915144e-07,4.2938740831233984e-08,1.6042334475154996e-10,3.370971588344068e-10,2.8960337321776255e-10,6.273695436181816e-09,4.37685503000631e-15,7.75294294314948e-16,1.634540042041256e-11,1.5248935717115078e-13,2.8461406998202652e-21,1.9067852230020012e-11,4.869949482529605e-15,2.1558613078190966e-16,2.6730144093755623e-19,6.037159035995783e-20,1.1528859874791726e-06,1.346022269086171e-09,1.1355222320494002e-06,4.06439481014872e-14,2.454875693244582e-19,1.0701079837370999e-16,2.4226099151399237e-09,3.0151686850129453e-20,6.914358259761948e-19,2.0783677157267602e-11,1.4156241349329655e-21,2.530083956006113e-21,2.4097526300862513e-24,1.9030854856439324e-21,1.332180806035605e-19,1.1215107145817453e-13
2.5780677886953002e-08,0.45230021036971674,3.76,0.0,0.5002937434953818,0.9999995127576324,2.6259625352888483e-09,2.1345841159707755e-08,1.3851149727491929e-08,0.0007603458988789452,0.0007603526595246652,2.6952191311115224e-12,1.087952247248407e-07,5.119446140502958e-09,2.1264120934016557e-09,2.0755999982929024e-10,4.736683259399431e-07,5.4699721768533885e-11,3.779580494612676e-08,4.0684084482299505e-07,5.224527382806083e-07,4.31246635255288e-08,1.647674247359353e-10,3.4651826999583867e-10,3.0079724714637494e-10,6.4246464112517626e-09,4.586508067958858e-15,8.22575988951599e-16,1.6483830072084094e-11,1.5759385562727903e-13,3.0266144992772698e-21,1.9448207258121723e-11,5.08271678655081e-15,2.2785110543609566e-16,2.833622032300506e-19,6.399228393389985e-20,1.1683642386274506e-06,1.3824817166578208e-09,1.1505330610989703e-06,4.190240391924374e-14,2.537963504691267e-19,1.1164666647885497e-16,2.488243351384277e-09,3.155782353146027e-20,7.426154419370029e-19,2.1142765731552185e-11,1.4749373710181273e-21,2.6742008760281672e-21,2.5353704775751355e-24,1.986292584628276e-21,1.3981771488319991e-19,1.1798164729121862e-13
2.61235911738959e-08,0.4523010812381021,3.76,0.0,0.5002836119026504,0.9999995060194745,2.742470124135677e-09,2.1913389769702245e-08,1.4262198954099405e-08,0.0007704515024918429,0.000770458444508287,2.7313454794414618e-12,1.1202904433372131e-07,5.240323058599299e-09,2.204484597293368e-09,2.1817604968189743e-10,4.799971426511692e-07,5.616664659257877e-11,3.8101417435497466e-08,4.131412296717735e-07,5.321881044361723e-07,4.3310881133971074e-08,1.691701464528585e-10,3.56073009693951e-10,3.122594349050853e-10,6.576612422450553e-09,4.803229204195634e-15,8.72034309873253e-16,1.6622560896602706e-11,1.628003737817731e-13,3.2157336164852976e-21,1.983158734458707e-11,5.301998706782282e-15,2.4064364324564206e-16,3.0013232755189547e-19,6.777735371255975e-20,1.1838408130963652e-06,1.4194263485416767e-09,1.1655361093103733e-06,4.318315354828475e-14,2.6227290792829034e-19,1.164144646059164e-16,2.5547507154713747e-09,3.3010277985988085e-20,7.967691257565409e-19,2.1502029490728645e-11,1.535891388641194e-21,2.824366091724253e-21,2.665542325390347e-24,2.0718218224790117e-21,1.4663129817153273e-19,1.2402787132716237e-13
2.6466504460838795e-08,0.4523019520942963,3.76,0.0,0.5002734804525317,0.9999994992739241,2.8624075271914515e-09,2.248827712136515e-08,1.4679162149282909e-08,0.0007805568990449065,0.000780564024843442,2.767473664287989e-12,1.1531215483738304e-07,5.362235150905809e-09,2.2842505342991913e-09,2.2917824532590432e-10,4.863268112656084e-07,5.765303867241528e-11,3.840773076955201e-08,4.1945059822700913e-07,5.41984814864889e-07,4.349740326064193e-08,1.7363156390085803e-10,3.657614798406246e-10,3.239923481652316e-10,6.72957486133813e-09,5.027163213573224e-15,9.237381267634698e-16,1.6761596134384466e-11,1.6810974618732974e-13,3.4137825691550484e-21,2.0217998785563114e-11,5.527917144640379e-15,2.539794770699322e-16,3.176319765586497e-19,7.173197003946116e-20,1.1993157110718837e-06,1.4568560853033088e-09,1.1805313809041288e-06,4.448634934255516e-14,2.7091862543464704e-19,1.2131591930190584e-16,2.622131878015713e-09,3.451000454971437e-20,8.540222377338683e-19,2.1861450493939328e-11,1.5985115670774137e-21,2.980748838067152e-21,2.8003642344421966e-24,2.1597024456074454e-21,1.53662061430977e-19,1.302944586465233e-13
2.6809417747781692e-08,0.4523028229383117,3.76,0.0,0.5002633491448887,0.999999492520958,2.9858235914194366e-09,2.307049909061053e-08,1.51020223232961e-08,0.0007906620885406728,0.000790669400533114,2.803600396067282e-12,1.18644621531442e-07,5.485171479009978e-09,2.3657192948877154e-09,2.405748776918038e-10,4.926573386962674e-07,5.915890057871095e-11,3.871474311563366e-08,4.2576901011493516e-07,5.518429998445751e-07,4.3684235989994534e-08,1.7815173269766568e-10,3.755837816452146e-10,3.3599837622655636e-10,6.883515594444948e-09,5.258456213183801e-15,9.777575649161575e-16,1.690093905431562e-11,1.7352280912355386e-13,3.621051244502937e-21,2.0607448051540423e-11,5.7605951122346795e-15,2.678746189367682e-16,3.3588157368242913e-19,7.586139942341315e-20,1.2147889327399342e-06,1.4947708475187965e-09,1.1955188800985107e-06,4.5812144515428155e-14,2.7973488930947827e-19,1.2635274109654106e-16,2.6903867096566136e-09,3.6057968289910036e-20,9.145033644063179e-19,2.2221011812716882e-11,1.6628235143051375e-21,3.1435210710705694e-21,2.9399330553389793e-24,2.2499637216240215e-21,1.6091323039185942e-19,1.3678615084874225e-13
2.715233103472459e-08,0.4523036937701593,3.76,0.0,0.5002532179795839,0.9999994857605538,3.112767020879432e-09,2.36600515556744e-08,1.5530762210066684e-08,0.0008007670709816718,0.0008007745715802848,2.8397241895780077e-12,1.220265101095321e-07,5.6091212200144e-09,2.448900038039357e-09,2.5237428314415654e-10,4.989887318959945e-07,6.068423490538969e-11,3.9022452589844034e-08,4.3209652555481214e-07,5.617627906808013e-07,4.387138422592189e-08,1.8273070990512586e-10,3.8554001569010304e-10,3.482798861828584e-10,7.038416990536257e-09,5.497255687794531e-15,1.0341640111224502e-15,1.7040591887489216e-11,1.79040400916168e-13,3.837834920225346e-21,2.0999941607770467e-11,6.000156757790916e-15,2.8234536143249956e-16,3.5490180302605427e-19,8.017100491528774e-20,1.2302604782864006e-06,1.5331705557747314e-09,1.2104986111095445e-06,4.7160692570568054e-14,2.887230867534836e-19,1.31526630810586e-16,2.7595150810573494e-09,3.765514501926557e-20,9.78344336206887e-19,2.2580697455086267e-11,1.728853078880319e-21,3.3128574871912433e-21,3.084346438895902e-24,2.3426349197238045e-21,1.683880253162544e-19,1.4350771561676834e-13
2.7495244321667486e-08,0.4523045645898496,3.76,0.0,0.5002430869564803,0.9999994789926887,3.2432863717152963e-09,2.425693039711328e-08,1.596536430945016e-08,0.000810871846370426,0.0008108795379879341,2.875847503767465e-12,1.254578869234007e-07,5.734073665059738e-09,2.5338016950095886e-09,2.64584842103901e-10,5.053209978433785e-07,6.2229044270112e-11,3.93308593936474e-08,4.3843320089455393e-07,5.717443155167168e-07,4.405885401128039e-08,1.873685539643852e-10,3.9563028203855205e-10,3.608392232213184e-10,7.1942619369777375e-09,5.743710496253134e-15,1.0930301249035765e-15,1.7180555594392934e-11,1.846633621997904e-13,4.064434308392005e-21,2.139548576582194e-11,6.2467273763341296e-15,2.974082804498372e-16,3.747136089663031e-19,8.466624693649057e-20,1.2457303478971293e-06,1.5720551306682135e-09,1.2254705781510033e-06,4.8532147072214165e-14,2.978846076418088e-19,1.368392849752856e-16,2.8295168629049004e-09,3.9302521300211276e-20,1.0456802583820005e-18,2.2940492256992857e-11,1.7966263449065293e-21,3.488935561406329e-21,3.233702855238975e-24,2.4377452988064433e-21,1.7608966072385588e-19,1.5046394592693412e-13
2.7838157608610383e-08,0.4523054353973945,3.76,0.0,0.5002329560754399,0.9999994722173405,3.377430049754381e-09,2.4861131497802397e-08,1.6405810900526725e-08,0.000820976414709454,0.0008209842997590384,2.911971916063607e-12,1.289388189095277e-07,5.860018217736848e-09,2.6204329733539796e-09,2.772149775890915e-10,5.116541435452164e-07,6.379333131435275e-11,3.963996495831648e-08,4.447790898136752e-07,5.817877004587168e-07,4.424665219940116e-08,1.9206532478744878e-10,4.0585468029472886e-10,3.736787109393697e-10,7.351033813699211e-09,5.997970854160966e-15,1.1544298510142317e-15,1.732083088393944e-11,1.9039253581033255e-13,4.301155609898321e-21,2.1794086742624365e-11,6.500433396912479e-15,3.1308023829505643e-16,3.9533819576866395e-19,8.935268436125923e-20,1.2611985417579236e-06,1.6114244928068568e-09,1.2404347854344117e-06,4.992666203518441e-14,3.0722084726339953e-19,1.4229239342975248e-16,2.9003919259106753e-09,4.1001094504562196e-20,1.1166495421059735e-18,2.3300381821217277e-11,1.8661696155793253e-21,3.67193558559766e-21,3.3881016075723805e-24,2.535324126209909e-21,1.8402134588865495e-19,1.5765965921204366e-13
2.818107089555328e-08,0.4523063061928055,3.76,0.0,0.500222825336326,0.9999994654344863,3.5152463109345897e-09,2.5472650742934276e-08,1.6852084030294197e-08,0.0008310807760012732,0.0008310888568965725,2.948095744724407e-12,1.3246937331454772e-07,5.986944392930594e-09,2.70880235983782e-09,2.902731541738171e-10,5.179881760492457e-07,6.537709870318111e-11,3.99497695171857e-08,4.5113424792364506e-07,5.918930738875317e-07,4.4434784312855045e-08,1.9682108377661052e-10,4.162133096017998e-10,3.8680065157224054e-10,7.508716447482392e-09,6.260188322537548e-15,1.2184384288330653e-15,1.7461419166042445e-11,1.9622876648247823e-13,4.548310558989515e-21,2.2195750829097365e-11,6.761402371249654e-15,3.293783860029383e-16,4.1679702756720857e-19,9.423597543865868e-20,1.2766650600545448e-06,1.651278562808784e-09,1.2553912371690413e-06,5.134439237297919e-14,3.1673320563651016e-19,1.478876333382427e-16,2.972140140811199e-09,4.275187294317131e-20,1.191393925341072e-18,2.366035251829581e-11,1.9375094084588984e-21,3.86204069144546e-21,3.5476428337588856e-24,2.6354007059914305e-21,1.9218628605495582e-19,1.6509969676428778e-13
2.8523984182496176e-08,0.4523071769760949,3.76,0.0,0.5002126947390018,0.9999994586441036,3.6567832613679085e-09,2.609148402001788e-08,1.7304165511831557e-08,0.000841184930248397,0.0008411932094035083,2.984217429516831e-12,1.360496175859665e-07,6.1148418160271e-09,2.798918122423343e-09,3.0376787728139714e-10,5.243231024488101e-07,6.698034912520343e-11,4.026027134677579e-08,4.574987345375263e-07,6.020605681127884e-07,4.462325354823589e-08,2.0163589372715803e-10,4.2670626863891245e-10,4.0020732614970136e-10,7.667294091234082e-09,6.530515823358393e-15,1.285132398886166e-15,1.760232224066837e-11,2.0217290075341827e-13,4.8062164528753485e-21,2.2600484443512456e-11,7.029762985727353e-15,3.463201648741828e-16,4.391118286582478e-19,9.932187840376182e-20,1.2921299029727146e-06,1.69161726130263e-09,1.270339937561913e-06,5.2785493809533446e-14,3.264230848056383e-19,1.5362666838849505e-16,3.044761378367866e-09,4.455587600363621e-20,1.2700584867579005e-18,2.4020391488782838e-11,2.0106724700577686e-21,4.059436863419263e-21,3.71242750456832e-24,2.7380043821559855e-21,2.0058768350331081e-19,1.7278892332986948e-13
2.8866897469439073e-08,0.4523080477472742,3.76,0.0,0.5002025642833305,0.9999994518461699,3.802088854761156e-09,2.6717627218877703e-08,1.7762036950172866e-08,0.0008512888774533309,0.0008512973572828145,3.0203379923850465e-12,1.396796195504539e-07,6.243700221983292e-09,2.890788312620736e-09,3.1770769233554475e-10,5.306589298731033e-07,6.86030852928759e-11,4.057146850151203e-08,4.6387260955905093e-07,6.122903164499389e-07,4.481206214631691e-08,2.0650981879659396e-10,4.3733365567026675e-10,4.139009946840974e-10,7.826751437462508e-09,6.8091076656567886e-15,1.3545896103899433e-15,1.7743541235654183e-11,2.0822578717540853e-13,5.075196180921883e-21,2.300829401172279e-11,7.30564508609121e-15,3.639233082401784e-16,4.623045837040024e-19,1.0461625203291521e-19,1.3075930706981117e-06,1.73244050892754e-09,1.2852808908177958e-06,5.425012240260547e-14,3.362918885977022e-19,1.5951115390327236e-16,3.11825550936616e-09,4.641413422726342e-20,1.3527916636857213e-18,2.438048659345792e-11,2.085685790946829e-21,4.264312960121387e-21,3.882557431411949e-24,2.8431645193716045e-21,2.0922873783227187e-19,1.8073222662217795e-13
2.920981075638197e-08,0.45230891850635424,3.76,0.0,0.500192433969176,0.9999994450406623,3.9512108658556986e-09,2.73510762319673e-08,1.8225679765875945e-08,0.0008613926176185755,0.000861401300537459,3.056458638339405e-12,1.4335944777657893e-07,6.373509468196324e-09,2.984420741222552e-09,3.321011883116168e-10,5.369956654749223e-07,7.024530994635087e-11,4.088336141267185e-08,4.7025592819608943e-07,6.225824483180513e-07,4.5001213991905656e-08,2.1144292478254587e-10,4.480955686125989e-10,4.278838937230168e-10,7.987073696162793e-09,7.09611974128905e-15,1.4268894166558282e-15,1.7885076062583606e-11,2.1438827691360177e-13,5.355579055057155e-21,2.3419185785742253e-11,7.589179848558514e-15,3.8220588540152705e-16,4.863975730554519e-19,1.101250706304438e-19,1.3230545634163695e-06,1.7737482263346018e-09,1.3002141011388976e-06,5.573843429017316e-14,3.4634102589049007e-19,1.655427404877094e-16,3.1926224046186337e-09,4.83276908613615e-20,1.4397457464883496e-18,2.4740626386292047e-11,2.16257663032717e-21,4.476861162495195e-21,4.058135406930772e-24,2.9509104982387386e-21,2.1811264541099377e-19,1.889345193620682e-13
2.9552724043324866e-08,0.45230978925334736,3.76,0.0,0.5001823037964013,0.9999994382275585,4.104196942010932e-09,2.7991826953622674e-08,1.869507523345944e-08,0.0008714961507466302,0.0008715050391704056,3.092578861349075e-12,1.4708917111599326e-07,6.504259499061032e-09,3.079823048373456e-09,3.4695698474511135e-10,5.433333164358794e-07,7.190702584538789e-11,4.119594984911976e-08,4.766487465078151e-07,6.329370942986309e-07,4.519071232234428e-08,2.1643527864382355e-10,4.5899210512754655e-10,4.4215824314493337e-10,8.148246409896525e-09,7.391709053677441e-15,1.5021122546951534e-15,1.8026927188140942e-11,2.2066122271207072e-13,5.647699018963769e-21,2.3833166056781017e-11,7.880499382071055e-15,4.011862079129671e-16,5.11413288779581e-19,1.1585439189973816e-19,1.3385143813130885e-06,1.8155403341834607e-09,1.3151395727255922e-06,5.725058624408671e-14,3.5657190898529236e-19,1.7172306852140223e-16,3.267861934958171e-09,5.0297598304935406e-20,1.5310757998518149e-18,2.5100799923694326e-11,2.241372426093886e-21,4.697276048269355e-21,4.239264928820926e-24,3.061271746321434e-21,2.272426009446124e-19,1.974007318185454e-13
2.989563733026776e-08,0.4523106599882649,3.76,0.0,0.50017217376487,0.999999431406836,4.261094573853653e-09,2.8639875280475502e-08,1.9170204462540593e-08,0.0008815994768399893,0.000881608573184617,3.128698223728632e-12,1.5086885880480776e-07,6.635940364137331e-09,3.1770026684753392e-09,3.622837375771067e-10,5.496718899698956e-07,7.358823577381373e-11,4.150923327543763e-08,4.830511208437952e-07,6.433543856843843e-07,4.5380559834472715e-08,2.214869487077337e-10,4.700233625912846e-10,4.5672624268673266e-10,8.310255523093751e-09,7.696033980554866e-15,1.5803398920971729e-15,1.8169095152385372e-11,2.2704547930153082e-13,5.951895702833576e-21,2.4250241129498263e-11,8.179736949884652e-15,4.2088288489148875e-16,5.37374481499565e-19,1.2181037599601936e-19,1.3539725245738269e-06,1.857816753144202e-09,1.3300573097760158e-06,5.878673557832453e-14,3.669859533529936e-19,1.780537680197179e-16,3.3439739712420523e-09,5.2324920232485055e-20,1.6269402941792479e-18,2.5460996848568316e-11,2.322100847037966e-21,4.925755141617234e-21,4.426050359653358e-24,3.1742777287818073e-21,2.366217976554839e-19,2.0613581516593188e-13
3.0238550617210653e-08,0.45231153071111885,3.76,0.0,0.5001620438744458,0.9999994245784721,4.4219510881811185e-09,2.9295217111535795e-08,1.9651048404699978e-08,0.0008917025959011425,0.000891711902583053,3.1648166807625343e-12,1.546985804988877e-07,6.76854222091744e-09,3.275966825371195e-09,3.7809013952034737e-10,5.56011393322415e-07,7.5288942540531e-11,4.182321108586223e-08,4.894631074255292e-07,6.538344540985544e-07,4.5570758855880935e-08,2.265980047096737e-10,4.811894381148127e-10,4.715900714230707e-10,8.473087389604256e-09,8.009254332182471e-15,1.6616554849487535e-15,1.8311580383465872e-11,2.3354190350058975e-13,6.26851467064508e-21,2.4670417305803146e-11,8.487027020088247e-15,4.4131483612483177e-16,5.643041700431103e-19,1.2799929004583085e-19,1.369428993384102e-06,1.9005774038977297e-09,1.3449673164859829e-06,6.034704008942817e-14,3.77584577698302e-19,1.8453645926023366e-16,3.420958384352716e-09,5.44107320918061e-20,1.7275012493422666e-18,2.5821207380317984e-11,2.4047898051332795e-21,5.162499047089783e-21,4.618596965684414e-24,3.2899579522623734e-21,2.462534277290988e-19,2.1514474169477267e-13
3.058146390415355e-08,0.45231240142192103,3.76,0.0,0.5001519141249929,0.9999994177424444,4.586813648134626e-09,2.995784834816854e-08,2.013758786732162e-08,0.0009018055079325745,0.0009018150273686707,3.2009343362862072e-12,1.585784062766231e-07,6.902055332672848e-09,3.37672253719436e-09,3.9438491868321995e-10,5.623518337688311e-07,7.700914897940569e-11,4.213788268861789e-08,4.958847621693291e-07,6.643774313206072e-07,4.576131145158013e-08,2.3176851777941079e-10,4.924904285781092e-10,4.867518881886275e-10,8.63672875925059e-09,8.331531342774087e-15,1.7461435752604396e-15,1.8454383178482808e-11,2.4015135420538393e-13,6.597907409143991e-21,2.5093700879303054e-11,8.802505260180521e-15,4.625012916725203e-16,5.922256391987557e-19,1.344275080180741e-19,1.3848837879293887e-06,1.9438222071356714e-09,1.3598695970490102e-06,6.193165803231924e-14,3.8836920410296756e-19,1.9117275321261255e-16,3.4988150451975087e-09,5.655612107952472e-20,1.8329242213785038e-18,2.618142227712074e-11,2.4894674540922124e-21,5.407711450455467e-21,4.817010916830662e-24,3.408341972452919e-21,2.5614068285093035e-19,2.2443250402240492e-13
3.126729047803934e-08,0.4523141428074159,3.76,0.0,0.5001316550484555,0.9999994040473074,4.928744783635749e-09,3.130496265461276e-08,2.1127675992852387e-08,0.0009220107109161947,0.0009220206631132689,3.2731673692522297e-12,1.664886523617302e-07,7.171776860266187e-09,3.5836357576921342e-09,4.284746789970104e-10,5.750355551785333e-07,8.050807232660804e-11,4.276930501945671e-08,5.087572980891992e-07,6.856526397338018e-07,4.6143484707646457e-08,2.422882061126679e-10,5.154975409784459e-10,5.179780282154526e-10,8.96638878162408e-09,9.003906967708092e-15,1.9249819734943197e-15,1.8740942247534634e-11,2.537127804270549e-13,7.296448169124586e-21,2.5949615351563847e-11,9.458574566970456e-15,5.072161052878318e-16,6.511383039581163e-19,1.4802785765864561e-19,1.4157883549667032e-06,2.031763953881425e-09,1.3896509964975562e-06,6.517446937350999e-14,4.1050216778715767e-19,2.0491254895226265e-16,3.6571445938353842e-09,6.103003480440023e-20,2.059035129720557e-18,2.6901830498181488e-11,2.6649025773644913e-21,5.924371122734659e-21,5.231869820866519e-24,3.653339879486386e-21,2.7669483630320703e-19,2.438645972244448e-13
3.1953117051925134e-08,0.45231588414484364,3.76,0.0,0.5001113965341698,0.9999993903212452,5.287262018205342e-09,3.2681185457099003e-08,2.2140312863847503e-08,0.0009422150858106421,0.0009422254804420205,3.3453976006962236e-12,1.7460016593819622e-07,7.445029095937459e-09,3.797794526028144e-09,4.646235034700411e-10,5.877231129619511e-07,8.408502898228449e-11,4.3403495882925926e-08,5.216691689007919e-07,7.071810671417988e-07,4.6527092225189036e-08,2.5304660994644534e-10,5.39045471318249e-10,5.504215429337658e-10,9.299137011588491e-09,9.714478947730182e-15,2.1175591254799096e-15,1.9028773132506282e-11,2.677366700487508e-13,8.050448273102308e-21,2.6818034734104276e-11,1.0149054040707037e-14,5.551873747823444e-16,7.143040069152863e-19,1.6266455504517193e-19,1.44668622716875e-06,2.121641359125792e-09,1.4194015416244603e-06,6.851644465311718e-14,4.3339628960435474e-19,2.192858583795095e-16,3.8189615849056465e-09,6.575559374140156e-20,2.306667897219177e-18,2.7622157133639828e-11,2.8486362373214775e-21,6.4774254816622854e-21,5.6714945454468144e-24,3.909509009589365e-21,2.983098002408994e-19,2.644724148082655e-13
3.263894362581093e-08,0.4523176254342984,3.76,0.0,0.500091138581049,0.9999993765640777,5.662736742393052e-09,3.4086484050015383e-08,2.3175340881555052e-08,0.0009624186326356388,0.0009624294793784954,3.4176248904042882e-12,1.8291352239475643e-07,7.721737789561188e-09,4.0192479637751495e-09,5.029023744279458e-10,6.004145663065659e-07,8.774004251362464e-11,4.404045108399609e-08,5.346208089620545e-07,7.289637709422215e-07,4.691214417946321e-08,2.640443469755826e-10,5.631349891123968e-10,5.840990068082357e-10,9.634880499798601e-09,1.0464588099597067e-14,2.3246015873475184e-15,1.931787585398773e-11,2.822299678753493e-13,8.862934254453091e-21,2.7699009098675582e-11,1.087507209690063e-14,6.065802011243775e-16,7.819184979193151e-19,1.783924707272592e-19,1.4775774060178549e-06,2.2134537887823498e-09,1.449121265896236e-06,7.195886607550766e-14,4.570630695853417e-19,2.3430523764070683e-16,3.984264986551727e-09,7.074192095666116e-20,2.577274374403416e-18,2.8342344637407374e-11,3.040902308579675e-21,7.068616316356124e-21,6.136767319816509e-24,4.177087992630239e-21,3.2101114059288357e-19,2.862965624850823e-13
3.332477019969672e-08,0.4523193666758742,3.76,0.0,0.5000708811880074,0.9999993627756255,6.055537701177188e-09,3.552082576440876e-08,2.423260115775366e-08,0.000982621351410838,0.0009826326599462246,3.4898491470178782e-12,1.9142930345981766e-07,8.001830239066744e-09,4.248042240052273e-09,5.433827347580559e-10,6.131099747960188e-07,9.147313688697053e-11,4.4680166597470684e-08,5.476126464897763e-07,7.510018093295783e-07,4.729864888513071e-08,2.752820557759035e-10,5.877668626343771e-10,6.19026699014049e-10,9.973531555187437e-09,1.1255597857258654e-14,2.546858535570341e-15,1.9608249987657265e-11,2.971996510523679e-13,9.7370293409733e-21,2.8592588410327663e-11,1.1637776360213787e-14,6.615647658998398e-16,8.541817140998792e-19,1.9526822602953794e-19,1.5084618929956943e-06,2.307200608932119e-09,1.4788102027434953e-06,7.550302283922361e-14,4.815140616873093e-19,2.4998309814687684e-16,4.1530537673063e-09,7.59983310621701e-20,2.872363353407054e-18,2.9062341456582348e-11,3.2419385087830203e-21,7.699736323262557e-21,6.62858522034955e-24,4.456316568544915e-21,3.4482446249080884e-19,3.093779105238624e-13
3.4010596773582515e-08,0.4523211078696654,3.76,0.0,0.5000506243539593,0.999999348955709,6.46603097687355e-09,3.698417796791176e-08,2.5311933793049592e-08,0.0010028232421558224,0.0010028350221686995,3.562070423370786e-12,2.0014809709856574e-07,8.285235256003583e-09,4.484220656516077e-09,5.861364585607069e-10,6.258093983880414e-07,9.528433647023975e-11,4.5322638595324605e-08,5.606451033824986e-07,7.732962410111897e-07,4.7686613204540836e-08,2.867603954737532e-10,6.129418595383748e-10,6.552206103188989e-10,1.031500746266703e-08,1.2088894384134414e-14,2.7851020758706384e-15,1.9899894789159544e-11,3.126527290181544e-13,1.0675954786621096e-20,2.949882253197623e-11,1.2438333811272204e-14,7.203164059024749e-16,9.312977916250576e-19,2.133502192104863e-19,1.5393396895833017e-06,2.4028811858234224e-09,1.508468385560991e-06,7.915021104978176e-14,5.067608736343343e-19,2.6633170726876063e-16,4.325326896090839e-09,8.153433279208315e-20,3.1935010503950253e-18,2.9782101390118246e-11,3.451986431618444e-21,8.372630002777432e-21,7.147860388145476e-24,4.74743569330878e-21,3.697754246562284e-19,3.337575769188177e-13
3.469642334746831e-08,0.45232284901576586,3.76,0.0,0.5000303680778211,0.9999993351041492,6.894579966643887e-09,3.847650806482721e-08,2.6413178117467565e-08,0.0010230243048901064,0.0010230365660693738,3.634288763284208e-12,2.0907049744044234e-07,8.571883139819172e-09,4.727823714279064e-09,6.312358258371443e-10,6.385128973958164e-07,9.917366603677484e-11,4.596786348213225e-08,5.737185950902872e-07,7.95848125003001e-07,4.807604284683855e-08,2.984800455274396e-10,6.386607473766853e-10,6.92696448284126e-10,1.0659230250252356e-08,1.2965886775566027e-14,3.0401276375422798e-15,2.0192809263936108e-11,3.2859624360098863e-13,1.168303156903357e-20,3.041776122752592e-11,1.3277931008381819e-14,7.830157067258399e-16,1.0134750966784707e-18,2.3269865816544615e-19,1.5702107972610629e-06,2.500494885872447e-09,1.538095847707508e-06,8.290173368260035e-14,5.328151671719729e-19,2.8336318911253257e-16,4.501083342216814e-09,8.735963230265685e-20,3.54231178300949e-18,3.0501583074647836e-11,3.671291595380256e-21,9.089194745470278e-21,7.695520297098063e-24,5.05068763591419e-21,3.9588975251390354e-19,3.5947691287374193e-13
3.53822499213541e-08,0.4523245901142702,3.76,0.0,0.5000101123585081,0.9999993212207667,7.341545367952757e-09,3.999778349616775e-08,2.7536172898105485e-08,0.0010432245396331335,0.0010432372916716612,3.706504155186371e-12,2.1819710470547072e-07,8.861705653253295e-09,4.978889176731346e-09,6.787534994592391e-10,6.512205324711196e-07,1.0314115076834509e-10,4.6615837913337346e-08,5.868335305559433e-07,8.186585204951621e-07,4.846694259640649e-08,3.1044170550327794e-10,6.649242940295615e-10,7.314696422238989e-10,1.1006126480897285e-08,1.3888007218340026e-14,3.312754313554166e-15,2.0486992238704444e-11,3.4503726907730786e-13,1.2761681854117831e-20,3.134945416562599e-11,1.4157774269429472e-14,8.498485837505731e-16,1.1009262511561008e-18,2.5337558875353747e-19,1.601075217508719e-06,2.6000410756635895e-09,1.5676926225058044e-06,8.675890055745008e-14,5.59688658216984e-19,3.010895259670405e-16,4.680322075386354e-09,9.348413600650511e-20,3.9204785070681596e-18,3.1220749553898255e-11,3.900103480749308e-21,9.85138178350476e-21,8.27250798251173e-24,5.366316076030929e-21,4.2319324989540574e-19,3.8657748959445364e-13
3.675390306912569e-08,0.45232807216886695,3.76,0.0,0.4999696025860253,0.9999992933578197,8.292154659211837e-09,4.312704030940866e-08,2.984676760463397e-08,0.0010836225252228461,0.0010836362880745373,3.850926070340938e-12,2.3706537064544043e-07,9.45060872146019e-09,5.5035452111765474e-09,7.813361484741024e-10,6.766484549907879e-07,1.1131068851152182e-10,4.792002330390277e-08,6.131893361123676e-07,8.650590830104011e-07,4.9253168339487396e-08,3.3509395190038624e-10,7.190884399416101e-10,8.129684670986873e-10,1.1707666570355618e-08,1.5873477314866366e-14,3.914208019198653e-15,2.107915863098203e-11,3.7944031199297486e-13,1.5147907545637778e-20,3.325130100591701e-11,1.6043124150091525e-14,9.966859343935491e-16,1.292522022602378e-18,2.989724936278761e-19,1.6627840016294584e-06,2.804928391650726e-09,1.6267942431688126e-06,9.479544030681658e-14,6.159403671566331e-19,3.386739976510307e-16,5.0492422836164254e-09,1.0667140214059343e-19,4.771907995602533e-18,3.265800803005078e-11,4.387265365093308e-21,1.1520703607199936e-20,9.518318155453341e-24,6.035684902189968e-21,4.814714495071896e-19,4.4508964515021667e-13
3.8125556216897276e-08,0.4523315540342091,3.76,0.0,0.49992909502784555,0.9999992653654401,9.320690235418552e-09,4.637168866843822e-08,3.2242425317050115e-08,0.0011240171990791236,0.0011240320115638608,3.9953360745999935e-12,2.5675781460308724e-07,1.0051426621960953e-08,6.058439095679165e-09,8.94472332965857e-10,7.020936571808562e-07,1.1979315941414548e-10,4.923517315906273e-08,6.397156623628401e-07,9.125064024469354e-07,5.0045317827292124e-08,3.6072312146277913e-10,7.754404635600143e-10,8.998351962857073e-10,1.2419121811222413e-08,1.8057229049948544e-14,4.5965026481507585e-15,2.1676383717084846e-11,4.159191008867917e-13,1.7864090921798194e-20,3.520475871004632e-11,1.8104435607063372e-14,1.162425602989467e-15,1.5078720893047761e-18,3.5067519142465366e-19,1.724466053770581e-06,3.0175380698247777e-09,1.685773513412278e-06,1.0327044460528678e-13,6.756108108706009e-19,3.7917822060386775e-16,5.432079286205325e-09,1.2117949902463996e-19,5.7624435831759714e-18,3.409365224984e-11,4.9155484513859964e-21,1.339732103285675e-20,1.0893155198766482e-23,6.757523506522631e-21,5.448185222074879e-19,5.096304208095081e-13
3.93600440498917e-08,0.4523346875518276,3.76,0.0,0.4998926401115526,0.9999992400604556,1.0315304467168103e-08,4.939031775979147e-08,3.447018102411616e-08,0.0011603695741442073,0.0011603853645168307,4.125294977815402e-12,2.751898259284012e-07,1.0601939229141848e-08,6.583872394268273e-09,1.0058077120563909e-09,7.250095226845177e-07,1.2769511978305018e-10,5.042816803755774e-08,6.637376671156854e-07,9.56110970459842e-07,5.0763336159653446e-08,3.846298352037256e-10,8.280330408568033e-10,9.82699154355536e-10,1.3067537874099886e-08,2.0202295980073905e-14,5.285827401760665e-15,2.2218203522193584e-11,4.5057250331354184e-13,2.0616497378937834e-20,3.7007323995648154e-11,2.0118634109115603e-14,1.3291457231970739e-15,1.7235300813556451e-18,4.0289479943057206e-19,1.7799570546201818e-06,3.2154852166561904e-09,1.7387504662947449e-06,1.1128169544975072e-13,7.32316287211854e-19,4.1820362939745523e-16,5.7885246468594066e-09,1.3543772615518183e-19,6.785750540948613e-18,3.538420265795329e-11,5.427930701145251e-21,1.527808289445244e-20,1.2247538150122641e-23,7.453700204850954e-21,6.063387388182534e-19,5.73151685390326e-13
4.0594531882886125e-08,0.45233782091731,3.76,0.0,0.499856186975511,0.9999992146484409,1.1377300592281748e-08,5.250201556034064e-08,3.676486084189427e-08,0.0011967192669400028,0.0011967360666955114,4.255244343923195e-12,2.942971929371232e-07,1.1161352927846082e-08,7.134098517706722e-09,1.126605724555234e-09,7.479401497514803e-07,1.358508936007815e-10,5.163001968425908e-08,6.879024090359852e-07,1.000576452754479e-06,5.1486186236370276e-08,4.093377350656724e-10,8.824073614112178e-10,1.0700839953424083e-09,1.372333197701577e-08,2.252716242925671e-14,6.052362371907623e-15,2.2764106817887076e-11,4.869965085563052e-13,2.3685337903628488e-20,3.885230050584242e-11,2.2291559084638432e-14,1.5138372231731185e-15,1.9613341922660467e-18,4.6095223290535125e-19,1.835426420742385e-06,3.419679689392344e-09,1.7916287232252612e-06,1.196646776557627e-13,7.919387739878759e-19,4.597326150610752e-16,6.156229951755724e-09,1.5090169706322408e-19,7.946434708332737e-18,3.6673194140074645e-11,5.976962540874273e-21,1.7354567356497827e-20,1.3719123645594974e-23,8.195490742852071e-21,6.722903700044855e-19,6.420792510788799e-13
4.182901971588055e-08,0.45234095413120606,3.76,0.0,0.49981973561340143,0.9999991891283619,1.2508653299883634e-08,5.5706593931749275e-08,3.912554022387704e-08,0.0012330662775765935,0.0012330841182345879,4.385184083101217e-12,3.140836856513339e-07,1.1729333119701522e-08,7.709223037495306e-09,1.2573028862734044e-09,7.70885904274258e-07,1.4426064771343513e-10,5.2840720358153475e-08,7.122119777559639e-07,1.0459090281964226e-06,5.2213882203228856e-08,4.3485179618479037e-10,9.385679983944366e-10,1.1620677224108351e-09,1.4386245357609728e-08,2.5041312670282108e-14,6.902091884205919e-15,2.3314088178180277e-11,5.252339255694827e-13,2.709573656454805e-20,4.073997455099906e-11,2.4631226132861918e-14,1.7178574450222101e-15,2.2227334539770505e-18,5.253036264270923e-19,1.8908741607364874e-06,3.6301178019941037e-09,1.8444084768257456e-06,1.2842735350002246e-13,8.545491891690893e-19,5.038287373592513e-16,6.53518921081841e-09,1.676393914595204e-19,9.257205209182562e-18,3.796054089610867e-11,6.564295641675265e-21,1.9640949869760285e-20,1.5314203457517425e-23,8.984402461206658e-21,7.428302772327647e-19,7.166628911700171e-13
4.3063507548874974e-08,0.4523440871940652,3.76,0.0,0.4997832860189007,0.9999991634991877,1.371130954900618e-08,5.900386511679674e-08,4.155130545348245e-08,0.0012694106061633325,0.0012694295192683337,4.515114209632065e-12,3.3455312863836803e-07,1.2305557724438177e-08,8.309329743108358e-09,1.398337370696084e-09,7.938471540037147e-07,1.5292455343841212e-10,5.40602646298531e-08,7.366684046405741e-07,1.0921148777872595e-06,5.294643803418413e-08,4.6117717591306236e-10,9.96519557930773e-10,1.2587259877137824e-09,1.5056047583029094e-08,2.7754485804724537e-14,7.841283138098254e-15,2.38681431195688e-11,5.653279048687213e-13,3.0874028538878287e-20,4.2670631958299566e-11,2.714587426256474e-14,1.9426279679881137e-15,2.509224346450747e-18,5.964273182819416e-19,1.9463002831951587e-06,3.846795870187327e-09,1.8970899193430504e-06,1.3757775635225742e-13,9.202190212385438e-19,5.505542857436035e-16,6.925396438041485e-09,1.857211783674528e-19,1.0731424106408556e-17,3.924617331264656e-11,7.191626611934313e-21,2.2152072399194128e-20,1.7039253772601983e-23,9.821965405190109e-21,8.181172354816832e-19,7.971533340515178e-13
4.42979953818694e-08,0.45234722010643746,3.76,0.0,0.49974683818568094,0.9999991377598894,1.498718892355096e-08,6.2393641738613e-08,4.4041255642102003e-08,0.0013057522528088486,0.001305772269930612,4.64503479222368e-12,3.557093994622116e-07,1.2889716708689727e-08,8.934481778599288e-09,1.5501486342600744e-09,8.168242682832797e-07,1.6184278658816848e-10,5.528864924265501e-08,7.612736654377025e-07,1.1392001857103874e-06,5.368386794131304e-08,4.88319208874708e-10,1.0562666820854423e-09,1.3601321869619593e-09,1.5732533879066978e-08,3.0676678126905865e-14,8.87649289566194e-15,2.4426268179002435e-11,6.073219391223109e-13,3.504778904446128e-20,4.46445581561053e-11,2.98439689182114e-14,2.189636221011676e-15,2.822351464041838e-18,6.748244171701089e-19,2.0017047967044645e-06,4.069710211462839e-09,1.9496732426496974e-06,1.471239908907814e-13,9.890203302642196e-19,5.999703265845555e-16,7.3268456514804585e-09,2.0521987246779133e-19,1.2383111918924813e-17,4.053003498705127e-11,7.860697656207681e-21,2.490346355087238e-20,1.890093896135717e-23,1.0709733347802503e-20,8.983120967997949e-19,8.838020482949116e-13
4.553248321486382e-08,0.4523503528688731,3.76,0.0,0.49971039210740725,0.9999991119094414,1.6338184051699833e-08,6.587573679984344e-08,4.659450443383466e-08,0.0013420912176210435,0.001342112370354872,4.774945789206229e-12,3.7755642719100816e-07,1.3481511629477982e-08,9.584722736600231e-09,1.7131770605059916e-09,8.398176177969834e-07,1.710155274900028e-10,5.6525872963884866e-08,7.860296829915556e-07,1.1871711404974467e-06,5.4426186559890075e-08,5.16283402138272e-10,1.1178140513105206e-09,1.466357551049802e-09,1.6415522699628227e-08,3.381814546791604e-14,1.001457420423091e-14,2.4988460909484798e-11,6.512598637939349e-13,3.964586243652821e-20,4.666203825422549e-11,3.273420498492612e-14,2.4604371065898883e-15,3.1637082142446366e-18,7.610193731417802e-19,2.057087709843898e-06,4.2988571450760785e-09,2.0021586382447296e-06,1.5707423338095398e-13,1.0610257491798124e-18,6.521367508704377e-16,7.739530873242306e-09,2.2621079100755365e-19,1.422695264413388e-17,4.1812080317862776e-11,8.57329723584809e-21,2.7911359015048583e-20,2.0906115281328608e-23,1.1649284780799616e-20,9.835779404223447e-19,9.768610385714872e-13
4.676697104785825e-08,0.45235348548192267,3.76,0.0,0.49967394777773755,0.9999990859468195,1.776616107128314e-08,6.944996368183606e-08,4.921018143783574e-08,0.0013784275007070917,0.0013784498206741512,4.904847164130522e-12,4.0009819098704653e-07,1.408065519819996e-08,1.0260077697949319e-08,1.887863625481621e-09,8.628275743327877e-07,1.804429610029151e-10,5.777193645111341e-08,8.109383298773775e-07,1.2360339362016715e-06,5.5173409005279154e-08,5.450754305752738e-10,1.1811663864446152e-09,1.5774712336045998e-09,1.7104853539568586e-08,3.7189405566202836e-14,1.1262683160339958e-14,2.5554719819227072e-11,6.971858579045255e-13,4.469839148905294e-20,4.872335711809383e-11,3.582550980255997e-14,2.7566546369804762e-15,3.534937551325284e-18,8.555605529958765e-19,2.112449031186412e-06,4.5342329920468645e-09,2.0545462972545674e-06,1.6743673199061538e-13,1.1363084851091707e-18,7.071123210986427e-16,8.163446129474925e-09,2.487718113754341e-19,1.627829846418935e-17,4.309227257483448e-11,9.331260742054017e-21,3.11927223130149e-20,2.3061834533083097e-23,1.264222401627456e-20,1.074080210674264e-18,1.0765826537575703e-12
4.800145888085267e-08,0.45235661794613735,3.76,0.0,0.4996375051903214,0.9999990598710032,1.9272960130099827e-08,7.311613614388044e-08,5.188743342215542e-08,0.0014147611021734412,0.001414784621021073,5.034738968919596e-12,4.233387187834145e-07,1.4686870865255628e-08,1.0960554217603768e-08,2.07464958351886e-09,8.858545105603628e-07,1.901252765320721e-10,5.902684213690207e-08,8.360014308747734e-07,1.285794773499956e-06,5.592555089173947e-08,5.74701132429706e-10,1.246328450374624e-09,1.693540394441371e-09,1.780038496892505e-08,4.0801240489065423e-14,1.2628285734387668e-14,2.6125044306566295e-11,7.451444449311443e-13,5.023684693953709e-20,5.08287994369353e-11,3.912704620799771e-14,3.07998358737604e-15,3.93773274501233e-18,9.59020821695925e-19,2.167788769298442e-06,4.7758340751593395e-09,2.1068364104338533e-06,1.7821980713564054e-13,1.2149423208783692e-18,7.649547185217794e-16,8.598585450356378e-09,2.7298342954236664e-19,1.8553174222181643e-17,4.437058234189259e-11,1.0136471183984832e-20,3.4765265905345256e-20,2.5375347694751056e-23,1.369018209637759e-20,1.1699868441943856e-18,1.1832194067260581e-12
4.9235946713847096e-08,0.45235975026206887,3.76,0.0,0.49960106433879853,0.999999033680974,2.0860395916020717e-08,7.687406832246816e-08,5.462542531401612e-08,0.0014510920221258118,0.0014511167715278459,5.1646212104222796e-12,4.472820860298577e-07,1.5299892420802008e-08,1.1686143267615612e-08,2.2739761698946632e-09,9.08898799820721e-07,2.0006266804094905e-10,6.029059412168094e-08,8.61220765290387e-07,1.336459860715902e-06,5.6682628350186534e-08,6.051665050605079e-10,1.313305049463532e-09,1.8146302798162246e-09,1.8501992845159072e-08,4.466469910118094e-14,1.4119164670266554e-14,2.669943461631819e-11,7.951804938131922e-13,5.629405735994179e-20,5.297864978753631e-11,4.264821560682068e-14,3.432191169728869e-15,4.373838181695135e-18,1.0719981310989241e-18,2.223106932739936e-06,5.02365671896205e-09,2.1590291681662822e-06,1.8943185183733416e-13,1.2970016168290717e-18,8.257205907576515e-16,9.044942870083722e-09,2.9892881948839945e-19,2.106828169992518e-17,4.564698622323745e-11,1.0990859887560105e-20,3.8647472720886605e-20,2.785410855377879e-23,1.4794817567658997e-20,1.2714683893983828e-18,1.2970238038225955e-12
5.047043454684152e-08,0.4523628824302693,3.76,0.0,0.4995646252167988,0.9999990073757163,2.2530258214813872e-08,8.07235747305419e-08,5.742334103116419e-08,0.0014874202606691954,0.001487446272326262,5.2944938435071134e-12,4.7193241449389765e-07,1.5919463608725807e-08,1.2436820143752393e-08,2.486284318482764e-09,9.319608159263638e-07,2.1025533406098323e-10,6.156319806806501e-08,8.865980691723284e-07,1.3880354147913556e-06,5.744465803210462e-08,6.364777008153224e-10,1.3821010347908813e-09,1.9408043000475868e-09,1.9209568677956237e-08,4.879109956743736e-14,1.5743426455003796e-14,2.7277891805214866e-11,8.473392200336942e-13,6.290423933579053e-20,5.517319269462026e-11,4.639866106492557e-14,3.81511872647391e-15,4.845050194140875e-18,1.1951161157725526e-18,2.278403530064381e-06,5.277697249767963e-09,2.2111247604654797e-06,2.0108133208882559e-13,1.3825613127269073e-18,8.894655988960119e-16,9.502512426861067e-09,3.2669389358319347e-19,2.3841003686577978e-17,4.6921465760676626e-11,1.1896407200663535e-20,4.2858618113789003e-20,3.0505777336298203e-23,1.5957817340683888e-20,1.378698118912069e-18,1.4182481829402455e-12
5.1704922379835944e-08,0.45236601445129193,3.76,0.0,0.4995281878179408,0.9999989809542169,2.428431249196518e-08,8.466447025672802e-08,6.028038415690038e-08,0.0015237458179078551,0.0015237731235476968,5.424356884338668e-12,4.972938711141528e-07,1.654533775362918e-08,1.3212545336312626e-08,2.712014394174178e-09,9.55040932971807e-07,2.2070347769875109e-10,6.284466109897506e-08,9.121350374323465e-07,1.4405276622191172e-06,5.8211657086976425e-08,6.686410230358015e-10,1.4527213032267184e-09,2.072124104543412e-09,1.9923018137075492e-08,5.3192031887070717e-14,1.750950834940618e-14,2.7860417698778374e-11,9.016661867668758e-13,7.010302791387309e-20,5.7412712687834866e-11,5.0388270415704065e-14,4.2306834421284656e-15,5.3532179172626634e-18,1.3290246951999756e-18,2.3336785698188317e-06,5.537951995654421e-09,2.2631233769758985e-06,2.1317678722905076e-13,1.4716969296975227e-18,9.56244463662964e-16,9.9712881628869e-09,3.563673638589394e-19,2.6889407854661725e-17,4.8194006539717995e-11,1.2855143204592582e-20,4.741879223066001e-20,3.333822433032282e-23,1.7180897519132026e-20,1.4918521350910317e-18,1.547144560065301e-12
5.293941021283037e-08,0.4523691463256904,3.76,0.0,0.49949175213583125,0.9999989544154652,2.612430049311136e-08,8.869657016456619e-08,6.319577846918436e-08,0.0015600686939453237,0.0015600973253231084,5.554210363648223e-12,5.233706669088991e-07,1.7177277401805323e-08,1.401326536322753e-08,2.951605940396702e-09,9.781395251546995e-07,2.3140730664086225e-10,6.413499170438173e-08,9.378333258618918e-07,1.4939428399261849e-06,5.898364312141366e-08,7.016629222185631e-10,1.525170798360026e-09,2.208649654042813e-09,2.0642259698868694e-08,5.787936046600016e-14,1.9426185475450022e-14,2.8447014839274805e-11,9.58207306098541e-13,7.792750729766017e-20,5.969749435505079e-11,5.462717938564642e-14,4.680880071739335e-15,5.900244168588176e-18,1.4744006819887941e-18,2.38893206054394e-06,5.8044172864630926e-09,2.3150252069737483e-06,2.2572683032522018e-13,1.5644845723352446e-18,1.026111010966771e-15,1.045126412434085e-08,3.8804080416212805e-19,3.023225047980152e-17,4.9464597464048667e-11,1.3869148433821713e-20,5.234892277737547e-20,3.635953350382864e-23,1.8465804068941706e-20,1.6111094685661463e-18,1.683964484483783e-12
5.417389804582479e-08,0.4523722780540198,3.76,0.0,0.4994553181640646,0.9999989277584532,2.8051940857737187e-08,9.281969009174725e-08,6.616876833933734e-08,0.001596388888884402,0.001596418877783035,5.684054254807229e-12,5.501670559403187e-07,1.7815053976373755e-08,1.4838913565505594e-08,3.205497441403374e-09,1.001256966607269e-06,2.42367033156802e-10,6.543419965751848e-08,9.636945530287377e-07,1.548287196094731e-06,5.976063415715512e-08,7.355499923336346e-10,1.5994545113131096e-09,2.350439290041517e-09,2.1367223421396324e-08,6.286522673513158e-14,2.15025779627529e-14,2.9037686435943285e-11,1.0170088403237953e-12,8.641624179893761e-20,6.202782239207295e-11,5.912577474360162e-14,5.167782686678606e-15,6.488086352540434e-18,1.6319483962330158e-18,2.4441640107739754e-06,6.077089453799956e-09,2.366830439367905e-06,2.3874014856102434e-13,1.6610009309725006e-18,1.0991182168532352e-15,1.0942434361370056e-08,4.218087132208485e-19,3.388898004402501e-17,5.073323016705455e-11,1.4940554605249302e-20,5.767079819461627e-20,3.95780061247333e-23,1.9814313478279322e-20,1.7366521704533394e-18,1.8289589024594387e-12
5.540838587881922e-08,0.4523754096368353,3.76,0.0,0.49941888589622146,0.9999989009821761,3.006892974220021e-08,9.703364604935916e-08,6.91986190178105e-08,0.0016327064028271608,0.0016327377810575945,5.813888545667988e-12,5.776873343305133e-07,1.8458447445744007e-08,1.568941086727948e-08,3.4741260984127143e-09,1.024393631237433e-06,2.5358287409987183e-10,6.674229593793757e-08,9.897203020587953e-07,1.6035669909213439e-06,6.054264859609246e-08,7.703089672886467e-10,1.6755774814726709e-09,2.4975498015670948e-09,2.2097849833803112e-08,6.816205181759328e-14,2.3748158157622004e-14,2.963243632409791e-11,1.0781174033178977e-12,9.560930706069643e-20,6.440398164922341e-11,6.389469747635997e-14,5.6935464386277696e-15,7.11875738731125e-18,1.8024002863122008e-18,2.4993744290368587e-06,6.355964831035322e-09,2.4185392627008403e-06,2.5222550362719456e-13,1.7613232840131938e-18,1.1753182514671271e-15,1.1444792928075163e-08,4.577685786676613e-19,3.787974074832198e-17,5.199989852842394e-11,1.6071545356392965e-20,6.340709125857446e-20,4.300216439007129e-23,2.122823346192703e-20,1.8686653991250583e-18,1.9823780288571924e-12
5.664287371181364e-08,0.4523785410746937,3.76,0.0,0.49938245532586945,0.9999988740856308,3.2176941449368345e-08,1.0133825442113505e-07,7.228461682199242e-08,0.0016690212358749347,0.0016690540352764826,5.9437132647378315e-12,6.059358393240198e-07,1.9107246004359863e-08,1.6564666503094153e-08,3.7579276186533824e-09,1.0475498925789109e-06,2.650550509063036e-10,6.8059292659139e-08,1.0159121223186733e-06,1.6597884973245302e-06,6.132970518941537e-08,8.059467175347534e-10,1.7535447971584756e-09,2.650036489511271e-09,2.2834088926612688e-08,7.378253924417906e-14,2.6172757896056796e-14,3.0231268930289636e-11,1.1415799619722443e-12,1.0554832155721462e-19,6.682625717522686e-11,6.894484599046184e-14,6.260409342096713e-15,7.794326652986282e-18,1.98651755625107e-18,2.5545633238541863e-06,6.641039753303881e-09,2.4701518651495478e-06,2.661917321121159e-13,1.8655295003728397e-18,1.2547625217885015e-15,1.1958333882495966e-08,4.960209420361331e-19,4.22253759502848e-17,5.326459827315226e-11,1.726435699154183e-20,6.958138311828324e-20,4.6640755068411005e-23,2.2709403584958658e-20,2.007337502344167e-18,2.1444712261686297e-12
5.7877361544808067e-08,0.45238167236815247,3.76,0.0,0.4993460264465614,0.9999988470678175,3.437762906256043e-08,1.0573333196270049e-07,7.542606923710897e-08,0.0017053333881283262,0.001705367640568973,6.073528409769363e-12,6.349169483933021e-07,1.9761245765091413e-08,1.7464578714081113e-08,4.057336016689584e-09,1.0707261236499084e-06,2.7678378959261456e-10,6.93852030006134e-08,1.0422715310109665e-06,1.716958001608757e-06,6.212182300603909e-08,8.424702468097569e-10,1.833361596241274e-09,2.807953228644313e-09,2.357589923346954e-08,7.973967771630124e-14,2.878657584008241e-14,3.083418923825744e-11,1.207443837689798e-12,1.1627647836812374e-19,6.929493425860179e-11,7.428737933963084e-14,6.870694075325589e-15,8.516920959696738e-18,2.1850907995873608e-18,2.609730703741254e-06,6.932310557504737e-09,2.521668434526475e-06,2.806477458924829e-13,1.9736980420586256e-18,1.3375017132613892e-15,1.2483051286596655e-08,5.366694647331837e-19,4.694743154070353e-17,5.452732663997103e-11,1.852127923555389e-20,7.621818777402776e-20,5.0502753156921214e-23,2.4259695822301877e-20,2.152860095217951e-18,2.3154868905817786e-12
5.911184937780249e-08,0.45238480351777033,3.76,0.0,0.4993095992518354,0.9999988199277385,3.6672625081395065e-08,1.1021869580082045e-07,7.862230493920491e-08,0.0017416428596872002,0.0017416785970639154,6.203333959166148e-12,6.646350783855256e-07,2.0420250463012294e-08,1.838903541384126e-08,4.372783427628458e-09,1.0939226968200988e-06,2.8876932075130054e-10,7.072004114503532e-08,1.0688000146862397e-06,1.7750818040872391e-06,6.291902140004881e-08,8.798866890105682e-10,1.9150330667185687e-09,2.971352527363917e-09,2.4323246997388854e-08,8.604674391748755e-14,3.160018487680076e-14,3.144120275447797e-11,1.2757567079378668e-12,1.2783857722323853e-19,7.181029846663878e-11,7.993372047831457e-14,7.526809799384093e-15,9.288725534829628e-18,2.3989406396776404e-18,2.6648765772070866e-06,7.229773582301475e-09,2.5730891582804562e-06,2.9560253252468393e-13,2.0859079668246728e-18,1.4235858303864141e-15,1.3018939206250767e-08,5.798209949912975e-19,5.2068159275522624e-17,5.578808210984857e-11,1.984465599564313e-20,8.334297699973529e-20,5.459736555439995e-23,2.5881015150442443e-20,2.3054281342479547e-18,2.4956723448664692e-12
6.158082504379134e-08,0.45239106538772383,3.76,0.0,0.49923674989020406,0.9999987652768062,4.155197321877911e-08,1.194595527249828e-07,8.517654637612437e-08,0.0018142537611171648,0.0018142925641744206,6.4629163162485054e-12,7.263002606540822e-07,2.175252604898638e-08,2.0311086015384127e-08,5.053513417839238e-09,1.1403783549707296e-06,3.1351170569544433e-10,7.341656225949097e-08,1.1223700082363496e-06,1.8942175782761582e-06,6.452873858920706e-08,9.574274810222644e-10,2.0839610276552144e-09,3.3148023429804507e-09,2.5834454126150368e-08,9.976522349523683e-14,3.787098390728461e-14,3.266753386582295e-11,1.4199219320705789e-12,1.5365202812875015e-19,7.698223213248972e-11,9.218485722823804e-14,8.986614367661705e-15,1.0989004586442921e-17,2.8759066561381733e-18,2.775103838879926e-06,7.843261657159746e-09,2.675643816902497e-06,3.2704475532344145e-13,2.322771192073021e-18,1.6059856869744988e-15,1.4124202875167164e-08,6.740768164461848e-19,6.359818731672305e-17,5.830367330668757e-11,2.270042424960866e-20,9.916333895969157e-20,6.352244260108463e-23,2.9344523558362053e-20,2.6324975016829112e-18,2.8845359658633958e-12
6.380290314318131e-08,0.4523967005843741,3.76,0.0,0.49917119116085873,0.9999987156628635,4.628189947464043e-08,1.2808327607901152e-07,9.125641876644618e-08,0.001879594405415601,0.0018796360769701393,6.696507678349148e-12,7.843646243099326e-07,2.296686824917503e-08,2.2123559684962608e-08,5.725314573577002e-09,1.1822617353671105e-06,3.3666048915636223e-10,7.587412522455227e-08,1.1711755732344955e-06,2.004766986143421e-06,6.599505863192516e-08,1.030342085030859e-09,2.2423922597265443e-09,3.643158306471291e-09,2.7213272620697632e-08,1.1344779825285383e-13,4.431198315535606e-14,3.378529550712307e-11,1.558531843762675e-12,1.8021969093086283e-19,8.17995141689381e-11,1.043700178965672e-13,1.0483185244553793e-14,1.2710709066467212e-17,3.366292385381349e-18,2.8742349076598417e-06,8.41654162457249e-09,2.7676170907069578e-06,3.571402855143933e-13,2.5505750286749545e-18,1.782074273206373e-15,1.515708388872197e-08,7.686069169211958e-19,7.557646977536543e-17,6.056096125471099e-11,2.5522540959034595e-20,1.153466221940384e-19,7.244779556966301e-23,3.2724399795240307e-20,2.9529820120149274e-18,3.2683296539730465e-12
6.602498124257128e-08,0.4524023353237217,3.76,0.0,0.4991056377883339,0.9999986656373808,5.134189958260577e-08,1.369966998733369e-07,9.75043063638148e-08,0.0019449263657830846,0.001944971009646127,6.93006798305491e-12,8.448873441395505e-07,2.4194693494156498e-08,2.4013406631170642e-08,6.455699398763247e-09,1.2242167731933262e-06,3.6064507478177323e-10,7.836087503193783e-08,1.2205508022746113e-06,2.118507000414978e-06,6.74781509026712e-08,1.1062663186945097e-09,2.4069156573233166e-09,3.990037782008428e-09,2.8609787008956147e-08,1.2848408846106726e-13,5.158263536248847e-14,3.4916425570172835e-11,1.7058344276973521e-12,2.1026293181540824e-19,8.677252004010556e-11,1.1772957740548464e-13,1.2169864841897827e-14,1.462861764242173e-17,3.920378249205026e-18,2.973296427683246e-06,9.009827526267405e-09,2.8592827233771457e-06,3.8899511459666386e-13,2.7927299806124634e-18,1.969751002236637e-15,1.6226065262169476e-08,8.730614160776956e-19,8.922512014717593e-17,6.281187050240956e-11,2.859898149185099e-20,1.335536208954849e-19,8.228099659659638e-23,3.6365595258340435e-20,3.2994855978172394e-18,3.685620788661458e-12
6.824705934196125e-08,0.45240796960906887,3.76,0.0,0.49904008973434744,0.9999986151946302,5.674083275702378e-08,1.4619877091262025e-07,1.0391704201002015e-07,0.0020102496427751903,0.0020102973629383108,7.163597268139077e-12,9.078955040486648e-07,2.543509759961295e-08,2.5979677306011465e-08,7.247099469486206e-09,1.2662456018757082e-06,3.854669717595719e-10,8.087692397833089e-08,1.2705034283066023e-06,2.235474939388307e-06,6.897813526769286e-08,1.1852461266957244e-09,2.577563356965462e-09,4.355704698295838e-09,3.0023994393845514e-08,1.4496232619359653e-13,5.975913188040178e-14,3.606097143959148e-11,1.862120837770674e-12,2.441054423082747e-19,9.190292964304957e-11,1.3234013600929937e-13,1.4064077006108265e-14,1.6757723289238662e-17,4.544122739109409e-18,3.0722884483512254e-06,9.62309807314429e-09,2.950641795090012e-06,4.2266444594273835e-13,3.0497190352218613e-18,2.1692877790916825e-15,1.7331112526972182e-08,9.88187879268419e-19,1.0469986908504216e-16,6.505641554478186e-11,3.194547811673597e-20,1.5397097128244674e-19,9.308461762571001e-23,4.0280482428677775e-20,3.673274689629339e-18,4.137801086444943e-12
7.046913744135122e-08,0.4524136034437322,3.76,0.0,0.49897454696042925,0.9999985643289073,6.248739142983126e-08,1.556884398382521e-07,1.1049166467606987e-07,0.0020755642369396205,0.0020756151375780495,7.397095528708079e-12,9.734165455590346e-07,2.6687236323941525e-08,2.8021357505578145e-08,8.101915337990523e-09,1.3083503399364332e-06,4.1112773650127015e-10,8.342239126836164e-08,1.3210409583705698e-06,2.355708305894059e-06,7.049513286138344e-08,1.2673286127335809e-09,2.7543680610595844e-09,4.740412699093872e-09,3.1455928422240806e-08,1.6297400911198365e-13,6.892220564806221e-14,3.721898403752473e-11,2.027686107511503e-12,2.820904347083717e-19,9.719242824324384e-11,1.4828133409211702e-13,1.6184305069872166e-14,1.9113716825269913e-17,5.243852963255434e-18,3.1712110190009547e-06,1.0256331994635986e-08,3.0416953822795382e-06,4.582043084153042e-13,3.3220316748125782e-18,2.3809521738015548e-15,1.847219125436006e-08,1.1147730251253727e-18,1.2216412255873924e-16,6.729461394957596e-11,3.5578395558594416e-20,1.7679751473105035e-19,1.0492396628030953e-22,4.448182006520623e-20,4.0756557190548204e-18,4.626244519645296e-12
7.269121554074119e-08,0.4524192368310425,3.76,0.0,0.4989090094279149,0.9999985130345324,6.859011219172988e-08,1.6546466111445379e-07,1.1722541294205765e-07,0.0021408701488161686,0.002140924334292112,7.630562727354949e-12,1.04147825715306e-06,2.7950321387766262e-08,3.013737671979665e-08,9.022514621132506e-09,1.3505330896086384e-06,4.376289723566571e-10,8.59974024054473e-08,1.3721706914713157e-06,2.479244793919737e-06,7.202926583640571e-08,1.3525619996428757e-09,2.937363047020552e-09,5.144405950737166e-09,3.290565268478269e-08,1.8261396252733147e-13,7.91572824256513e-14,3.8390517496331326e-11,2.2028291875902767e-12,3.2458129669835486e-19,1.0264270692654951e-10,1.6563591881726174e-13,1.8550129433115856e-14,2.1713008269375637e-17,6.0262778761554484e-18,3.2700641889061206e-06,1.090950803871235e-08,3.1324445576539946e-06,4.956715636191798e-13,3.610163940331848e-18,2.6050079792806875e-15,1.964926705502017e-08,1.2536441690208799e-18,1.4178902776332538e-16,6.952648540952646e-11,3.951474680051231e-20,2.0224485005311793e-19,1.178671598201022e-22,4.8982762453758224e-20,4.507976149509476e-18,5.152306220500183e-12
7.491329364013116e-08,0.4524248697743465,3.76,0.0,0.4988434770979413,0.9999984613058478,7.505738635480797e-08,1.7552639301444223e-07,1.2411571793644128e-07,0.0022061673789366756,0.0022062249538026403,7.863998896684338e-12,1.1121087644597463e-06,2.9223616760897026e-08,3.2326615793964555e-08,1.0011230344541115e-08,1.3927959356301296e-06,4.649723293001296e-10,8.860208865749206e-08,1.4238997349343592e-06,2.606122294567096e-06,7.358065716148101e-08,1.4409955927253216e-09,3.12658217649011e-09,5.567919896515541e-09,3.4373255208267136e-08,2.0398040333944817e-13,9.055463452755622e-14,3.9575628873888235e-11,2.3878529846819547e-12,3.7196225673174527e-19,1.0825546301269939e-10,1.8448981194156655e-13,2.1182265825286018e-14,2.4572748661244784e-17,6.898501748307752e-18,3.368848007277333e-06,1.1582604971884915e-08,3.2228903902130264e-06,5.351239131104012e-13,3.91461849720612e-18,2.8417157316014183e-15,2.0862305578785425e-08,1.4056707053859413e-18,1.6375354072846123e-16,7.175205107531659e-11,4.377220918182556e-20,2.305379036877962e-19,1.3198520027874782e-22,5.379686788039986e-20,4.9716254466014796e-18,5.7173215319454024e-12
7.713537173952112e-08,0.4524305022770061,3.76,0.0,0.49877794993144126,0.9999984091372184,8.18974701283139e-08,1.8587259760665583e-07,1.3116019590228608e-07,0.002271455927824988,0.0022715169968271286,8.097404058803839e-12,1.1853365211991605e-06,3.050643519396619e-08,3.4587913964361556e-08,1.1070359517052063e-08,1.4351409441980318e-06,4.93159503592786e-10,9.123658658577922e-08,1.4762350194239716e-06,2.7363789014400215e-06,7.514943045847416e-08,1.5326797459891394e-09,3.32205990467484e-09,6.011181962455021e-09,3.585884386429298e-08,2.2717500579572143e-13,1.0320953709166829e-13,4.0774377904864425e-11,2.583064401634119e-12,4.2463906028980524e-19,1.1403240043539677e-10,2.0493217879434029e-13,2.410260424582735e-14,2.7710852347347266e-17,7.868037874232961e-18,3.467562523262531e-06,1.2275601579212242e-08,3.3130339452645895e-06,5.766199055664942e-13,4.235904703502794e-18,3.091333193210454e-15,2.2111272514323553e-08,1.5717656289370367e-18,1.8824449632335759e-16,7.397133310787826e-11,4.836914079653108e-20,2.6191551792289446e-19,1.473520508314756e-22,5.893810659946336e-20,5.468036026114078e-18,6.322605190482619e-12
7.93574498389111e-08,0.45243613434239904,3.76,0.0,0.4987124278891397,0.99999835652303,8.911849438673794e-08,1.965022407410427e-07,1.3835664050830383e-07,0.002336735795996914,0.002336800464078388,8.330778175217298e-12,1.261190300848434e-06,3.179813498589949e-08,3.692007529380167e-08,1.2202161923853299e-08,1.4775701620764179e-06,5.221922374226146e-10,9.390103763082641e-08,1.529183312715313e-06,2.870052915517705e-06,7.673570987317356e-08,1.627665831183654e-09,3.5238312898402458e-09,6.474412216267778e-09,3.736254258958575e-08,2.52302969110914e-13,1.1722242699353505e-13,4.19868267822703e-11,2.7887743789010243e-12,4.830396574867291e-19,1.1997523009176758e-10,2.270554984728008e-13,2.73342486074835e-14,3.114601972164964e-17,8.942822527603111e-18,3.5662077859473572e-06,1.298847666430592e-08,3.4028762844417167e-06,6.202189439188693e-13,4.5745386801449946e-18,3.354115800597301e-15,2.3396133588827145e-08,1.7528870964331496e-18,2.1545668064719116e-16,7.618435439532264e-11,5.332459719289822e-20,2.966310579703164e-19,1.6404471347327955e-22,6.442086929390849e-20,5.998684177305194e-18,6.969450634498627e-12
8.157952793830106e-08,0.45244176597391983,3.76,0.0,0.49864691093154917,0.999998303457689,9.672847401952565e-08,2.0741429203540794e-07,1.4570301506922905e-07,0.002402006983960172,0.00240207535626452,8.564121256490846e-12,1.3396991889516848e-06,3.3098116966082125e-08,3.932187456520076e-08,1.3408859114474039e-08,1.5200856158403531e-06,5.520723185266675e-10,9.65955877457714e-08,1.5827512323892216e-06,3.0071828496032104e-06,7.833961997272176e-08,1.7260062093467147e-09,3.731932003005102e-09,6.957823983683528e-09,3.888448824814254e-08,2.7947308690508375e-13,1.326990644578418e-13,4.3213039963308804e-11,3.0052979371855746e-12,5.4761490225786825e-19,1.2608567016591506e-10,2.509556352631648e-13,3.0901557085591304e-14,3.48977604186924e-17,1.0131229164492899e-17,3.6647838443555407e-06,1.3721209049337285e-08,3.4924184657191362e-06,6.659812924522127e-13,4.931043383121249e-18,3.630317076653911e-15,2.471685456770572e-08,1.950040029365454e-18,2.4559290618394314e-16,7.839113835349756e-11,5.865834837165568e-20,3.349530381869676e-19,1.8214330805775892e-22,7.025997570858262e-20,6.565090980488883e-18,7.659129424345761e-12
8.380160603769103e-08,0.45244739717497984,3.76,0.0,0.4985813990189668,0.999998249935621,1.0473531685675879e-07,2.186077248618201e-07,1.5319744478786445e-07,0.0024672694922143502,0.0024673416740888876,8.79743333829313e-12,1.4208925760190805e-06,3.440582167591423e-08,4.179206267567059e-08,1.4692633567868156e-08,1.562689311244066e-06,5.82801579798246e-10,9.93203870708185e-08,1.6369452575674637e-06,3.1478074324101376e-06,7.99612856653278e-08,1.827754204684321e-09,3.94639833784706e-09,7.461624425214666e-09,4.042482801725922e-08,3.0879781845412073e-13,1.4975069743582145e-13,4.44530839970787e-11,3.2329542212353272e-12,6.188392634392666e-19,1.3236544642992867e-10,2.7673191131441165e-13,3.483018318504494e-14,3.898641694912434e-17,1.144208287886868e-17,3.763290747449255e-06,1.4473777575044811e-08,3.581661543429717e-06,7.139680838737619e-13,5.3059486777518544e-18,3.9201890117679174e-15,2.6073401254280578e-08,2.1642777584861244e-18,2.7886408982055373e-16,8.059170877184384e-11,6.439089608752879e-20,3.771657679542078e-19,2.0173115274375834e-22,7.647068260713418e-20,7.168823217526054e-18,8.392890764001317e-12
8.6023684137081e-08,0.45245302794900677,3.76,0.0,0.49851589211147046,0.9999981959512702,1.1314683217578428e-07,2.3008151633307683e-07,1.60838209090268e-07,0.002532523321250853,0.0025325994182500812,9.030714391961862e-12,1.5048001509685338e-06,3.572072673578139e-08,4.4329371569675094e-08,1.605562801866945e-08,1.6053832327022332e-06,6.143818988817494e-10,1.0207558964334688e-07,1.6917717397835922e-06,3.291965612336124e-06,8.160083213869061e-08,1.9329640805951687e-09,4.167267220803142e-09,7.986015076140552e-09,4.1983717211414586e-08,3.403933617350864e-13,1.6849422881899852e-13,4.570702737213976e-11,3.472066544763571e-12,6.972115480311805e-19,1.3881629252501975e-10,3.044871805846879e-13,3.9147117535561263e-14,4.3433188780790803e-17,1.2884675113970455e-17,3.861728544129462e-06,1.524616110074226e-08,3.6706065682807874e-06,7.642413263570585e-13,5.699791414822808e-18,4.223982415720509e-15,2.7465739489483187e-08,2.396703710994263e-18,3.1548933394779706e-16,8.278608969629435e-11,7.054349146074099e-20,4.235700176996631e-19,2.2289484588990552e-22,8.306869210439235e-20,7.811494280855155e-18,9.171961115172716e-12
8.824576223647097e-08,0.452458658299446,3.76,0.0,0.49845039016891574,0.9999981414990978,1.2197073879690356e-07,2.4183464728922936e-07,1.6862373409657608e-07,0.0025977684715528535,0.0025978485894418936,9.263964407370179e-12,1.5914518950755776e-06,3.704234438656373e-08,4.6932518741357546e-08,1.7499944932111074e-08,1.6481693428757394e-06,6.468151977572909e-10,1.0486135313970957e-07,1.7472369130583019e-06,3.4396965609578567e-06,8.325838481423807e-08,2.041691017690695e-09,4.394576221345123e-09,8.531192351879735e-09,4.356131748631194e-08,3.743797282626137e-13,1.890523865667073e-13,4.69749403814972e-11,3.722962436472746e-12,7.832556369816444e-19,1.4543995022470917e-10,3.343279040864606e-13,4.388073042954557e-14,4.8260156866432e-17,1.4468778634580216e-17,3.960097283236256e-06,1.6038338504327476e-08,3.75925458737028e-06,8.168639105638341e-13,6.113115508504456e-18,4.541947241396627e-15,2.8893835151557624e-08,2.6484731414049607e-18,3.5569601074262737e-16,8.497430535000725e-11,7.713815290419733e-20,4.744837056444638e-19,2.4572434944136897e-22,9.007016049728996e-20,8.49476508263915e-18,9.997543896673467e-12
9.046784033586094e-08,0.4524642882297608,3.76,0.0,0.49838489315093304,0.999998086573582,1.3121467277763443e-07,2.5386610228416624e-07,1.765525852667087e-07,0.002663004943595238,0.002663089188353286,9.497183424318739e-12,1.6808780763967506e-06,3.8370219194675137e-08,4.960021133630924e-08,1.9027646115153513e-08,1.691049582353298e-06,6.801034423171339e-10,1.0767783864509144e-07,1.8033469032472753e-06,3.5910396762811683e-06,8.493406931445032e-08,2.1539910936727494e-09,4.628363562418966e-09,9.097348020943795e-09,4.5157795367184287e-08,4.1088081970567596e-13,2.1155389682284238e-13,4.825689500230889e-11,3.985973687161963e-12,8.775212338259065e-19,1.5223816968194368e-10,3.663642264524295e-13,4.9060815115866034e-14,5.3490308622556126e-17,1.6204662764849697e-17,4.058397013549178e-06,1.685028868229202e-08,3.847606644202758e-06,8.718996166483492e-13,6.546472016223697e-18,4.874332882282051e-15,3.035765415576754e-08,2.9207949070625954e-18,3.997198497500095e-16,8.715638008347995e-11,8.419768436957297e-20,5.302426058406607e-19,2.7031307385243185e-22,9.749170660234481e-20,9.220344968331203e-18,1.0870819261925107e-11
9.268991843525091e-08,0.4524699177434319,3.76,0.0,0.4983194010169248,0.9999980311692162,1.4088619471536016e-07,2.6617486957225354e-07,1.8462346025901627e-07,0.002728232737844562,0.0027283212156683596,9.730371431483188e-12,1.773109244632095e-06,3.9703925909694236e-08,5.2331149882756534e-08,2.0640752451546455e-08,1.734025869420444e-06,7.142486419359279e-10,1.1052521044806717e-07,1.8601077367282858e-06,3.746034585778763e-06,8.662801144094648e-08,2.2699212649308263e-09,4.868668131042721e-09,9.684669647652415e-09,4.6773321046402494e-08,4.50024506273762e-13,2.361336600943357e-13,4.9552964788352966e-11,4.2614363978977645e-12,9.805846265001783e-19,1.5921270966197736e-10,4.007100538434331e-13,5.4718631862583226e-14,5.914756336238148e-17,1.8103108896278137e-17,4.156627783787534e-06,1.7681990549731433e-08,3.935663778705289e-06,9.294131212482827e-13,7.000419220339858e-18,5.221388446209464e-15,3.1857162454108065e-08,3.2149332892509076e-18,4.478050288449788e-16,8.93323383406375e-11,9.174569391552167e-20,5.912010780660844e-19,2.9675796458560437e-22,1.0535042013558241e-19,9.989992637280599e-18,1.1792943947543996e-11
9.491199653464088e-08,0.4524755468439581,3.76,0.0,0.4982539137260626,0.9999979752805088,1.5099279667005884e-07,2.7875994109503523e-07,1.9283518203232068e-07,0.0027934518547589895,0.0027935446720663204,9.963528403177031e-12,1.8681762263940189e-06,4.104306746396599e-08,5.512403168114275e-08,2.2341243749035165e-08,1.7771000999077467e-06,7.492528490366153e-10,1.134036358567579e-07,1.9175253484895964e-06,3.9047211492450615e-06,8.83403371614031e-08,2.3895393497135376e-09,5.115529489053691e-09,1.0293341006725166e-08,4.840806740149677e-08,4.919427068589684e-13,2.629329305625867e-13,5.0863224773953646e-11,4.549691029231396e-12,1.093049462635103e-18,1.663653377627169e-10,4.3748313321758763e-13,6.088695280130951e-14,6.525679818806167e-17,2.0175426270277694e-17,4.254789642610697e-06,1.853342304035631e-08,4.0234270272432045e-06,9.894700044664583e-13,7.475522711482881e-18,5.5833630067151614e-15,3.3392326035023036e-08,3.532209860830649e-18,5.002042686719363e-16,9.150220463186776e-11,9.980661260238688e-20,6.577328201417135e-19,3.2515959022388477e-22,1.136638708031534e-19,1.0805517073180482e-17,1.2765051186250597e-11
9.713407463403085e-08,0.4524811755348567,3.76,0.0,0.4981884312372852,0.9999979189019808,1.6154190872078583e-07,2.916203124679883e-07,2.011866922094578e-07,0.0028586622947882404,0.002858759558221459,1.0196654372626584e-11,1.966110120853967e-06,4.238727310457327e-08,5.7977553878213386e-08,2.413105868813958e-08,1.8202741471109208e-06,7.851181586536638e-10,1.1631328503395937e-07,1.97560558967201e-06,4.067139461492268e-06,9.007117260371708e-08,2.512904012755483e-09,5.368987883990276e-09,1.0923542471662027e-08,5.006220919593079e-08,5.367714709229136e-13,2.920994985993142e-13,5.218775138818176e-11,4.851082451450264e-12,1.2155475386394394e-18,1.736978306239496e-10,4.768051329801552e-13,6.760010756642112e-14,7.184387434827798e-17,2.2433468039960258e-17,4.352882638618387e-06,1.9404565106504104e-08,4.110897422635733e-06,1.0521367568473964e-12,7.972355473755827e-18,5.9605058333163415e-15,3.496311092312778e-08,3.874005401369906e-18,5.57178930647454e-16,9.366600351217167e-11,1.0840571371866055e-19,7.302316432591135e-19,3.55622232231512e-22,1.224501172314622e-19,1.1668778486228602e-17,1.3788250678037035e-11
9.935615273342082e-08,0.4524868038196635,3.76,0.0,0.49812295350929575,0.9999978620281662,1.7254090517081728e-07,3.047549829673369e-07,2.0967704471089647e-07,0.0029238640583735412,0.002923965874803106,1.042974934774354e-11,2.066942295741991e-06,4.37361966490142e-08,6.089041624907428e-08,2.6012094863056744e-08,1.8635498617763084e-06,8.218467079950824e-10,1.1925433084910839e-07,2.0343542346087005e-06,4.23332985490716e-06,9.182064405608322e-08,2.640074751256484e-09,5.629084260092944e-09,1.1575451378637728e-08,5.173592243401379e-08,5.846510621196394e-13,3.237878765585335e-13,5.3526622378038507e-11,5.165959995855467e-12,1.3487396028908971e-18,1.8121197412663373e-10,5.188017250337458e-13,7.489402974281739e-14,7.893566406841101e-17,2.4889647615966686e-17,4.450906820350967e-06,2.0295395719151742e-08,4.198075994171528e-06,1.1174807863525032e-12,8.49149797174569e-18,6.35306660273065e-15,3.656948317893785e-08,4.241761860762298e-18,6.189991186032704e-16,9.58237595653672e-11,1.175691323442319e-19,8.09112270927284e-19,3.882539763991235e-22,1.3172771567771078e-19,1.258168926835026e-17,1.486362861417301e-11
9.999999999999998e-08,0.452492431701933,3.76,0.0,0.4981039822172136,0.9999978454556513,1.758129728689969e-07,3.0861186576505694e-07,2.1216294555245554e-07,0.00294275465224656,0.0029428578079090674,1.0497282836475784e-11,2.0967044804675964e-06,4.412788222898259e-08,6.174532129472006e-08,2.6574435953472527e-08,1.8761082609060921e-06,8.326504157065383e-10,1.201123905564544e-07,2.0515023662354058e-06,4.282194134888185e-06,9.233105373396418e-08,2.6776422371763515e-09,5.7056934471525935e-09,1.1768423085161805e-08,5.222456311751799e-08,5.991147381626134e-13,3.334636360048633e-13,5.391725184920742e-11,5.259766048995655e-12,1.3894279219314135e-18,1.8342339535869392e-10,5.314883953523384e-13,7.7121279597529e-14,8.108877132537432e-17,2.5640186089422564e-17,4.479296481854768e-06,2.0557189803041557e-08,4.22328160899909e-06,1.1369242007869357e-12,8.646171843701383e-18,6.46972766728951e-15,3.704157439467033e-08,4.353383203662413e-18,6.37856477852427e-16,9.644784390562405e-11,1.2033350798462012e-19,8.33222075892625e-19,3.981301988960327e-22,1.3451041650700023e-19,1.2855761290827106e-17,1.5185121271823672e-11
1.0157823083281079e-07,0.452492431701933,3.76,0.0,0.4980574805005594,0.999997804653611,1.8399711041653674e-07,3.181629555169214e-07,2.1830539966259384e-07,0.0029890571459475638,0.0029891636224756092,1.066281329625167e-11,2.170704383676498e-06,4.508951485656351e-08,6.386132370886659e-08,2.7986208906023118e-08,1.9069290721457304e-06,8.594406760045264e-10,1.2222694874531485e-07,2.09377698740205e-06,4.4033329018854676e-06,9.358887797188855e-08,2.771111882106238e-09,5.895860269411446e-09,1.224924236750671e-08,5.342938384603399e-08,6.357260436477914e-13,3.581594879156547e-13,5.48799167394594e-11,5.494677507058893e-12,1.4933161733462363e-18,1.889095635832889e-10,5.636026682485653e-13,8.280630413619683e-14,8.656007786043372e-17,2.755695530126739e-17,4.548862236289696e-06,2.12058938679289e-08,4.284963767624067e-06,1.1855704253374986e-12,9.033538239123683e-18,6.761295592749579e-15,3.821140889860372e-08,4.636984372350295e-18,6.859437841278977e-16,9.797549739380747e-11,1.2732388525502908e-19,8.948111621662e-19,4.231668060098246e-22,1.41515729379834e-19,1.3546214962264771e-17,1.599224774908061e-11
1.0380030893220076e-07,0.45249805918523867,3.76,0.0,0.4979920121693016,0.999997746772871,1.9591780449495256e-07,3.3184323667512557e-07,2.2707101758048538e-07,0.003054241557934371,0.0030543528018983027,1.0895846237007297e-11,2.277428278802711e-06,4.64469259076919e-08,6.688898857455168e-08,3.005521668698335e-08,1.9504135840550755e-06,8.979022829247052e-10,1.252313166198672e-07,2.1538794880741543e-06,4.577189417159213e-06,9.537600097851678e-08,2.906076530259824e-09,6.1693582830079266e-09,1.2945087701436461e-08,5.5142770481900376e-08,6.901453653261215e-13,3.953828598237703e-13,5.624771465528058e-11,5.837593396294654e-12,1.649998369874644e-18,1.967924039204505e-10,6.113418933720038e-13,9.137621487985722e-14,9.474609231991326e-17,3.0448975219868224e-17,4.646748934856996e-06,2.213603856113217e-08,4.371561765266975e-06,1.256474937535606e-12,9.599071969024899e-18,7.185443859791948e-15,3.9888854213651727e-08,5.061243316578665e-18,7.583008356588117e-16,1.0012124161133672e-10,1.3769789117361404e-19,9.8778735958605e-19,4.604766967621965e-22,1.5183373808168994e-19,1.4564375245230143e-17,1.7175147515401414e-11
1.0602238703159072e-07,0.45250368627317344,3.76,0.0,0.4979265484735056,0.9999976883805116,2.0831022832465322e-07,3.457948366218585e-07,2.3597325383187517e-07,0.0031194172947493605,0.003119533413725472,1.1128848193696766e-11,2.3871461337196023e-06,4.780814798431612e-08,6.997213259614518e-08,3.222089358092003e-08,1.994005181081317e-06,9.37233789863202e-10,1.2826761471674072e-07,2.214667318324944e-06,4.754940460031053e-06,9.718213988929495e-08,3.0450306181845276e-09,6.4496214022461675e-09,1.3663157566607278e-08,5.687625939405742e-08,7.480624523870154e-13,4.356338191565607e-13,5.7630097439503164e-11,6.19507069574135e-12,1.819538761615937e-18,2.0486230985407547e-10,6.621575893964752e-13,1.0064479439208831e-13,1.0352377841794965e-16,3.3579902544370203e-17,4.744566964416699e-06,2.3085808825739936e-08,4.457871005889233e-06,1.3302645250498857e-12,1.0188702606283633e-17,7.625763401331522e-15,4.1601785290731246e-08,5.5161764362123e-18,8.363672513774645e-16,1.0226101683749342e-10,1.4871999137060598e-19,1.088523363003512e-18,5.003037134854672e-22,1.627018472408836e-19,1.5638244928508034e-17,1.8413344177870588e-11
1.082444651309807e-07,0.45250931296934893,3.76,0.0,0.49786108937091034,0.9999976294711072,2.2118158865504863e-07,3.600167691455931e-07,2.4501155337095095e-07,0.0031845843567992064,0.0031847054586063243,1.1361819137309374e-11,2.499890356676722e-06,4.9172917944132764e-08,7.310948877537234e-08,3.448497479578895e-08,2.037705624733082e-06,9.774374983617092e-10,1.3133602552980155e-07,2.2761460069285234e-06,4.936627336527808e-06,9.900742171792064e-08,3.1880368562932574e-09,6.7366934701566835e-09,1.4403620353320715e-08,5.863002739376979e-08,8.096352959838733e-13,4.790956921069024e-13,5.902714748720681e-11,6.5674771138538145e-12,2.0027222296660506e-18,2.1312110605869404e-10,7.161922914042457e-13,1.1065487319837661e-13,1.129243302965136e-16,3.6964561027389935e-17,4.842316373274288e-06,2.4055183707428055e-08,4.5438925048103045e-06,1.407010335357926e-12,1.0803041441259239e-17,8.082507304675318e-15,4.335016833136837e-08,6.00349100416732e-18,9.204491959611528e-16,1.0439484769238188e-10,1.6041997062206638e-19,1.197526029261573e-18,5.4277210868184745e-22,1.741406976807266e-19,1.6769954973577053e-17,1.970783102195118e-11
1.1046654323037066e-07,0.45251493927739717,3.76,0.0,0.497795634819009,0.9999975700392392,2.3453906273865804e-07,3.745080516304595e-07,2.5418544574284146e-07,0.003249742744481801,0.0032498689371849563,1.159475906913251e-11,2.6156936090239717e-06,5.0540990082793936e-08,7.629980298828914e-08,3.684915575461472e-08,2.081516654680301e-06,1.0185157499695674e-09,1.3443673371559695e-07,2.3383210347948722e-06,5.122291601483622e-06,1.0085197369481504e-07,3.335158734286214e-09,7.030619082867579e-09,1.5166642919758287e-08,6.04042508681111e-08,8.750265454099601e-13,5.25959507409894e-13,6.043894822946476e-11,6.955185091704761e-12,2.2003668453907046e-18,2.2157062733100015e-10,7.735929699080923e-13,1.2145113063284463e-13,1.229800945759796e-16,4.061842084192876e-17,4.939997209677126e-06,2.5044142270586387e-08,4.6296272738951705e-06,1.486784468331931e-12,1.1442707705352878e-17,8.555929883250015e-15,4.5133969571725944e-08,6.524966045023884e-18,1.0108621412422386e-15,1.0652275879247842e-10,1.728285785280245e-19,1.3153274989368488e-18,5.88010422931487e-22,1.8617147568623292e-19,1.7961693525755395e-17,2.1059578573531912e-11
1.1268862132976063e-07,0.45252056520096906,3.76,0.0,0.4977301847750466,0.9999975100794959,2.4838980274086874e-07,3.892677050433943e-07,2.634945403489431e-07,0.003314892458186199,0.003315023850100323,1.1827668021222794e-11,2.7345888028988e-06,5.191213497812996e-08,7.954183542714938e-08,3.931509252584029e-08,2.125439989018839e-06,1.0604709258224122e-09,1.3756992601479447e-07,2.4011978397212793e-06,5.311975060561781e-06,1.0271592328495592e-07,3.4864605133412707e-09,7.331443601092074e-09,1.595239083954271e-08,6.219910564730467e-08,9.444036020282262e-13,5.764242032585189e-13,6.186558409270513e-11,7.358571860337994e-12,2.413324764664477e-18,2.3021271874849778e-10,8.345111217068308e-13,1.3308014643352752e-13,1.3372460018372878e-16,4.455761673584269e-17,5.037609521814681e-06,2.605266359833599e-08,4.715076321569282e-06,1.5696599832770501e-12,1.2108328668423954e-17,9.046286801289552e-15,4.695315528237005e-08,7.082454611308299e-18,1.1079309908189564e-15,1.086447747474805e-10,1.859775511972921e-19,1.4424861506357681e-18,6.361515871961137e-22,1.9881592283799442e-19,1.9215706965541468e-17,2.2469534846301125e-11
1.1713277752854057e-07,0.45253181590939,3.76,0.0,0.4975992980386671,0.9999973885547628,2.775995878723094e-07,4.195882263586637e-07,2.8251714711806416e-07,0.0034451658651720512,0.003445307981471181,1.2293392924128499e-11,2.981787905911157e-06,5.466280053579621e-08,8.617617445081055e-08,4.455866397609254e-08,2.2136303372540643e-06,1.147021770266524e-09,1.4393451993670915e-07,2.529078342228313e-06,5.703568049535256e-06,1.0650252645423219e-07,3.8018646372220255e-09,7.953974689224983e-09,1.7592719956271465e-08,6.58514092267547e-08,1.0958090824245612e-12,6.889928142149253e-13,6.476370365754434e-11,8.213914997783152e-12,2.888765081038801e-18,2.480820446452977e-10,9.675290235232514e-13,1.5903259238624545e-13,1.5742004667950162e-16,5.3359990617125493e-17,5.232628765763579e-06,2.8128310973861005e-08,4.88512126927845e-06,1.745012235902191e-12,1.3519984563610039e-17,1.0078833754646144e-14,5.069754536745796e-08,8.313268861886433e-18,1.3233839610799665e-15,1.1287121961384611e-10,2.1462860113151168e-19,1.7272457017446411e-18,7.416967736106997e-22,2.2603562848568185e-19,2.1919841683644726e-17,2.5467754755727804e-11
1.211325181074425e-07,0.4525419402691014,3.76,0.0,0.49748151495901416,0.9999972773229784,3.056467428084654e-07,4.477847753612828e-07,3.000974483152945e-07,0.0035623822701737495,0.0035625344114401805,1.2712439337172198e-11,3.2151767786026737e-06,5.7146903565353366e-08,9.231185306388165e-08,4.9641708599851576e-08,2.293402536950022e-06,1.2279412947013862e-09,1.4977566383688475e-07,2.6466246933444704e-06,6.070171982148094e-06,1.0997809336068116e-07,4.100683841642723e-09,8.538318047288844e-09,1.9148379516581332e-08,6.921079149691035e-08,1.247485561987406e-12,8.047848017816668e-13,6.742361350786041e-11,9.041229826527727e-12,3.37831212261253e-18,2.648417535333495e-10,1.1008906846441896e-12,1.8574590252114704e-13,1.8146309885963207e-16,6.243410770484996e-17,5.407912214589033e-06,3.0063088812775736e-08,5.0371946016183154e-06,1.9141888145390176e-12,1.488570083537101e-17,1.1068637810285764e-14,5.4188173655236446e-08,9.564357206635745e-18,1.543512006284497e-15,1.1665510526180228e-10,2.432859560742122e-19,2.0217051298537747e-18,8.480423721081294e-22,2.5286195526028135e-19,2.4590309279238347e-17,2.8374286119818766e-11
1.2513225868634444e-07,0.4525520634408175,3.76,0.0,0.4973637458086252,0.999997164296912,3.3540257882908133e-07,4.7683578265584594e-07,3.181129318356702e-07,0.0036795705771262557,0.0036797330983588407,1.3131385377951715e-11,3.459106654422868e-06,5.963803177477991e-08,9.859659086855141e-08,5.5078452236531135e-08,2.3735643706543047e-06,1.31174085123165e-09,1.557250489396053e-07,2.7665278448830665e-06,6.4504599333688605e-06,1.1351850366367908e-07,4.414079908245947e-09,9.145755478645038e-09,2.0780208641749432e-08,7.263972176849461e-08,1.414906976789383e-12,9.357217312784167e-13,7.013294413718338e-11,9.925435845122147e-12,3.932382928122159e-18,2.822545701589189e-10,1.2482218519489667e-12,2.1597426964642726e-13,2.0831642187947033e-16,7.271600498129163e-17,5.58297439161312e-06,3.20609255677901e-08,5.188357723979826e-06,2.094594689681843e-12,1.634564369738215e-17,1.2117358081572077e-14,5.779292461568987e-08,1.0964584378944219e-17,1.7907031991760268e-15,1.2042027282504184e-10,2.7488311382036353e-19,2.356472050925276e-18,9.66072447686085e-22,2.8204116756086196e-19,2.7500259916853696e-17,3.1483159189945276e-11
1.2913199926524637e-07,0.45256218544657006,3.76,0.0,0.4972459903289436,0.9999970494451136,3.669083970718509e-07,5.0673566639626e-07,3.3656367121813774e-07,0.00379673078797093,0.003796904045763401,1.3550230969119548e-11,3.7137783153741575e-06,6.21353092019594e-08,1.0502381032564036e-07,6.087720010257338e-08,2.4541251228750357e-06,1.3984357048982599e-09,1.6178383183626622e-07,2.8888184817297e-06,6.844685033663858e-06,1.1712451185216338e-07,4.74245473492529e-09,9.776580701767335e-09,2.2489154086173926e-08,7.613919973934536e-08,1.5992344472444227e-12,1.0832784854900688e-12,7.289221985075681e-11,1.0868914195472277e-11,4.557303657544437e-18,3.003316462958548e-10,1.4105822639994813e-12,2.500652027770818e-13,2.382224368037316e-16,8.432632256522032e-17,5.757815575809757e-06,3.4121699931536004e-08,5.338616395077038e-06,2.2866915713355874e-12,1.790377551201878e-17,1.322654740121156e-14,6.15116027542908e-08,1.2527755149848649e-17,2.06721131873912e-15,1.2416686530990026e-10,3.0964382717976416e-19,2.7358881678193996e-18,1.0967352127403485e-21,3.1372152368805404e-19,3.066504552258001e-17,3.479912901115771e-11
1.331317398441483e-07,0.45257230630861317,3.76,0.0,0.4971282482586665,0.9999969327361269,4.002055105059375e-07,5.374788813409766e-07,3.55450281562474e-07,0.0039138629045514595,0.003914047257133547,1.396897616265963e-11,3.9793950596833976e-06,6.463796167299958e-08,1.115871505668079e-07,6.704589002078688e-08,2.5350938811863115e-06,1.4880415051337766e-09,1.6795318694599417e-07,3.0135271293105986e-06,7.253103194156845e-06,1.2079687650627047e-07,5.0862179289769e-09,1.0431096389964577e-08,2.427616432270384e-08,7.971021839778208e-08,1.8016870723794568e-12,1.2490308469933754e-12,7.570197330142126e-11,1.187410123551114e-11,5.2598354948332784e-18,3.1908425312444787e-10,1.5890869723274137e-12,2.883906049955631e-13,2.71438547582979e-16,9.739424070345223e-17,5.932436045560146e-06,3.624529079494481e-08,5.487976338686064e-06,2.490951811940333e-12,1.956415140219906e-17,1.4397779708611644e-14,6.534401292124288e-08,1.426865335699141e-17,2.3754005168949668e-15,1.2789502550867473e-10,3.478040685748407e-19,3.164657202626449e-18,1.2410338336781997e-21,3.4805796966780866e-19,3.410071976241393e-17,3.8326740579470596e-11
1.3713148042305024e-07,0.452582426049424,3.76,0.0,0.4970105193337122,0.9999968141384732,4.353352935807152e-07,5.690599186193201e-07,3.747738665333146e-07,0.0040309669286126525,0.004031162735891793,1.4387621046419083e-11,4.256162687932367e-06,6.71453049385454e-08,1.1828047417530182e-07,7.35921049169773e-08,2.6164795445065547e-06,1.5805742791233998e-09,1.7423430594927596e-07,3.1406842063625474e-06,7.675973139678849e-06,1.2453636068304986e-07,5.445786760210024e-09,1.110961439265215e-08,2.6142192256543335e-08,8.335376490156182e-08,2.0235439989306396e-12,1.434660091421947e-12,7.856274519257844e-11,1.2943489798995052e-11,6.047194494868527e-18,3.385237837746172e-10,1.7849083317431927e-12,3.313479128006483e-13,3.0823780101290476e-16,1.120578806055292e-16,6.106836078655793e-06,3.843157724771633e-08,5.63644324391676e-06,2.7078585444945957e-12,2.1330921392212294e-17,1.5632651167544392e-14,6.928996030811736e-08,1.6203095186012123e-17,2.717748375592562e-15,1.3160489597608915e-10,3.896125062880845e-19,3.647868260914512e-18,1.4000287185467644e-21,3.8521236050747593e-19,3.782406119591704e-17,4.207033601973949e-11
1.4113122100195218e-07,0.4525925446917086,3.76,0.0,0.4968928032871885,0.999996693620635,4.723392269558114e-07,6.014733054996426e-07,3.9453597103798057e-07,0.004148042861799233,0.004148250485402851,1.4806165528412993e-11,4.54428949358417e-06,6.965673420084943e-08,1.2509787141693525e-07,8.052308562388579e-08,2.6982908316384807e-06,1.6760504254933516e-09,1.8062839733418968e-07,3.270320072557792e-06,8.113556441481816e-06,1.2834373229287372e-07,5.8215861280346345e-09,1.1812455956714745e-08,2.808819766656118e-08,8.70708216141897e-08,2.2661465516037352e-12,1.6419577322810333e-12,8.147508403823687e-11,1.4079630492625213e-11,6.9270720847342035e-18,3.5866175583351753e-10,1.9992780499113903e-12,3.793612718521006e-13,3.4890956802413645e-16,1.2846471807381033e-16,6.281015952301302e-06,4.06804385788182e-08,5.784022765482587e-06,2.9379058220665162e-12,2.32083326130981e-17,1.693278104733332e-14,7.334925044468678e-08,1.8347984765583894e-17,3.0968491130250212e-15,1.352966190086928e-10,4.353309955075185e-19,4.1910204339016316e-18,1.5748398828372628e-21,4.2535368751749004e-19,4.185259708421957e-17,4.603406193985699e-11
1.451309615808541e-07,0.452602662258403,3.76,0.0,0.4967750998493606,0.9999965711510387,5.112589379112012e-07,6.347136051592557e-07,4.147385389336777e-07,0.004265090705654605,0.004265310508973006,1.522460961172643e-11,4.8439862574214905e-06,7.217171485375946e-08,1.3203366233314234e-07,8.78457438680004e-08,2.780536289982117e-06,1.7744867083261868e-09,1.8713668603876975e-07,3.4024650716190422e-06,8.566117549752552e-06,1.322197644656823e-07,6.214048540797166e-09,1.2539951947835745e-08,3.011514940926536e-08,9.086236724446854e-08,2.5309004251602516e-12,1.8728304182193607e-12,8.443954597184135e-11,1.528513303061194e-11,7.90765622350924e-18,3.795098138303678e-10,2.2334892966634503e-12,4.328827493078735e-13,3.937602465857489e-16,1.4677200999859615e-16,6.454975943117032e-06,4.2991754277015686e-08,5.93072052396883e-06,3.1815987587728136e-12,2.5200731571386144e-17,1.8299812536714136e-14,7.752168919594095e-08,2.0721372113697003e-17,3.5154169398738055e-15,1.389703366268397e-10,4.852350845942594e-19,4.800048672487994e-18,1.7666493965676342e-21,4.6865830985388665e-19,4.620462795350279e-17,5.0221876889915825e-11
1.4913070215975604e-07,0.45261277877267725,3.76,0.0,0.4966574087476192,0.9999964466980411,5.521362367427756e-07,6.687754164561648e-07,4.3538387545935666e-07,0.004382110461619613,0.00438234280984947,1.564295341479789e-11,5.1554662456614746e-06,7.468977434108721e-08,1.3908239693985308e-07,9.556667534843326e-08,2.8632243043578448e-06,1.875900251514777e-09,1.9376041317986805e-07,3.537149570262464e-06,9.033923826032796e-06,1.361652359056043e-07,6.623614106601447e-09,1.329244307170619e-08,3.222402740432795e-08,9.472937804034677e-08,2.8192779400893327e-12,2.1293049898271825e-12,8.745669459884164e-11,1.6562667608089142e-11,8.997653251173758e-18,4.010797317080109e-10,2.488898875377002e-12,4.923935844782475e-13,4.431139872003802e-16,1.671472343288325e-16,6.628716327141562e-06,4.536540403143321e-08,6.076542106099208e-06,3.4394536723261354e-12,2.731256648442464e-17,1.9735413487212702e-14,8.180708275928326e-08,2.3342513556926618e-17,3.976289570059506e-15,1.4262619055863972e-10,5.396145365038855e-19,5.481351012459385e-18,1.9767039167147787e-21,5.153101950666064e-19,5.089925288765848e-17,5.4637558874272894e-11
1.5313044273865798e-07,0.45262289425793895,3.76,0.0,0.49653972970644894,0.9999963202299122,5.950131497000663e-07,7.036533737025747e-07,4.564746138120299e-07,0.004499102131031278,0.004499347391219742,1.6061196864749353e-11,5.478945211291014e-06,7.721049496517826e-08,1.4623885392476994e-07,1.0369217278709192e-07,2.946363105853708e-06,1.980308533455936e-09,2.005008358523466e-07,3.674403993579378e-06,9.51724557568732e-06,1.401809312322445e-07,7.050730534125766e-09,1.4070280095007837e-08,3.441582443505339e-08,9.867282896653378e-08,3.13282036243347e-12,2.41353369851574e-12,9.052710088458377e-11,1.7914966313770855e-11,1.0206310437332456e-17,4.2338341529416e-10,2.7669294571877975e-12,5.584054784118462e-13,4.973134414271585e-16,1.8976854373173241e-16,6.80223737983405e-06,4.78012677321476e-08,6.2214930650009785e-06,3.711998228228636e-12,2.954838968399082e-17,2.1241277018520394e-14,8.620523766189427e-08,2.6231934682623517e-17,4.4824318863955385e-15,1.4626432222537561e-10,5.987738655943443e-19,6.241817199519832e-18,2.2063173069476057e-21,5.655011677483527e-19,5.595639555949258e-17,5.928471284726087e-11
1.571301833175599e-07,0.4526330087378351,3.76,0.0,0.49642206244739545,0.9999961917148212,6.399319488824924e-07,7.393421464401483e-07,4.780136854186383e-07,0.004616065715121519,0.00461632425621097,1.647933991878068e-11,5.814641398295682e-06,7.973350752320899e-08,1.534980381300903e-07,1.1222823886106005e-07,3.029960780633861e-06,2.0877293820855596e-09,2.0735922698766932e-07,3.814258857293524e-06,1.0016356080522017e-05,1.4426764130815493e-07,7.495853142339064e-09,1.4873824066112789e-08,3.669154778816229e-08,1.0269369483123247e-07,3.473140288789329e-12,2.72779959190027e-12,9.365134307197763e-11,1.9344824582678887e-11,1.1543439249083711e-17,4.464329047822229e-10,3.0690718794383117e-12,6.314619235024101e-13,5.567205340757718e-16,2.1482523332464238e-16,6.975539376076432e-06,5.029922547081403e-08,6.365578920468642e-06,3.999771585690277e-12,3.191286008806252e-17,2.281912205322937e-14,9.071596075825404e-08,2.941149591204728e-17,5.036939763537532e-15,1.498848727283747e-10,6.630328904371745e-19,7.088858778425477e-18,2.456873346918182e-21,6.194311621582103e-19,6.139683100885879e-17,6.41667781414696e-11
1.6112992389646185e-07,0.4526431222362564,3.76,0.0,0.4963044066890335,0.9999960611208235,6.869351794500071e-07,7.758364392170062e-07,5.000042934976004e-07,0.004733001215015864,0.004733273407889279,1.689738271438533e-11,6.1627755485116065e-06,8.225848567113481e-08,1.6085517704562906e-07,1.2118059895395442e-07,3.114025278662832e-06,2.1981809702527222e-09,2.1433687526392744e-07,3.95674479724521e-06,1.0531531631622186e-05,1.4842616355319935e-07,7.959444878299175e-09,1.570344653548816e-08,3.905222075281044e-08,1.0679295135627551e-07,3.841924097861591e-12,3.0745220697662474e-12,9.683000662500579e-11,2.0855102689813817e-11,1.3019439355795025e-17,4.702403772293651e-10,3.3968875098024976e-12,7.121395741188461e-13,6.21717259710786e-16,2.425182228330744e-16,7.14862259017554e-06,5.2859157541325e-08,6.508805159226273e-06,4.303324545342503e-12,3.4410745742287645e-17,2.4470693847206178e-14,9.533905922781437e-08,3.2904460780754645e-17,5.643044050877673e-15,1.5348798283748133e-10,7.327273032158216e-19,8.030440710716184e-18,2.7298285341968917e-21,6.7730848354183e-19,6.724221320045043e-17,6.928703579234609e-11
1.6512966447536378e-07,0.45265323477734004,3.76,0.0,0.49618676214693425,0.9999959284158436,7.360656844167258e-07,8.131309913664617e-07,5.224498895960373e-07,0.004849908631732145,0.004850194849259129,1.7315325212861147e-11,6.523570910902252e-06,8.478514094195096e-08,1.68305716473813e-07,1.3055471368330276e-07,3.198564422314624e-06,2.3116818114298256e-09,2.214350850618937e-07,4.101892596358821e-06,1.1063051562460741e-05,1.526573022467859e-07,8.441976342466721e-09,1.6559529775825686e-08,4.1498883993478656e-08,1.1097157619544206e-07,4.240934470212412e-12,3.45626261547884e-12,1.0006368419534416e-10,2.2448727285846128e-11,1.4645323391624434e-17,4.948181490777508e-10,3.7520106778193335e-12,8.010496594586486e-13,6.927065042015893e-16,2.73060553597729e-16,7.32148729586511e-06,5.548094444050338e-08,6.651177235188538e-06,4.62321969881589e-12,3.7046926434600993e-17,2.6197764448220666e-14,1.0007434057281302e-07,3.6735567025096944e-17,6.3041147188716975e-15,1.5707379298110848e-10,8.082092560796203e-19,9.075114593613249e-18,3.026714982705066e-21,7.393500791509952e-19,7.351510337830715e-17,7.464861573449175e-11
1.6912940505426571e-07,0.4526633463854731,3.76,0.0,0.49606912853363194,0.9999957935676647,7.87366627284935e-07,8.512205767874865e-07,5.453541528069427e-07,0.004966787966179176,0.004967088583262636,1.7733167322339065e-11,6.89725325306528e-06,8.731321834730882e-08,1.7584531551952308e-07,1.4035579116562202e-07,3.2835859148387876e-06,2.4282507557544846e-09,2.2865517646162616e-07,4.249733209347265e-06,1.1611198282325266e-05,1.5696186881864506e-07,8.943925820963483e-09,1.744246700192852e-08,4.40325968108956e-08,1.1523054989925293e-07,4.672012977866353e-12,3.875730707531131e-12,1.0335297560926905e-10,2.4128692975884415e-11,1.6432742495987378e-17,5.201786787047501e-10,4.136151175520791e-12,8.98839439782411e-13,7.701128920376928e-16,3.066779008368087e-16,7.494133766307681e-06,5.816446686883009e-08,6.7927005697204295e-06,4.960031580246132e-12,3.982639638369368e-17,2.8002133089000958e-14,1.0492161261622192e-07,4.093110057253947e-17,7.023665171948124e-15,1.6064244323768417e-10,8.898479647799775e-19,1.0232053553563418e-17,3.34914342138832e-21,8.057818136511126e-19,8.023899922637882e-17,8.025450384769304e-11
1.7312914563316765e-07,0.4526734570852946,3.76,0.0,0.4959515055585906,0.9999956565439135,8.40881512767934e-07,8.901000037268936e-07,5.687209713848871e-07,0.005083639219155408,0.005083954612778907,1.8150909180934687e-11,7.284050874778364e-06,8.984249249342205e-08,1.8346984105198296e-07,1.5058879898359259e-07,3.369097348657484e-06,2.547906986398176e-09,2.3599848527408684e-07,4.400297785403841e-06,1.2176257310112746e-05,1.6134068212860586e-07,9.465779324259018e-09,1.8352662590395213e-08,4.6654438304785803e-08,1.1957085681991822e-07,5.137082745381991e-12,4.335789915964429e-12,1.066984878720537e-10,2.589806394238264e-11,1.8394012652534434e-17,5.463345690078389e-10,4.551096828827413e-12,1.0061937071982488e-12,8.5438366012720335e-16,3.4360910157460447e-16,7.666562274096467e-06,6.090960573120739e-08,6.933380551895764e-06,5.314346819770106e-12,4.275426700222075e-17,2.9885626591756345e-14,1.098806834998215e-07,4.551897253507644e-17,7.805356731155366e-15,1.6419407332833282e-10,9.780303300435e-19,1.1511088890285607e-17,3.6988062965539905e-21,8.768387524280803e-19,8.7438364849331e-17,8.61075488322783e-11
1.7712888621206958e-07,0.452683566901701,3.76,0.0,0.49583389292817015,0.9999955173120478,8.966542058342089e-07,9.297641145632283e-07,5.925544264941127e-07,0.0052004623913475745,0.005200792940623357,1.85685508002811e-11,7.684194623405243e-06,9.23727641473259e-08,1.9117536177145913e-07,1.612584758258622e-07,3.4551062134717204e-06,2.6706700162555994e-09,2.43466363102756e-07,4.553617689114035e-06,1.27585173085349e-05,1.657945687359436e-07,1.000803063182946e-08,1.9290532299154845e-08,4.9365508451221024e-08,1.2399348595336515e-07,5.638151184063406e-12,4.839464188383129e-12,1.1010083518736708e-10,2.775997561327103e-11,2.054214184702168e-17,5.732985700294543e-10,4.998716141397631e-12,1.1238363321612482e-12,9.459895588003752e-16,3.841066986466343e-16,7.838773091257109e-06,6.371624213775858e-08,7.073222538754483e-06,5.686764299070826e-12,4.583576973846348e-17,3.185009975909907e-14,1.1495136168239279e-07,5.05287993064101e-17,8.653003289832378e-15,1.6772882261073813e-10,1.0731615772193138e-18,1.292274854949467e-17,4.0774809813495844e-21,9.527654562462316e-19,9.513866159904785e-17,9.221046889691324e-11
1.8112862679097152e-07,0.4526936758598467,3.76,0.0,0.4957162903455922,0.9999953758393442,9.547289492734189e-07,9.70207785592357e-07,6.168587778542046e-07,0.005317257483329325,0.0053176035695470265,1.898609204651059e-11,8.097917911010268e-06,9.490385719969393e-08,1.9895814198804809e-07,1.723693427791082e-07,3.5416199041613673e-06,2.7965596849478755e-09,2.5106017743130116e-07,4.709724519782911e-06,1.3358270118766928e-05,1.703243631590819e-07,1.057118134235916e-08,2.0256503486923174e-08,5.2166929105347215e-08,1.2849943172150456e-07,6.1773128011071365e-12,5.389944330463733e-12,1.1356063898969741e-10,2.971763637646042e-11,2.2890858065109437e-17,6.010835816263231e-10,5.480961012705417e-12,1.252531856896788e-12,1.0454257807687202e-15,4.284375012064869e-16,8.010766489249432e-06,6.658425740466474e-08,7.212231855558791e-06,6.0778953090277045e-12,4.9076258998198687e-17,3.3897435713976555e-14,1.2013345593802018e-07,5.599198586780135e-17,9.570576145966399e-15,1.712468300741753e-10,1.175665914706465e-18,1.447829750644439e-17,4.487033096268793e-21,1.0338162814957125e-18,1.0336637977252348e-16,9.856585824716507e-11
1.8512836736987345e-07,0.4527037839851496,3.76,0.0,0.4955986975109049,0.9999952320928851,1.0151503799550806e-06,1.011425926814743e-06,6.416384510801603e-07,0.005434024495559835,0.0054343865022358825,1.9403533036147805e-11,8.525456733053007e-06,9.743561597930267e-08,2.068146351977949e-07,1.8392571425965668e-07,3.6286457284688875e-06,2.925596156132127e-09,2.5878131173420036e-07,4.868650129342691e-06,1.39758107955652e-05,1.749309081264916e-07,1.11557409291627e-08,2.1251015332663072e-08,5.5059844938502964e-08,1.330896947007041e-07,6.7567520856029354e-12,5.990594686027234e-12,1.1707852798821979e-10,3.177432934192684e-11,2.5454638151972097e-17,6.297026561871502e-10,5.999869532207986e-12,1.3930871369971782e-12,1.1532129188162926e-15,4.768831621732186e-16,8.18254273896911e-06,6.951353305503963e-08,7.350413796048161e-06,6.488363709526383e-12,5.248121514702903e-17,3.602954624334375e-14,1.2542677535449693e-07,6.194181241157628e-17,1.0562209015153577e-14,1.7474823433566293e-10,1.2859872116237626e-18,1.618978014638176e-17,4.9294199449217115e-21,1.1202556873527845e-18,1.1214907119991567e-16,1.0517619336756146e-10
1.8912810794877538e-07,0.4527138913032933,3.76,0.0,0.4954811141209478,0.9999950860395482,1.077963543930358e-06,1.0534134817244055e-06,6.668980265383314e-07,0.005550763428382397,0.005551141741310131,1.98208738416475e-11,8.967049688549384e-06,9.996790287984833e-08,2.1474147752773852e-07,1.959317085765346e-07,3.716190914459958e-06,3.0577999151097756e-09,2.666311656076067e-07,5.030426638986917e-06,1.4611437642875962e-05,1.7961505481952978e-07,1.1762226800589408e-08,2.22745190551404e-08,5.804542431763555e-08,1.3776528230128465e-07,7.378746473376316e-12,6.644960021893495e-12,1.206551382207451e-10,3.3933414152624115e-11,2.8248737556287804e-17,6.591690014022353e-10,6.557568851528519e-12,1.5463530324765743e-12,1.269897953018554e-15,5.297407730708851e-16,8.354102110749315e-06,7.250395081984372e-08,7.4877736226932295e-06,6.9188060914805295e-12,5.605624759682695e-17,3.8248372160156186e-14,1.308311293318279e-07,6.841352439487309e-17,1.1632203228253704e-14,1.7823317363714285e-10,1.4045896952039376e-18,1.8070064731775137e-17,5.406694069426143e-21,1.2123585553792433e-18,1.2151538273919606e-16,1.1204383909249662e-10
1.9312784852767732e-07,0.4527239978402304,3.76,0.0,0.4953635398693165,0.9999949376459937,1.1432139105144063e-06,1.0961654270995489e-06,6.926422295562882e-07,0.005667474282022995,0.005667869289323495,2.0238114302644952e-11,9.422938001594216e-06,1.0250059626313426e-07,2.2273548111340044e-07,2.0839125812055358e-07,3.8042626177560883e-06,3.193191766725655e-09,2.746111549178995e-07,5.1950864546671475e-06,1.5265452249955486e-05,1.8437766310785179e-07,1.2391164365135124e-08,2.3327478132671907e-08,6.112486013426778e-08,1.4252720940101659e-07,8.045669392709451e-12,7.356772622847046e-12,1.2429111311649035e-10,3.6198328845503936e-11,3.1289220981549633e-17,6.894959830884158e-10,7.156278136622635e-12,1.7132261495943654e-12,1.3960552682985768e-15,5.873234767208628e-16,8.525444874362367e-06,7.555539263883812e-08,7.624316566948617e-06,7.3698719411166e-12,5.980709797943442e-17,4.055588363806452e-14,1.3634632758082163e-07,7.544442613921725e-17,1.2785033117986005e-14,1.8170178584360415e-10,1.5319586684424578e-18,2.0132890049721607e-17,5.9210069298316454e-21,1.3104105165077619e-18,1.314950906990508e-16,1.1917105446289737e-10
1.9712758910657925e-07,0.4527341036221862,3.76,0.0,0.49524597444632545,0.9999947868786528,1.2109473854747272e-06,1.1396767727948541e-06,7.188759218387441e-07,0.005784157056588874,0.005784569148762509,2.0655254490595512e-11,9.893365544148988e-06,1.0503358860592253e-07,2.3079362746429496e-07,2.2130811917667177e-07,3.892867928536189e-06,3.3317928335499115e-09,2.8272271196560525e-07,5.362662281576982e-06,1.5938159528019798e-05,1.8921960177798531e-07,1.304308710101657e-08,2.4410368523166554e-08,6.429937058962242e-08,1.4737649893531547e-07,8.759993393033086e-12,8.1299596021622e-12,1.279871035665124e-10,3.8572591763960024e-11,3.4592993968143554e-17,7.206971280725269e-10,7.798311601944816e-12,1.8946506347842265e-12,1.532287703148622e-15,6.499610982568422e-16,8.696571299021328e-06,7.866774066157949e-08,7.76004782950469e-06,7.842223806571386e-12,6.373964340762267e-17,4.295408053813745e-14,1.419721801217668e-07,8.307397809471134e-17,1.4025351598932686e-14,1.851542084420951e-10,1.6686012485529655e-18,2.2392914336715765e-17,6.474612712157553e-21,1.414708284145203e-18,1.4211913621678623e-16,1.265599983670802e-10
2.0112732968548119e-07,0.4527442086756621,3.76,0.0,0.49512841753897163,0.9999946337037182,1.2812103234374186e-06,1.1839425615354287e-06,7.456040939565702e-07,0.005900811752067072,0.005901241322045795,2.1072294540972906e-11,1.037857886000919e-05,1.0756678486163394e-07,2.3891306086371896e-07,2.3468588135991767e-07,3.982013878306189e-06,3.4736245543345543e-09,2.909672856627228e-07,5.533187137734412e-06,1.6629867747439194e-05,1.9414174875566544e-07,1.371853663005145e-08,2.5523678884566616e-08,6.757019994174294e-08,1.5231418244767975e-07,9.524293358756254e-12,8.968650433274156e-12,1.3174376800080808e-10,4.105980352305497e-11,3.817783543030817e-17,7.527861271363353e-10,8.486081628691003e-12,2.0916200220579875e-12,1.6792276303675355e-15,7.180007949433678e-16,8.867481653381613e-06,8.184087724845699e-08,7.894972580538284e-06,8.336537466851004e-12,6.785989982624062e-17,4.544499276381327e-14,1.4770849728318698e-07,9.134389789123204e-17,1.535799594565999e-14,1.885905785415797e-10,1.8150471267774268e-18,2.4865766582068365e-17,7.069872269895807e-21,1.5255600003057497e-18,1.5341966161762138e-16,1.3421273496597134e-10
2.0912681084328508e-07,0.45276441670458023,3.76,0.0,0.49489332800234936,0.9999943199945757,1.4295123194306632e-06,1.2747178021842526e-06,8.005644479398759e-07,0.00613403690509863,0.006134502619475717,2.1906073813062252e-11,1.1394362500060898e-05,1.1263346320185265e-07,2.553251410037334e-07,2.6283768730245637e-07,4.16195556590672e-06,3.767067286941514e-09,3.078613628815179e-07,5.883217648157963e-06,1.8071537116107278e-05,2.042302263153302e-07,1.514222375489757e-08,2.7843578979999043e-08,7.440592683920151e-08,1.6245890359744509e-07,1.1213652504575904e-11,1.0860120716601391e-11,1.3944179075252746e-10,4.6387899692187454e-11,4.626641095807339e-17,8.196832886947844e-10,1.000899125180832e-11,2.536426189252992e-12,2.007913923896327e-15,8.717657882473619e-16,9.208655223049276e-06,8.836904661697465e-08,8.162423077672609e-06,9.39382047900195e-12,7.668832457457211e-17,5.071323525093835e-14,1.5951176831592983e-07,1.0998364124560585e-16,1.8320569694580948e-14,1.9541570779459644e-10,2.1395851543555957e-18,3.051765639086153e-17,8.395354401190113e-21,1.7682171307157416e-18,1.7818495387215185e-16,1.5031739978321595e-10
2.1632634388530857e-07,0.45278260171083967,3.76,0.0,0.4946817733335599,0.999994029077938,1.5721095010177746e-06,1.3589466484125525e-06,8.517723776702404e-07,0.006343843509703368,0.006344343123357242,2.2656132347632872e-11,1.2361664061604176e-05,1.1719342536729239e-07,2.7028007072608373e-07,2.897835052878491e-07,4.325821634974839e-06,4.0424360905902365e-09,3.2353583182018556e-07,6.2086688658230615e-06,1.943718546020371e-05,2.135931705550472e-07,1.6509606931147472e-08,3.004069543698303e-08,8.090053223026117e-08,1.719020022456728e-07,1.293303876028996e-11,1.2832316899356255e-11,1.4658427902175378e-10,5.160734978824324e-11,5.4704831179841287e-17,8.830680057917487e-10,1.156235516773421e-11,3.000962175244887e-12,2.3473400207679107e-15,1.0324910402990025e-15,9.514975159119553e-06,9.445112013327952e-08,8.400421506962706e-06,1.0427540952665344e-11,8.533919689924821e-17,5.579273151702148e-14,1.70510604734112e-07,1.2941799785199514e-16,2.135515882280308e-14,2.0150479234903894e-10,2.471000807970243e-18,3.651085591910489e-17,9.756759696753847e-21,2.0123610562166944e-18,2.0313566554052135e-16,1.6573271687555098e-10
2.2352587692733205e-07,0.4528007847819531,3.76,0.0,0.4944702412319581,0.99999372982286,1.7236447463746312e-06,1.4455442754939728e-06,9.046653167730137e-07,0.006553559132210209,0.006554093958526653,2.3405866436864915e-11,1.3380830653992119e-05,1.2175300376420139e-07,2.8539592058142144e-07,3.182717699500461e-07,4.491546713741504e-06,4.328619972024157e-09,3.396645884369842e-07,6.544204012063837e-06,2.086934866104327e-05,2.2323008332448694e-07,1.796202109186443e-08,3.234457611083907e-08,8.77278252489298e-08,1.8164798460677733e-07,1.485942787628521e-11,1.5091062159570374e-11,1.5393394475231064e-10,5.725273082192493e-11,6.43739838078858e-17,9.495501083913334e-10,1.3306258174496376e-11,3.5337797296296464e-12,2.7327644088604848e-15,1.2169831169567477e-15,9.820599180235348e-06,1.0072832882145263e-07,8.635885877171147e-06,1.1543550470097783e-11,9.469853302340981e-17,6.120560494760878e-14,1.8186441072282141e-07,1.5169065036241072e-16,2.4773194401725602e-14,2.075439819869388e-10,2.8435337086952627e-18,4.3487025465449823e-17,1.1295161618566979e-20,2.2830928584797986e-18,2.3083701044014856e-16,1.8203102315800398e-10
2.3072540996935554e-07,0.45281896608292116,3.76,0.0,0.49425872974708124,0.9999934220221501,1.8844060500485687e-06,1.5344829345828762e-06,9.592763422509196e-07,0.006763183767998025,0.0067637551365356974,2.415527553133162e-11,1.4453400262685162e-05,1.2631193888670645e-07,3.006610905401346e-07,3.4831849979608354e-07,4.659170498035398e-06,4.625755284684672e-09,3.5625671047619416e-07,6.89002849468829e-06,2.236995112387069e-05,2.3314644263116637e-07,1.950293060915869e-08,3.475855936738695e-08,9.489609303116107e-08,1.917032390299154e-07,1.7011993596704534e-11,1.7668835361570086e-11,1.6149491248798814e-10,6.334829598498675e-11,7.541379527122441e-17,1.019215782351043e-09,1.5258762502568526e-11,4.142723235714261e-12,3.1690979376579368e-15,1.427986311151825e-15,1.0125528833247735e-05,1.0719999438366631e-07,8.868845270138506e-06,1.2746291755512997e-11,1.0480691506592031e-16,6.696482763089549e-14,1.935720911232387e-07,1.7714133011029938e-16,2.861039212633116e-14,2.135340629044174e-10,3.2611977619216955e-18,5.158014272947006e-17,1.3028758543654008e-20,2.582671946365723e-18,2.61525050248433e-16,1.992215703426865e-10
2.3792494301137903e-07,0.4528371457819185,3.76,0.0,0.4940472368904964,0.9999931054653058,2.054686928116239e-06,1.6257352060215254e-06,1.015639547914729e-06,0.006972717411060808,0.00697332666816281,2.490435996224073e-11,1.558094117311609e-05,1.308700231241294e-07,3.160652055453129e-07,3.7993859199977075e-07,4.828732530548344e-06,4.933981664617053e-09,3.7332146738527726e-07,7.246351867406843e-06,2.3940955685117843e-05,2.4334783856484356e-07,2.1135892569596934e-08,3.7286134747068604e-08,1.0241394736511862e-07,2.0207427812429337e-07,1.9411272646484046e-11,2.060092431650411e-11,1.6927139363738875e-10,6.991933894642075e-11,8.797631781295329e-17,1.092153193830342e-09,1.7439241488732645e-11,4.836323186540432e-12,3.661659893262625e-15,1.6684858322723144e-15,1.042976565928842e-05,1.1386544083396307e-07,9.099328467056247e-06,1.4040360779792574e-11,1.1570668440353795e-16,7.308371664818329e-14,2.0563255393450164e-07,2.0614299398325422e-16,3.2904939023772586e-14,2.194758175552135e-10,3.728312542468477e-18,6.09394254068964e-17,1.4977235811016898e-20,2.913508692150581e-18,2.9545172667617523e-16,2.1731297725380825e-10
2.451244760534025e-07,0.45285532405037904,3.76,0.0,0.49383576063500456,0.9999927799383379,2.2347865835510037e-06,1.7192739957199117e-06,1.0737900082258956e-06,0.0071821600539767605,0.007182808563398036,2.5653120285252964e-11,1.6765052574668343e-05,1.3542709031444364e-07,3.3159901639073583e-07,4.131459428004327e-07,5.000272292739279e-06,5.25344204111215e-09,3.908683249249999e-07,7.613387997713336e-06,2.558436441501241e-05,2.538399768501044e-07,2.2864558787405687e-08,3.993094729657117e-08,1.1029033563470946e-07,2.1276774507908304e-07,2.2079241970839436e-11,2.3925610872507303e-11,1.772676885530989e-10,7.699224122690922e-11,1.0222652893872555e-16,1.1684525574219837e-09,1.98684547343996e-11,5.623841446011682e-12,4.2162046471800464e-15,1.941723724797575e-15,1.0733311193805326e-05,1.2072399452597357e-07,9.327363953048079e-06,1.5430510392546423e-11,1.2744202261885628e-16,7.95759422001824e-14,2.1804471029941413e-07,2.3910449341479487e-16,3.769764094950799e-14,2.253700247495666e-10,4.249521772003685e-18,7.1730805572694e-17,1.7161867758001093e-20,3.278172732042983e-18,3.328857364589344e-16,2.3631329918541947e-10
2.52324009095426e-07,0.45287350106305735,3.76,0.0,0.4936242989138232,0.9999924452236049,2.425010066130048e-06,1.8150725315899042e-06,1.1337637533500789e-06,0.0073915116878766705,0.0073922008314276835,2.6401555779811895e-11,1.8007365188826955e-05,1.3998300737927448e-07,3.4725430733365877e-07,4.4795355797338673e-07,5.173829290557532e-06,5.584282654156271e-09,4.089069499128716e-07,7.991355225668732e-06,2.7302219441477068e-05,2.646286823308437e-07,2.469267792643146e-08,4.269680195566441e-08,1.1853455155782095e-07,2.2379041954368438e-07,2.5039399791215617e-11,2.7684365971541612e-11,1.8548818867582345e-10,8.459452196392464e-11,1.183431738704301e-16,1.2482062072162449e-09,2.25686270207455e-11,6.51531892441106e-12,4.8389497600342156e-15,2.2512156355676993e-15,1.1036166966600413e-05,1.2777498418252375e-07,9.552979921723068e-06,1.692165405181197e-11,1.4005903657775877e-16,8.645553586976305e-14,2.308074744913983e-07,2.764734259829207e-16,4.303207901290834e-14,2.3121745976869126e-10,4.82981279250346e-18,8.413853207549706e-17,1.9605626459815644e-20,3.6794017434325035e-18,3.7411345172384296e-16,2.5623009157681045e-10
2.595235421374495e-07,0.4528916769981092,3.76,0.0,0.4934128496197485,0.9999921010996482,2.6256684284620924e-06,1.9131043600320556e-06,1.1955977534201392e-06,0.007600772302411498,0.007601503480618616,2.7149666533621356e-11,1.9309541919864676e-05,1.4453766765390888e-07,3.630238101478536e-07,4.843736542883046e-07,5.349443134570636e-06,5.926653078187492e-09,4.274472150819312e-07,8.38047651541605e-06,2.90966037950054e-05,2.757199024033505e-07,2.6624097727675558e-08,4.558766800482615e-08,1.2715624579990927e-07,2.3514922315363457e-07,2.8316850651544503e-11,3.1922054930608796e-11,1.9393737873303097e-10,9.275489013677731e-11,1.3651965215067857e-16,1.3315086708586846e-09,2.556353111715539e-11,7.52162572881486e-12,5.5366055847390904e-15,2.600768451182562e-15,1.1338334501870041e-05,1.3501774092719255e-07,9.776204279702328e-06,1.8518869652138917e-11,1.536058477090414e-16,9.37368989961156e-14,2.4391976390248853e-07,3.1873917723079834e-16,4.8954775346502067e-14,2.370188944925049e-10,5.474537039767176e-18,9.836690909458897e-17,2.2333297876887482e-20,4.1201105565011736e-18,4.194398860988355e-16,2.7707046853126884e-10
2.6672307517947297e-07,0.4529098520371635,3.76,0.0,0.49320141060429523,0.9999917473410338,2.8370788792734282e-06,2.013343342475889e-06,1.25932991075523e-06,0.007809941885719213,0.007810716518502248,2.7897453371882204e-11,2.067327852767805e-05,1.4909098566336843e-07,3.7890112464815007e-07,5.224177523311781e-07,5.527153614743747e-06,6.280706252004317e-09,4.464992040447909e-07,8.780979600632784e-06,3.096964227516042e-05,2.87119710409264e-07,2.866276734162451e-08,4.86076835808151e-08,1.3616543652457091e-07,2.468512247539445e-07,3.1938394673647863e-11,3.668715360912319e-11,2.0261983898778615e-10,1.015032994092586e-10,1.569649512245545e-16,1.4184567467782739e-09,2.887857471182853e-11,8.654513949058307e-12,6.316406465758983e-15,2.994498861876916e-15,1.163981531824828e-05,1.4245159831794195e-07,9.997064651119784e-06,2.02274034555213e-11,1.6813268579774236e-16,1.0143481176887758e-13,2.573804990322857e-07,3.6643616655606166e-16,5.5515368780756704e-14,2.4277509753796867e-10,6.189431533216775e-18,1.146421833203069e-16,2.537160594756584e-20,4.6034007266586794e-18,4.691897072796458e-16,2.988411563942385e-10
2.7392260822149646e-07,0.4529280263654012,3.76,0.0,0.49298997967681696,0.9999913837181956,3.059564935568718e-06,2.1157636519724392e-06,1.3249990580431527e-06,0.008019020424390835,0.008019839951758177,2.8644915575233067e-11,2.210030432131713e-05,1.5364289295220493e-07,3.948806454962819e-07,5.620967615128953e-07,5.707000770397412e-06,6.646598514378275e-09,4.660732163427884e-07,9.193097125756648e-06,3.2923502338622735e-05,2.988343090033364e-07,3.081273976164612e-08,5.1761160266547955e-08,1.455725199653887e-07,2.5890364540157664e-07,3.593262118678932e-11,4.203197587209878e-11,2.1154024752830924e-10,1.1087100568967179e-10,1.7990462873193906e-16,1.5091495846865041e-09,3.254089162093974e-11,9.92667317758908e-12,7.186143595817383e-15,3.436852885914068e-15,1.1940610928853443e-05,1.5007589238290067e-07,1.0215588382098543e-05,2.2052674126755677e-11,1.836919874870826e-16,1.0956444278574462e-13,2.7118860347771737e-07,4.201473072963604e-16,6.276680083826502e-14,2.484868344062684e-10,6.98064145532318e-18,1.3321459031886013e-16,2.874934508086016e-20,5.1325706733205244e-18,5.237082988563406e-16,3.215485428632098e-10
2.8112214126351995e-07,0.4529462001716332,3.76,0.0,0.49277855460360315,0.9999910099972825,3.2934565747801314e-06,2.2203397698386095e-06,1.392644961164554e-06,0.00822800790343563,0.00822887378619749,2.93920529513062e-11,2.3592382872437558e-05,1.5819333471255219e-07,4.109574950493781e-07,6.034210579174621e-07,5.889024955767797e-06,7.024489645062987e-09,4.86179772570657e-07,9.61706678426254e-06,3.4960395008980594e-05,3.1087003350777856e-07,3.30781743555078e-08,5.5052587761885815e-08,1.553882810786216e-07,2.713138632061174e-07,4.033000692830052e-11,4.8012912893405343e-11,2.2070338259219057e-10,1.208906275398614e-10,2.0558184590446287e-16,1.6036887694824885e-09,3.6579437472326814e-11,1.1351788894976001e-11,8.154199610522147e-15,3.932626401149211e-15,1.224072284133821e-05,1.5788996165840682e-07,1.0431802545204154e-05,2.4000276876019316e-11,2.0033849965656688e-16,1.181413585608803e-13,2.853430039234909e-07,4.80507693563005e-16,7.076551257397266e-14,2.5415486763854445e-10,7.854743892855131e-18,1.5436057265629189e-16,3.249752163875288e-20,5.711126216836386e-18,5.833628747721192e-16,3.4519872200427526e-10
2.8832167430554343e-07,0.4529643736483805,3.76,0.0,0.49256713310695543,0.9999906259400057,3.5390903876237852e-06,2.327046482352821e-06,1.4623083258055298e-06,0.008436904306245505,0.008437818026745704,3.0138866599504077e-11,2.515131274818207e-05,1.6274226705143558e-07,4.271274618704814e-07,6.464005556289666e-07,6.073266901587605e-06,7.414542910924501e-09,5.068296195737014e-07,1.0053131454877113e-05,3.7082575808378336e-05,3.232333552631851e-07,3.546333949366688e-08,5.848663864141636e-08,1.656239043165016e-07,2.84089418051183e-07,4.516301903347745e-11,5.4690684839295016e-11,2.301141249231396e-10,1.3159620956533994e-10,2.34258454389541e-16,1.702178408692535e-09,4.102509007071329e-11,1.2944603851131967e-11,9.22958500251346e-15,4.486986729514678e-15,1.2540152557943688e-05,1.658931472294154e-07,1.0645733943876039e-05,2.6075987711267954e-11,2.1812938793298326e-16,1.2718153361467786e-13,2.998426301331504e-07,5.482085267138295e-16,7.95716528378258e-14,2.5977995697960897e-10,8.818772781953703e-18,1.7838518310627114e-16,3.6649505184017715e-20,6.342791605626459e-18,6.485436485847528e-16,3.6979753554231024e-10
2.955212073475669e-07,0.4529825469919569,3.76,0.0,0.49235571286424207,0.9999902313034909,3.7968097321196124e-06,2.435858877501766e-06,1.5340308073551735e-06,0.008645709614558522,0.008646672677425351,3.088535589183625e-11,2.677892826333988e-05,1.6728965480587578e-07,4.433869445285129e-07,6.91044772060495e-07,6.259767773034031e-06,7.816925116998868e-09,5.28033735717883e-07,1.0501539336322571e-05,3.9292345711266434e-05,3.35930884983686e-07,3.797261527368189e-08,6.206817320517053e-08,1.762909845483453e-07,2.972380162242565e-07,5.046622305084459e-11,6.213060554066884e-11,2.3977746016119e-10,1.4302328893448949e-10,2.6621613908405895e-16,1.8047252235897315e-09,4.591075467318856e-11,1.472098258889483e-11,1.0421976446587458e-14,5.105495325584803e-15,1.2838901575557749e-05,1.7408479277238997e-07,1.0857409116838132e-05,2.8285767803551645e-11,2.3712435063307754e-16,1.367013611694973e-13,3.1468641494067147e-07,6.240012957074724e-16,8.924929859556055e-14,2.653628595486141e-10,9.880245100327524e-18,2.0562468766744936e-16,4.124119031391963e-20,7.031521212430637e-18,7.196650594539291e-16,3.953506107253088e-10
3.027207403895904e-07,0.453000720402552,3.76,0.0,0.49214429150693006,0.9999898258401293,4.066964889226591e-06,2.5467523417779525e-06,1.6078550235868444e-06,0.00885442380842154,0.008855437741338184,3.163152024974754e-11,2.8477100251616113e-05,1.71835469811592e-07,4.5973290033736786e-07,7.37362887790226e-07,6.448569224377757e-06,8.231806662286867e-09,5.498033362326189e-07,1.0962544081174033e-05,4.159205212047648e-05,3.4896937612327553e-07,4.0610496339849554e-08,6.580224442800102e-08,1.8740153815689103e-07,3.1076753498086767e-07,5.627639622222229e-11,7.040286077509574e-11,2.496984812661551e-10,1.5520896517726583e-10,3.0175761967635195e-16,1.911438644141012e-09,5.127147440784276e-11,1.6697979259355257e-11,1.1741757128638109e-14,5.7941316216378644e-15,1.3136971385777927e-05,1.8246424460080063e-07,1.1066854342489871e-05,3.063576796820449e-11,2.5738573833606965e-16,1.4671766380174797e-13,3.2987329424253736e-07,7.087022260460445e-16,9.986668795467875e-14,2.7090433001562065e-10,1.1047188372597894e-17,2.364493840045295e-16,4.6311169889671723e-20,7.781511714840044e-18,7.971670575777705e-16,4.218633950530971e-10
3.099202734316139e-07,0.4530188940843175,3.76,0.0,0.4919328666195951,0.9999894092974295,4.349913220557142e-06,2.6597025570277102e-06,1.6838245696095473e-06,0.009063046866151945,0.009064113220647008,3.2377361012116216e-11,3.0247736855840908e-05,1.7637968952670688e-07,4.761627987113991e-07,7.853638013895524e-07,6.639713450653473e-06,8.659361600103357e-09,5.721498786262317e-07,1.1436404929419905e-05,4.3984089865854034e-05,3.623557282602786e-07,4.3381594797499765e-08,6.969410301326557e-08,1.9896801433811558e-07,3.2468602706908604e-07,6.263264627144282e-11,7.958280080563039e-11,2.598823909733189e-10,1.6819197341968625e-10,3.412079137064165e-16,2.0224309079354078e-09,5.714454607488924e-11,1.8893908884716856e-11,1.32000591747471e-14,6.5593180841350186e-15,1.343436347497926e-05,1.9103085171335373e-07,1.1274095643278774e-05,3.313233326486594e-11,2.789786793616318e-16,1.5724770447691698e-13,3.45402206990244e-07,8.031970127186981e-16,1.1149646656393083e-13,2.7640512078352306e-10,1.232816955972812e-17,2.712666520505105e-16,5.190092052879742e-20,8.597214793624943e-18,8.815164522593995e-16,4.4934118814896355e-10
3.171198064736374e-07,0.4530370682454535,3.76,0.0,0.49172143573890914,0.9999889814178725,4.646019328575366e-06,2.774685497349259e-06,1.7619840346469537e-06,0.009271578764298453,0.009272699116557115,3.312287778859719e-11,3.209278433699437e-05,1.8092229592586185e-07,4.926745788084525e-07,8.350561797116166e-07,6.833243236661968e-06,9.099767702810115e-09,5.950850681747924e-07,1.1923386842250965e-05,4.6470902225675525e-05,3.7609699050671033e-07,4.629064322158814e-08,7.374920255632216e-08,2.110033066298956e-07,3.3900172523804137e-07,6.957653595607207e-11,8.975124784601576e-11,2.7033450428159704e-10,1.820127612159275e-10,3.8491566399633177e-16,2.1378171632518113e-09,6.356964157858545e-11,2.1328422229881954e-11,1.480880828036099e-14,7.407946538092393e-15,1.3731079324387441e-05,1.9978396584508548e-07,1.1479158790055852e-05,3.5782007719274566e-11,3.019712114975126e-16,1.683091983186424e-13,3.6127209518318917e-07,9.084458532815907e-16,1.2421594808780587e-13,2.8186598217504357e-10,1.3732325394376271e-17,3.1052425471239284e-16,5.805500135089696e-20,9.483350605276497e-18,9.73208325529678e-16,4.777891710433109e-10
3.2431933951566087e-07,0.4530552430982985,3.76,0.0,0.49150999635260456,0.9999885419387639,4.955655219574837e-06,2.891677426040501e-06,1.842379020340341e-06,0.00948001947760099,0.00948119542929734,3.386806953522732e-11,3.401422790204092e-05,1.8546327460771389e-07,5.092666111263842e-07,8.864485040697045e-07,7.029202003589653e-06,9.553206530788992e-09,6.186208634863914e-07,1.2423760636483735e-05,4.905498197110033e-05,3.9020036494836195e-07,4.934249775905368e-08,7.797320482320318e-08,2.2352076468951666e-07,3.5372304674904283e-07,7.715221365107442e-11,1.0099481915651163e-10,2.8106025097555964e-10,1.9671356914840638e-10,4.332545334822774e-16,2.257715576432496e-09,7.058893525172497e-11,2.4022584452304182e-11,1.658077064492036e-14,8.347405818680222e-15,1.4027120410157566e-05,2.0872294152145686e-07,1.1682069306415012e-05,3.8591539169892367e-11,3.264344202183723e-16,1.7992032443435093e-13,3.774819038619088e-07,1.0254887981533836e-15,1.38107389504232e-13,2.8728766262442903e-10,1.526939422464643e-17,3.5471390801576957e-16,6.482126707639035e-20,1.0444921852965974e-17,1.0727675141317228e-15,5.072124331161263e-10
3.3151887255768435e-07,0.45307341885941976,3.76,0.0,0.491298545898416,0.9999880905920875,5.279200469651181e-06,3.01065489259625e-06,1.9250561603763674e-06,0.009688368978949547,0.009689602158100686,3.4612937745994664e-11,3.6014092550659056e-05,1.9000261407872582e-07,5.259376627288733e-07,9.395491126931627e-07,7.227633853504886e-06,1.001986350553892e-08,6.427694821440421e-07,1.2937803119931888e-05,5.173887243393477e-05,4.0467321012051567e-07,5.2542141325156497e-08,8.237198514969093e-08,2.365342063361655e-07,3.6885859790336887e-07,8.540655024724341e-11,1.1340626651008885e-10,2.9206517818253343e-10,2.123385153747542e-10,4.866246706635292e-16,2.382247443736879e-09,7.824723734802448e-11,2.699895770810189e-11,1.8529602322614774e-14,9.38561081261917e-15,1.432248820345894e-05,2.178471361155961e-07,1.1882852473017826e-05,4.1567884242522976e-11,3.524425836824228e-16,1.9209973791727792e-13,3.940305811016342e-07,1.1554514361685921e-15,1.5325828201892414e-13,2.92670908873406e-10,1.6949749438967445e-17,4.043751414863697e-16,7.225109665962288e-20,1.1487228405611541e-17,1.1807501630050379e-15,5.376159969211377e-10
3.3871840559970784e-07,0.45309159574970664,3.76,0.0,0.4910870817629985,0.9999876271043594,5.617042393855188e-06,3.131594729754605e-06,2.0100631412825728e-06,0.009896627239342117,0.009897919301184532,3.535748244206009e-11,3.809444394100061e-05,1.9454030518312946e-07,5.426868658018122e-07,9.94366239812033e-07,7.428583611966997e-06,1.0499927986800317e-08,6.675434064308605e-07,1.3465797227999007e-05,5.452516859800985e-05,4.195230445238087e-07,5.5894686894423684e-08,8.695163796590346e-08,2.5005792987322867e-07,3.844171785985395e-07,9.43892826590897e-11,1.2708483280452112e-10,3.0335495296600893e-10,2.2893368430905837e-10,5.454542489948473e-16,2.5115373078586383e-09,8.659213399022183e-11,3.028168790099171e-11,2.0669901105168655e-14,1.0531032954904062e-14,1.4617184170566209e-05,2.271559099088408e-07,1.2081533331904771e-05,4.471821345617487e-11,3.80073324908258e-16,2.0486658261020114e-13,4.1091707800615017e-07,1.2995509344044414e-15,1.6976165843087365e-13,2.980164661710569e-10,1.8784434550092417e-17,4.600994711179938e-16,8.039963873052195e-20,1.261588279492652e-17,1.2977453537366952e-15,5.690048410936243e-10
3.459179386417313e-07,0.4531097739944649,3.76,0.0,0.4908756012808219,0.9999871511964791,5.969576218706529e-06,3.2544740505922273e-06,2.097448724244237e-06,0.010104794227841532,0.010106146855730455,3.6101702066523135e-11,4.0257389274632336e-05,1.9907634064998584e-07,5.595136892671279e-07,1.0509080516945114e-06,7.632096868966118e-06,1.0993593353623826e-08,6.929553891409467e-07,1.4008032161750829e-05,5.741651821449032e-05,4.347575501846611e-07,5.940538088630625e-08,9.171848245141879e-08,2.6410672670505274e-07,4.004077869241278e-07,1.0415316424859797e-10,1.42136626630381e-10,3.1493536495708006e-10,2.4654721963292466e-10,6.102010836928235e-16,2.6457130792976906e-09,9.56741338736462e-11,3.3896595768883624e-11,2.301726105769105e-14,1.1792732249095339e-14,1.4911209772957324e-05,2.3664862615473874e-07,1.2278136690794265e-05,4.804991646348072e-11,4.0940777143776175e-16,2.1824050410053508e-13,4.281403487019369e-07,1.4591024522756783e-15,1.8771641782323132e-13,3.033250784774367e-10,2.0785200015464933e-17,5.225349089203526e-16,8.932607524047168e-20,1.3836826457301952e-17,1.4243768115053082e-15,6.013839215283466e-10
3.531174716837548e-07,0.45312795382351345,3.76,0.0,0.49066410173304165,0.9999866625835823,6.337205258235546e-06,3.379270245668206e-06,2.187262767815037e-06,0.010312869911531321,0.01031428481786356,3.684559812234213e-11,4.250507820083796e-05,2.0361071473145774e-07,5.7641791319945e-07,1.1091826799377975e-06,7.838220018396699e-06,1.1501057089313083e-08,7.190184594792937e-07,1.456480352770543e-05,6.041562294144931e-05,4.5038457626442057e-07,6.307960664614026e-08,9.667906832589721e-08,2.786958942622444e-07,4.168396238073743e-07,1.147541224844915e-10,1.5867501564087567e-10,3.2681232902564366e-10,2.652294218405771e-10,6.813543296212305e-16,2.7849061627871837e-09,1.0554682203783752e-10,3.787127251163889e-11,2.5588329834053562e-14,1.3180390882556661e-14,1.5204566467418668e-05,2.463246511466738e-07,1.2472687127370783e-05,5.157060742905167e-11,4.4053072278535037e-16,2.322416627440414e-13,4.4569935033258717e-07,1.6355259509302085e-15,2.0722766849739614e-13,3.0859748867080894e-10,2.296454187321878e-17,5.923908348073262e-16,9.909390484333967e-20,1.5156346563453173e-17,1.5613046940711185e-15,6.347581910005694e-10
3.603170047257783e-07,0.4531461354712837,3.76,0.0,0.490452580346344,0.9999861609748903,6.720341093696719e-06,3.505960980216293e-06,2.279556251426958e-06,0.010520854255470459,0.010522333182631415,3.7589171234120065e-11,4.483970374049436e-05,2.0814342291267542e-07,5.933996058050967e-07,1.1691982522889045e-06,8.047000296252146e-06,1.2022520870185475e-08,7.45745929054389e-07,1.5136413479548564e-05,6.352523950805804e-05,4.6641214272100646e-07,6.692288802265379e-08,1.0184018178009848e-07,2.9384124924842727e-07,4.3372209771753376e-07,1.262514241713817e-10,1.7682103960785859e-10,3.3899188799279876e-10,2.850328505315402e-10,7.594362640677805e-16,2.929251588984862e-09,1.1626702103287272e-10,4.223518017272558e-11,2.8400868904063166e-14,1.4704348511362427e-14,1.549725570615776e-05,2.5618335428929145e-07,1.2665208993563325e-05,5.528813054922768e-11,4.735308261240644e-16,2.468907473979492e-13,4.635930430534874e-07,1.8303534200894687e-15,2.284070901164749e-13,3.138344387583591e-10,2.533574227923463e-17,6.704432584884067e-16,1.0977124768283536e-19,1.6581093822131564e-17,1.7092274665637148e-15,6.691326173894414e-10
3.675165377678018e-07,0.4531643191769198,3.76,0.0,0.4902410342917682,0.9999856460735598,7.119403757074957e-06,3.634524191385249e-06,2.3743812996368e-06,0.01072874722264707,0.01073029194398251,3.8332419340759805e-11,4.726350322977224e-05,2.1267446167952818e-07,6.104591027382938e-07,1.2309629212471968e-06,8.25848581771198e-06,1.2558190658109837e-08,7.731513979674825e-07,1.5723170861950305e-05,6.674818090376008e-05,4.828484440265596e-07,7.094089304265746e-08,1.0720885155214083e-07,3.095591412203093e-07,4.510648294364596e-07,1.3870784859851388e-10,1.9670384408931627e-10,3.5148021538609326e-10,3.060124316743761e-10,8.450041583754153e-16,3.0788881516479416e-09,1.2789495982201434e-10,4.701975699733194e-11,3.1473816830860477e-14,1.637563929292366e-14,1.578927893692405e-05,2.6622410817390607e-07,1.285572641981559e-05,5.921056571678211e-11,5.085007605950144e-16,2.622089895943233e-13,4.818203900267623e-07,2.045236545655809e-15,2.513733160757985e-13,3.190366700902615e-10,2.791291203572771e-17,7.575405010731794e-16,1.214311734093135e-19,1.8118101208994963e-17,1.8688838660744745e-15,7.045122006487664e-10
3.7471607080982527e-07,0.45318250518438213,3.76,0.0,0.49002946068350245,0.9999851175765305,7.534821918493898e-06,3.7649380855270634e-06,2.4717912070657223e-06,0.010936548773930955,0.010938161094744244,3.907534374095709e-11,4.977875928393935e-05,2.1720382833402954e-07,6.275969885478081e-07,1.2944848906769903e-06,8.47272561327788e-06,1.3108276796793326e-08,8.012487610024852e-07,1.6325391356639597e-05,7.008731759281875e-05,4.997018529444428e-07,7.513943768387023e-08,1.1279235515380873e-07,3.258664665123678e-07,4.688776569019351e-07,1.5218986897333228e-10,2.1846113567635405e-10,3.642836182395952e-10,3.282255700752785e-10,9.386522426041407e-16,3.233958550520868e-09,1.4049445077768644e-10,5.225852799974086e-11,3.482735574340724e-14,1.820603074792735e-14,1.608063760313819e-05,2.7644628865808044e-07,1.304426331934913e-05,6.334623433423775e-11,5.455374305652605e-16,2.782181776734884e-13,5.003803574164826e-07,2.2819548426417057e-15,2.7625233717119404e-13,3.24204923577036e-10,3.071103520454603e-17,8.546093282923409e-16,1.3415205441849397e-19,1.977480334194614e-17,2.041054960232992e-15,7.409019886568274e-10
3.8191560385184876e-07,0.4532006937425511,3.76,0.0,0.4898178565776546,0.9999845751743703,7.967033077631444e-06,3.897181135532875e-06,2.5718404639971615e-06,0.011144258868025007,0.011145940626600476,3.98179458520783e-11,5.238780078156339e-05,2.2173152084822226e-07,6.448140800657488e-07,1.3597724406380454e-06,8.6897696641015e-06,1.3672994111801335e-08,8.300522139203538e-07,1.6943397630883474e-05,7.354557875464305e-05,5.169809243687587e-07,7.952448974771346e-08,1.1859822525168971e-07,3.4278068251732547e-07,4.871706401297396e-07,1.6676784252105473e-10,2.4223965983186936e-10,3.7740853994061547e-10,3.517322672960088e-10,1.0410137675960352e-15,3.394609540175944e-09,1.5413307514358443e-10,5.7987220983369795e-11,3.848298115558807e-14,2.0208064537003813e-14,1.637133314403027e-05,2.8684927494957684e-07,1.3230843392420886e-05,6.770370527954786e-11,5.847421683257998e-16,2.9494067149623023e-13,5.192719143841353e-07,2.542424279262801e-15,3.0317792769021293e-13,3.2933993991018283e-10,3.374601590182275e-17,9.626615695848873e-16,1.4801794649035233e-19,2.1559056913932498e-17,2.226566304081047e-15,7.783070920651777e-10
3.8911513689387225e-07,0.45321888510533587,3.76,0.0,0.4896062189709964,0.9999840185511198,8.416483759245468e-06,4.0312320782163485e-06,2.674584782605149e-06,0.011351877461415494,0.011353630530068543,4.056022319814238e-11,5.509300386942924e-05,2.2625753774864091e-07,6.621114115666525e-07,1.4268339506239418e-06,8.909668936635455e-06,1.4252562014304737e-08,8.595762598618048e-07,1.7577519488508062e-05,7.712595355031559e-05,5.346943992293962e-07,8.410217283320706e-08,1.2463425620791165e-07,3.6031982233351285e-07,5.05954066220075e-07,1.8251620964827394e-10,2.6819570237892113e-10,3.908615631246782e-10,3.765952452767908e-10,1.1527631689840346e-15,3.560992085057752e-09,1.6888237735217143e-10,6.424388826788907e-11,4.246357529036317e-14,2.2395099241388083e-14,1.6661366994787575e-05,2.9743244969489103e-07,1.3415490130576444e-05,7.229180102799247e-11,6.262209467124262e-16,3.123994177927062e-13,5.384940330843686e-07,2.8287064193865163e-15,3.3229209510849844e-13,3.3444245978609987e-10,3.7034727375871085e-17,1.0828012598128062e-15,1.631189992089456e-19,2.347916226440137e-17,2.4262901997467368e-15,8.167326982561188e-10
3.9631466993589573e-07,0.45323707953178227,3.76,0.0,0.48939454479968236,0.9999834473841338,8.883629712908367e-06,4.16706991174436e-06,2.7800811237938174e-06,0.011559404508321073,0.011561230794475841,4.1302176595115995e-11,5.789679298850258e-05,2.307818780249067e-07,6.794902215389304e-07,1.495677921382003e-06,9.132475416728151e-06,1.4847204608558432e-08,8.898357158622377e-07,1.822809402358885e-05,8.083149241576055e-05,5.528512084655097e-07,8.887877041311984e-08,1.309085107852516e-07,3.785025097900493e-07,5.252384544535741e-07,1.9951370258637166e-10,2.964956157446848e-10,4.0464941262046357e-10,4.0288007593144335e-10,1.274618337900651e-15,3.733261520993704e-09,1.8481806860408567e-10,7.106903438933098e-11,4.6793484074639626e-14,2.4781355240791447e-14,1.6950740586712302e-05,3.0819519907258243e-07,1.3598226820900388e-05,7.71196039342437e-11,6.700846020166793e-16,3.3061796550717295e-13,5.580456886610127e-07,3.1430181119485865e-15,3.637455546337503e-13,3.3951322413329256e-10,4.0595063475440485e-17,1.216232343058442e-15,1.795518987666919e-19,2.5543885687053082e-17,2.641148063654079e-15,8.561840845092597e-10
4.035142029779192e-07,0.4532552772861857,3.76,0.0,0.4891828309379412,0.9999828613439208,9.368936117044965e-06,4.304673893114805e-06,2.8883877246379544e-06,0.01176683996064062,0.011768741407935842,4.2043808410725824e-11,6.080164192129128e-05,2.353045410576873e-07,6.969519409236739e-07,1.5663129954730693e-06,9.358242143273286e-06,1.545715080312516e-08,9.208457194826891e-07,1.8895465776928648e-05,8.466530838200657e-05,5.714604770702355e-07,9.386073001470158e-08,1.3742932702139256e-07,3.9734797486060237e-07,5.450345614816621e-07,2.1784356394911007e-10,3.27316371116054e-10,4.187789584465724e-10,4.3065531699426443e-10,1.4073430033785964e-15,3.9115777234449595e-09,2.020202401340997e-10,7.850575005114005e-11,5.1498597978117366e-14,2.7381961785946502e-14,1.7239455347389825e-05,3.191369128916351e-07,1.37790765502652e-05,8.219646267866191e-11,7.16449067709679e-16,3.496204815503711e-13,5.779258592433898e-07,3.4877417574447342e-15,3.976982299033974e-13,3.44552974342908e-10,4.444599261991199e-17,1.364266980849265e-15,1.974203460017751e-19,2.7762482861822816e-17,2.8721129062233934e-15,8.966666304687794e-10
4.107137360199427e-07,0.45327347863820444,3.76,0.0,0.48897107419673946,0.9999822600939801,9.872877787365651e-06,4.444023535681349e-06,2.9995641264212893e-06,0.011974183767899818,0.011976162357323662,4.2785115947759046e-11,6.381007486097187e-05,2.3982552656245144e-07,7.144981826884613e-07,1.6387479767150403e-06,9.587023241515518e-06,1.60826344258676e-08,9.526217355606254e-07,1.9579986895433796e-05,8.863057842301513e-05,5.905315282093433e-07,9.905466750665402e-08,1.4420532527712353e-07,4.16876069476424e-07,5.653533866156927e-07,2.375937756580627e-10,3.6084613771540756e-10,4.33257218861844e-10,4.599926544109847e-10,1.5517492316415237e-15,4.096105282784329e-09,2.2057358660717578e-10,8.659985261669574e-11,5.6606436877309153e-14,3.021300636774385e-14,1.7527512700868126e-05,3.3025698469508266e-07,1.3958062209580087e-05,8.753199888199855e-11,7.65435619568307e-16,3.694317673273593e-13,5.981335259429249e-07,3.865436183175222e-15,4.3431978120887405e-13,3.4956245250265054e-10,4.860761438774657e-17,1.5283345102513071e-15,2.1683557278530382e-19,3.014472366774943e-17,3.120211929223141e-15,9.381858299947915e-10
4.179132690619662e-07,0.45329168386297547,3.76,0.0,0.48875927132241814,0.9999816432906364,1.039593938978645e-05,4.585098606725026e-06,3.1136712032732234e-06,0.012181435877196441,0.012183493628251052,4.352609920844e-11,6.692466750266372e-05,2.4434483454609653e-07,7.321307326160208e-07,1.7129918486410354e-06,9.81887395610519e-06,1.6723894342740322e-08,9.851795630843772e-07,2.028201729449326e-05,9.273054483156127e-05,6.100738874164356e-07,1.0446737149361353e-07,1.5124541546330452e-07,4.3710728374940707e-07,5.862061772190395e-07,2.5885729870961225e-10,3.9728489045978453e-10,4.480913634708634e-10,4.909670515794765e-10,1.7087000477109841e-15,4.287013686900711e-09,2.4056764010783453e-10,9.540003344696164e-11,6.214623913422041e-14,3.329158648943272e-14,1.781491406784884e-05,3.415548118691513e-07,1.4135206498041205e-05,9.313611389279753e-11,8.17171132639184e-16,3.900772753909752e-13,6.186676728500687e-07,4.27884816056824e-15,4.737901626892007e-13,3.5454240163415665e-10,5.310121884507405e-17,1.7099911005892282e-15,2.3791690016768783e-19,3.2700917867486386e-17,3.386529246158117e-15,9.807473024747746e-10
4.251128021039897e-07,0.45330989324123416,3.76,0.0,0.48854741899530096,0.9999810105828716,1.0938615657928576e-05,4.7278791250725124e-06,3.230771191407383e-06,0.01238859623314434,0.012390735205040887,4.4266761599175725e-11,7.01480481572464e-05,2.4886246527395265e-07,7.498515411987881e-07,1.7890537920913727e-06,1.0053850683987631e-05,1.7381174580421354e-08,1.0185353421949632e-06,2.1001924823463278e-05,9.696851662366768e-05,6.300972868672559e-07,1.1010580782085036e-07,1.585588044514526e-07,4.580627626160144e-07,6.076044342061807e-07,2.817323242782274e-10,4.368450473237479e-10,4.632887163863706e-10,5.236569057598596e-10,1.8791121850216253e-15,4.484477511443052e-09,2.6209701520655925e-10,1.0495801240059721e-10,6.814905508781469e-14,3.663586395312657e-14,1.8101660865890767e-05,3.530297957581795e-07,1.4310531927384793e-05,9.901899575190664e-11,8.717883505870674e-16,4.1158312633374673e-13,6.395272870315507e-07,4.730924599638407e-15,5.163002100096162e-13,3.594935659339176e-10,5.794934874214736e-17,1.910930161104219e-15,2.6079234201527934e-19,3.5441941965476557e-17,3.672208731328451e-15,1.0243568036643747e-09
4.3231233514601317e-07,0.4533281070594347,3.76,0.0,0.4883355138282729,0.9999803616121536,1.1501411615290662e-05,4.872345358760986e-06,3.3509277189679777e-06,0.012595664777816094,0.012597887070701102,4.5007100518457984e-11,7.348289888812894e-05,2.533784192451029e-07,7.676627165403598e-07,1.866943202048097e-06,1.0292011007205546e-05,1.8054724452830315e-08,1.0527055613190096e-06,2.1740085434356298e-05,0.00010134787097210946,6.506116697356188e-07,1.1597712419139877e-07,1.6615500367284544e-07,4.797643229130417e-07,6.295599176526815e-07,3.0632253667268194e-10,4.79752137785742e-10,4.788567594503038e-10,5.581442119882441e-10,2.0639589689876882e-15,4.688676618030748e-09,2.8526166560837896e-10,1.1532869982814212e-10,7.464784516541568e-14,4.026512177689165e-14,1.8387754509626247e-05,3.646813417855892e-07,1.4484060826144633e-05,1.051911263386348e-10,9.294261681268365e-16,4.339761265099781e-13,6.607113585279784e-07,5.224825457453995e-15,5.620522601176722e-13,3.644166910178455e-10,6.317586471111438e-17,2.1329935556682754e-15,2.8559925822178523e-19,3.8379267709471915e-17,3.9784570034509e-15,1.0690202361209333e-09
4.3951186818803665e-07,0.45334632560987354,3.76,0.0,0.4881235523653307,0.999979696012262,1.2084842802187723e-05,5.018477822749456e-06,3.4742058364925527e-06,0.01280264145068428,0.012804949206898055,4.5747114797645836e-11,7.693195667139285e-05,2.5789269717442826e-07,7.85566518173854e-07,1.946669703811224e-06,1.0533413725687011e-05,1.8744798691587643e-08,1.087707064436453e-06,2.2496883353829052e-05,0.00010587205466952022,6.716271946334445e-07,1.2208865489695412e-07,1.740438369110947e-07,5.02234470896291e-07,6.520846525198514e-07,3.327373886847885e-10,5.262455037999032e-10,4.948031355151263e-10,5.945147348435931e-10,2.2642733407153345e-15,4.899796360772033e-09,3.101671529111253e-10,1.2657036640678326e-10,8.16775828306318e-14,4.419982386391595e-14,1.8673196410991304e-05,3.765088595811925e-07,1.465581534391544e-05,1.1166328870321894e-10,9.902299270755894e-16,4.572837860826434e-13,6.822188803518001e-07,5.76393739939539e-15,6.112608047497147e-13,3.693125241695926e-10,6.880601360451517e-17,2.378183684752598e-15,3.1248506196632014e-19,4.152499165981428e-17,4.30654654999283e-15,1.114743659287655e-09
4.4671140123006014e-07,0.4533645491908159,3.76,0.0,0.4879115310801021,0.9999790134091117,1.2689435507551995e-05,5.166257276676503e-06,3.6006720480019633e-06,0.013009526188561344,0.01301192159392935,4.6486808856763007e-11,8.049801457974243e-05,2.624052999801697e-07,8.035653517155128e-07,2.028243168607151e-06,1.077811889008579e-05,1.9451657580476163e-08,1.1235570584867172e-06,2.3272711258563717e-05,0.0001105445856216451,6.931542401373242e-07,1.2844792566550254e-07,1.8223544829319222e-07,5.254964202133778e-07,6.751909344977541e-07,3.61092389894111e-10,5.765790348001889e-10,5.111356517870549e-10,6.328581884331535e-10,2.4811510273466737e-15,5.118027801446975e-09,3.3692492802420125e-10,1.3874482117776943e-10,8.927536259424717e-14,4.8461677550669786e-14,1.895798797947015e-05,3.8851176311513525e-07,1.4825817455623696e-05,1.1844657459039736e-10,1.0543517265938822e-15,4.815343371860963e-13,7.040488484856506e-07,6.3518882539921484e-15,6.641531794451996e-13,3.741818145927479e-10,7.486650012036983e-17,2.6486764992176662e-15,3.4160798591406907e-19,4.489186596827264e-17,4.6578189986403965e-15,1.1615332992813689e-09
4.539109342720836e-07,0.4533827781066246,3.76,0.0,0.4876994463743359,0.9999783134205712,1.3315727005692354e-05,5.315664722664322e-06,3.730394342729909e-06,0.01321631892553806,0.013218804210696072,4.722618063939605e-11,8.418392299070926e-05,2.669162287760558e-07,8.216617642796401e-07,2.11167372871171e-06,1.1026187834735661e-05,2.0175567093973183e-08,1.1602731209170149e-06,2.4067970454134236e-05,0.00011536905437130157,7.152034094040355e-07,1.350626586285102e-07,1.9074031048409803e-07,5.495741103420584e-07,6.988913359701709e-07,3.9150940851704645e-10,6.310219383114487e-10,5.278622832328656e-10,6.732684249785644e-10,2.7157538658194593e-15,5.343567933727602e-09,3.656526258230538e-10,1.5191759816477316e-10,9.748051332481988e-14,5.3073699166661013e-14,1.9242130622354824e-05,4.006894708387864e-07,1.4994088965807498e-05,1.2555239215902375e-10,1.121950748418904e-15,5.067567528819021e-13,7.262002618811026e-07,6.992562304231182e-15,7.209702899149139e-13,3.7902531366704394e-10,8.138556186651685e-17,2.9468355151733502e-15,3.7313791272049844e-19,4.8493331070285417e-17,5.033688542611374e-15,1.2093955584323307e-09
4.611104673141071e-07,0.45340101266789046,3.76,0.0,0.48748729457636003,0.9999775956562802,1.3964265798111115e-05,5.4666814031690425e-06,3.863442227505454e-06,0.013423019592920478,0.013425597034674403,4.796522746531335e-11,8.799259081956769e-05,2.7142548486720945e-07,8.398584405880844e-07,2.1969717921632042e-06,1.1277683210775698e-05,2.091679903992751e-08,1.1978732073764313e-06,2.4883071057447475e-05,0.0001203491256536215,7.377855348774057e-07,1.419407774090556e-07,1.9956923309000797e-07,5.744922255056858e-07,7.231987121050859e-07,4.241169874146609e-10,6.898595478127734e-10,5.449911760519428e-10,7.158436324021744e-10,2.969313287115486e-15,5.576619916824023e-09,3.9647437363993503e-10,1.66158151968439e-10,1.0633471710647993e-13,5.80602827443367e-14,1.9525625745020805e-05,4.130414058329028e-07,1.5160651512907057e-05,1.3299247390279882e-10,1.1931935977645777e-15,5.329807666659356e-13,7.486721224578451e-07,7.690116460438915e-15,7.819673777020504e-13,3.838437752087143e-10,8.839304802383514e-17,3.2752269041713154e-15,4.0725727571025626e-19,5.234354971658906e-17,5.435645526824764e-15,1.2583370246204448e-09
4.683100003561306e-07,0.4534192531915674,3.76,0.0,0.48727507193950825,0.9999768597174605,1.4635611860479119e-05,5.61928879887729e-06,3.9998867598028385e-06,0.013629628119165436,0.01363230004188669,4.8703954582700143e-11,9.19269867774311e-05,2.759330697491906e-07,8.581581997139012e-07,2.2841480571343064e-06,1.1532669019499414e-05,2.167563120646213e-08,1.2363756595594249e-06,2.57184321828495e-05,0.00012548853998316302,7.609116830889214e-07,1.4909041233398306e-07,2.0873337127551448e-07,6.002762140775964e-07,7.481262070742447e-07,4.590506749008083e-10,7.533941695722369e-10,5.625306512151796e-10,7.606865413313098e-10,3.2431339683894343e-15,5.817393318962658e-09,4.2952111421803074e-10,1.8154006275003358e-10,1.1588213390265054e-13,6.34472720238555e-14,1.9808474751219346e-05,4.255669959634084e-07,1.5325526573567434e-05,1.4077888477734247e-10,1.2682546604893663e-15,5.602368920496729e-13,7.714634351033119e-07,8.448997362161028e-15,8.474148271724668e-13,3.886379557351521e-10,9.592050177524342e-17,3.636635738362188e-15,4.441620361614005e-19,5.645744224676934e-17,5.86526020225108e-15,1.3083644804486619e-09
4.755095333981541e-07,0.45343750000110816,3.76,0.0,0.4870627746405151,0.9999761051967273,1.5330336894872135e-05,5.773468626648936e-06,4.1398005814737405e-06,0.013836144429814477,0.013838913206871844,4.944236105566486e-11,9.599014065500824e-05,2.8043898510966696e-07,8.765639924046364e-07,2.3732135260259215e-06,1.1791210645976852e-05,2.245234751318937e-08,1.275799213202385e-06,2.6574482131987407e-05,0.000130791115273495,7.845931595544605e-07,1.5651990577357597e-07,2.1824423459994992e-07,6.269523084864672e-07,7.736872604053147e-07,4.964533710204084e-10,8.21945970249181e-10,5.804892080723598e-10,8.079046419572606e-10,3.5385976607125875e-15,6.0661043711204924e-09,4.649309437836993e-10,1.981412510355558e-10,1.2616953229614521e-13,6.926203590389809e-14,2.0090679043387426e-05,4.3826567404514595e-07,1.5488735466955242e-05,1.489240305389815e-10,1.3473164774226674e-15,5.885564428220569e-13,7.94573207672786e-07,9.273959458900274e-15,9.175990159726024e-13,3.934086147340262e-10,1.040012466750471e-16,4.034083476001523e-15,4.840627442388193e-19,6.085072403765437e-17,6.324186656091603e-15,1.3594849122910296e-09
4.827090664401776e-07,0.45345575342660505,3.76,0.0,0.4868503987778773,0.9999753316778928,1.6049024587373948e-05,5.929202837506058e-06,4.283257953177924e-06,0.014042568447426261,0.014045436502655145,5.018044242757714e-11,0.0001001851446325118,2.8494323283232584e-07,8.950788989359585e-07,2.464179519340865e-06,1.2053374892995336e-05,2.3247238166831073e-08,1.3161630062368885e-06,2.7451658587514692e-05,0.00013626074848986958,8.088415137695443e-07,1.6423781761022487e-07,2.2811369607829293e-07,6.545475456349185e-07,7.998956134701852e-07,5.364756899973032e-10,8.958539071405703e-10,5.988755280296642e-10,8.576104112056309e-10,3.857167200503152e-15,6.322976231457915e-09,5.028494659204067e-10,2.160442027909165e-10,1.3724642658834622e-13,7.553354749643243e-14,2.037224002297631e-05,4.5113687801397515e-07,1.565029935909098e-05,1.5744066630078506e-10,1.4305701367006493e-15,6.179715540702332e-13,8.180004509900069e-07,1.0170084122131393e-14,9.928232112006566e-13,3.9815651493702326e-10,1.1267047714126267e-16,4.47084677884833e-15,5.271856912929319e-19,6.553994465016691e-17,6.8141669257761324e-15,1.4117055192499322e-09
4.899085994822012e-07,0.453474013804931,3.76,0.0,0.486637940370182,0.999974538735768,1.6792270871153897e-05,6.086473614668104e-06,4.430334789528797e-06,0.014248900091507305,0.014251869900717395,5.091820438479214e-11,0.00010451515461622085,2.8944581500273094e-07,9.137061274511968e-07,2.5570576893904693e-06,1.2319230015361669e-05,2.40605998213424e-08,1.3574865871033254e-06,2.835040881072945e-05,0.00014190141733561346,8.336685443055062e-07,1.7225293083911394e-07,2.3835400147210508e-07,6.830897878438832e-07,8.267653161129463e-07,5.792763395819397e-10,9.754767030318558e-10,6.176984782989464e-10,9.099215506954926e-10,4.200390713069102e-15,6.588239260912092e-09,5.434301619580345e-10,2.353362052388793e-10,1.4916522055296404e-13,8.229246695038103e-14,2.0653159090799467e-05,4.6418005110760335e-07,1.5810239267198664e-05,1.6634190531154145e-10,1.5182156847685585e-15,6.485152033298526e-13,8.417441788483068e-07,1.1142799843698146e-14,1.0734085136489477e-12,4.0288242259838915e-10,1.2196535326193823e-16,4.950477759596543e-15,5.737741619768339e-19,7.054252826446077e-17,7.337035305125427e-15,1.465033722054388e-09
4.971081325242247e-07,0.45349228147988585,3.76,0.0,0.4864253953544013,0.9999737259359608,1.7560684195129024e-05,6.245263371633289e-06,4.581108694970946e-06,0.014455139278441156,0.014458213370963433,5.165564778530071e-11,0.0001089833916022106,2.939467339158898e-07,9.324490127467487e-07,2.6518600338829634e-06,1.2588845754605592e-05,2.4892735742643417e-08,1.3997899232285395e-06,2.927118984323654e-05,0.00014771718197288143,8.590863040089819e-07,1.805742573051444e-07,2.4897777881605794e-07,7.126077443355273e-07,8.543107334211141e-07,6.250225180613027e-10,1.0611938677003535e-09,6.369671157204041e-10,9.649612359864918e-10,4.5699060170756035e-15,6.862131310433096e-09,5.868347786226495e-10,2.561095939094158e-10,1.6198135815324296e-13,8.957122821645685e-14,2.0933437647401024e-05,4.773946420555622e-07,1.5968576064074708e-05,1.756412279635395e-10,1.6104625570054068e-15,6.802212322618676e-13,8.65803408012305e-07,1.2197903578517809e-14,1.159694852593149e-12,4.0758710777844996e-10,1.319251001152463e-16,5.4768257645437515e-15,6.240897954432095e-19,7.587681652434701e-17,7.894722851395768e-15,1.5194771719289037e-09
5.043076655662482e-07,0.45351055680234403,3.76,0.0,0.4862127595841511,0.9999728928346686,1.83548857983237e-05,6.405554750306262e-06,4.73565900040708e-06,0.014661285921415837,0.014664466881689936,5.239276628253673e-11,0.00011359314306777377,2.98445992085348e-07,9.513110154673233e-07,2.7485989094386563e-06,1.2862293374122159e-05,2.5743955978068264e-08,1.4430934096711695e-06,3.0214468712722117e-05,0.00015371218677842958,8.851071053071458e-07,1.8921104357775737e-07,2.599980481857118e-07,7.431309932677819e-07,8.825465526436971e-07,6.738903297270929e-10,1.1534067682105154e-09,6.566906906602893e-10,1.0228583776357552e-09,4.967445239141313e-15,7.144898020366029e-09,6.33233733724577e-10,2.7846201143699434e-10,1.7575348154543525e-13,9.74041299330859e-14,2.1213077093445714e-05,4.907801052787504e-07,1.6125330482477615e-05,1.8535249103518928e-10,1.7075300290292561e-15,7.131243692361782e-13,8.90177158220192e-07,1.3341583292478833e-14,1.2520420337275353e-12,4.1227134463230375e-10,1.4259111181231693e-16,6.054060804265767e-15,6.784140657682367e-19,8.156211353335876e-17,8.489262102309741e-15,1.5750437594602464e-09
5.115071986082718e-07,0.45352884013040556,3.76,0.0,0.48600002882791543,0.9999720389784686,1.9175509990042257e-05,6.5673306191721095e-06,4.894066800592267e-06,0.014867339930349608,0.01487063039955264,5.312956537317359e-11,0.00011834776439106792,3.029435922536669e-07,9.702957216785995e-07,2.8472870450735133e-06,1.3139645694788235e-05,2.6614577530647495e-08,1.4874178779384167e-06,3.118072264293118e-05,0.00015989066213508042,9.117435256211409e-07,1.981727769664536e-07,2.71428231712312e-07,7.746900043338365e-07,9.114877902597457e-07,7.260652196331262e-10,1.2525397502358518e-09,6.768786509853145e-10,1.083747894610158e-09,5.3948396481684e-15,7.43679313250443e-09,6.828065406967638e-10,3.024966786411411e-10,1.9054359670594064e-13,1.0582743062132418e-13,2.1492078830131415e-05,5.04335901098992e-07,1.628052311954051e-05,1.954899371746978e-10,1.809647689439548e-15,7.472602521914816e-13,9.148644521866363e-07,1.4580441779525332e-14,1.350830842974774e-12,4.1693591170387687e-10,1.5400706048141575e-16,6.68669875316493e-15,7.370498927208445e-19,8.761873222526725e-17,9.122792012582046e-15,1.631741623487609e-09
5.187067316502953e-07,0.45354713182955175,3.76,0.0,0.48578719876723386,0.999971163904102,2.0023204435972672e-05,6.7305740715167655e-06,5.056414992313696e-06,0.01507330121181495,0.015076703889532738,5.386604842497284e-11,0.0001232506802995354,3.0743953740418545e-07,9.894068427881517e-07,2.9479375556896523e-06,1.3420977131086495e-05,2.7504924538344438e-08,1.532784604977952e-06,3.217043926794102e-05,0.00016625692625956478,9.390084128901675e-07,2.0746919168195162e-07,2.832821638504693e-07,8.073161619402176e-07,9.411497992010582e-07,7.817424285094983e-10,1.3590413127417614e-09,6.975406461154237e-10,1.1477710006243036e-09,5.8540247194430606e-15,7.738078815363123e-09,7.357422528310915e-10,3.2832267845041785e-10,2.0641724703472974e-13,1.1487944838499677e-13,2.1770444259625452e-05,5.180614959590736e-07,1.643417444120827e-05,2.0606820463120042e-10,1.9170559349913067e-15,7.826654518705595e-13,9.398643156063418e-07,1.592152181518475e-14,1.4564642090344762e-12,4.215815922255485e-10,1.662190104221441e-16,7.379628447432237e-15,8.00323395060257e-19,9.406804333315143e-17,9.797563119871665e-15,1.689579160039935e-09
5.259062646923189e-07,0.4535654322728007,3.76,0.0,0.48557426499485307,0.9999702671382539,2.0898630450342192e-05,6.895268423693919e-06,5.222788313374591e-06,0.015279169668960816,0.015282687314902697,5.4602207326267924e-11,0.00012830538634765162,3.119338307739902e-07,1.0086482157884793e-06,3.050563955608504e-06,1.3706363727768574e-05,2.8415328458372537e-08,1.579215322348721e-06,3.3184116850821865e-05,0.00017281538706743926,9.669148912087196e-07,2.1711027514501168e-07,2.955741019047054e-07,8.410417889773959e-07,9.715482762327796e-07,8.411274687391541e-10,1.4733853384673933e-09,7.186865311565932e-10,1.215075504000459e-09,6.347045438994232e-15,8.049026003242584e-09,7.922399280974641e-10,3.5605525325480175e-10,2.2344369530356817e-13,1.2460066532096988e-13,2.204817478552574e-05,5.31956362653747e-07,1.6586304786701272e-05,2.1710233723994176e-10,2.0300064894855407e-15,8.193774960250849e-13,9.651757771582984e-07,1.737233271721999e-14,1.569368427676895e-12,4.262091744235582e-10,1.7927553766887108e-16,8.13814082024835e-15,8.685857997117368e-19,1.0093252705603919e-16,1.051594295053271e-14,1.7485650313426904e-09
5.331057977343424e-07,0.4535837418408697,3.76,0.0,0.48536122301283996,0.9999693481973311,2.1802463294248582e-05,7.061397213438537e-06,5.393273382401238e-06,0.01548494520143295,0.015488580637191267,5.53380465057901e-11,0.00013351545042456991,3.1642647586804864e-07,1.0280238037986729e-06,3.1551801721799707e-06,1.3995883197087275e-05,2.9346128256725603e-08,1.6267322255744632e-06,3.4222264506776886e-05,0.00017957054407579285,9.954763665795004e-07,2.271062744453145e-07,3.083187368209627e-07,8.759001711971705e-07,1.0026992694956802e-06,9.044366223422196e-10,1.5960723827530191e-09,7.403263711153492e-10,1.2858161216737513e-09,6.87606185915624e-15,8.369914749681779e-09,8.525091154692576e-10,3.8581611629736825e-10,2.416961143341554e-13,1.350338368535317e-13,2.232527181334818e-05,5.460199805722055e-07,1.673693437300761e-05,2.2860779466829677e-10,2.1487629472947787e-15,8.574348941081866e-13,9.907978685107556e-07,1.8940878387682116e-14,1.689994450937219e-12,4.308194518294102e-10,1.9322785521364464e-16,8.96796022298935e-15,9.422155214495254e-19,1.0823582625994578e-16,1.1280421675996163e-14,1.8087081749150069e-09
5.403053307763659e-07,0.4536020609223381,3.76,0.0,0.48514806823065654,0.9999684065872321,2.2735392480293394e-05,7.2289441982271175e-06,5.567958739492417e-06,0.015690627705292434,0.015694383816147798,5.607357251271656e-11,0.00013888451429224172,3.209174764744747e-07,1.0475376968837102e-06,3.2618005594986443e-06,1.42896149566266e-05,3.0297670603059154e-08,1.675357983683762e-06,3.528540243085812e-05,0.00018652699034446996,1.0247065327845684e-06,2.3746770295601395e-07,3.2153120424928547e-07,9.119255822113879e-07,1.0346191862139677e-06,9.718974619549495e-10,1.7276310233724844e-09,7.624704451967072e-10,1.3601548079942194e-09,7.443354916765616e-15,8.701034595922455e-09,9.167703637191824e-10,4.177337777432149e-10,2.612517868086305e-13,1.4622410621631327e-13,2.26017367510415e-05,5.602518359525665e-07,1.6886083299405833e-05,2.406004629296316e-10,2.2736013425359277e-15,8.968771622385447e-13,1.0167296243269617e-06,2.0635686914413686e-14,1.8188192445220958e-12,4.354132235975045e-10,2.0812994415039037e-16,9.875278091845407e-15,1.0216204291179854e-18,1.1600280240687467e-16,1.2093618031095048e-14,1.870017812776972e-09
5.475048638183895e-07,0.4536203899138149,3.76,0.0,0.4849347959631966,0.999967441803114,2.3698122083646587e-05,7.3978933536848395e-06,5.746934887730856e-06,0.015896217072932282,0.0159000968097058,5.680877592462891e-11,0.0001444162951546008,3.2540683668091217e-07,1.0671941131325878e-06,3.3704399122562676e-06,1.458764016775688e-05,3.127031007106638e-08,1.7251157489404899e-06,3.637406213035304e-05,0.0001936894144565502,1.0546193773772938e-06,2.4820534710659013e-07,3.3522709588400664e-07,9.491533091268937e-07,1.0673248005725472e-06,1.043749395833396e-09,1.868619274148273e-09,7.851292511872533e-10,1.4382610990068554e-09,8.051332525934949e-15,9.042684955034886e-09,9.852557536918043e-10,4.5194388609177266e-10,2.8219231463299497e-13,1.5821912431503653e-13,2.2877571009530957e-05,5.746514221489112e-07,1.7033771552020286e-05,2.530966651722132e-10,2.4048107454000053e-15,9.37744849106585e-13,1.042970082271708e-06,2.2465841814013838e-14,1.956347216903709e-12,4.3999129482922683e-10,2.2403869101431225e-16,1.0866789130653728e-14,1.1072403159585486e-18,1.2425959480818595e-16,1.2958285506146666e-14,1.9325034607857883e-09
5.54704396860413e-07,0.4536387292201097,3.76,0.0,0.4847214014287821,0.9999664533291538,2.469137105967485e-05,7.568228872039772e-06,5.930294335576689e-06,0.016101713192992067,0.01610571957394573,5.754365899324206e-11,0.00015011458725841363,3.2989456089203456e-07,1.0869973999785214e-06,3.4811134797578326e-06,1.4890041774741357e-05,3.226440934449822e-08,1.7760291667685894e-06,3.748878666193698e-05,0.00020106260253884088,1.0852291877977732e-06,2.5933027331583245e-07,3.4942247108790167e-07,9.876196788319476e-07,1.1008332617677263e-06,1.1202442379569825e-09,2.0196260652498546e-09,8.083135099250966e-10,1.5203124729216517e-09,8.702535957872102e-15,9.39517551238329e-09,1.0582094551029325e-09,4.885895856280794e-10,3.046038382929104e-13,1.7106917521466296e-13,2.315277600329227e-05,5.892182399114666e-07,1.71800190084111e-05,2.6611317275060077e-10,2.542693886801194e-15,9.800795626044228e-13,1.0695182830187129e-06,2.444101500243369e-14,2.1031117237482565e-12,4.4455447690374104e-10,2.410140316030792e-16,1.1949730192943521e-14,1.1995495932941419e-18,1.330336816868702e-16,1.3877318825129178e-14,1.996174938118626e-09
5.619039299024366e-07,0.45365707925440635,3.76,0.0,0.4845078797471185,0.9999654406383063,2.5715873568268626e-05,7.739935160624289e-06,6.118131640163219e-06,0.016307115950270522,0.01631125206305701,5.827823195721709e-11,0.00015598326352640678,3.343806538481738e-07,1.1069520357462516e-06,3.593836980127202e-06,1.5196904544519538e-05,3.3280339428982625e-08,1.8281223858751423e-06,3.863013087369161e-05,0.00020865144032315158,1.1165505576143563e-06,2.708538350911171e-07,3.6413386880689134e-07,1.0273620849496728e-06,1.1351621022354242e-06,1.2016468043542313e-09,2.1812727932044014e-09,8.320341698584499e-10,1.6064947275179425e-09,9.399646520759774e-15,9.75882664313871e-09,1.135888308961977e-09,5.27821890639286e-10,3.285772666610597e-13,1.8482730750524897e-13,2.342735315095739e-05,6.039517976805321e-07,1.7324845442200937e-05,2.796672165871782e-10,2.6875678123680066e-15,1.0239239967041435e-12,1.096373270258904e-06,2.657150158373451e-14,2.259676651505408e-12,4.4910358781573477e-10,2.5911910157965454e-16,1.3131922059246666e-14,1.2990602286683478e-18,1.423539440303744e-16,1.485376072283594e-14,2.0610423769192154e-09
5.691034629444601e-07,0.45367544043844094,3.76,0.0,0.48429422593721,0.9999644031920546,2.6772379305006177e-05,7.912996840423975e-06,6.310543451515664e-06,0.016512425225636198,0.01651669422929928,5.901248495061381e-11,0.00016202627722329468,3.3886512064509653e-07,1.1270626314131728e-06,3.7086266147267883e-06,1.5508315107191707e-05,3.431847986980455e-08,1.8814200685757108e-06,3.979866165208935e-05,0.00021646091524913437,1.148598392893991e-06,2.827876802975002e-07,3.7937831978200765e-07,1.0684190154744605e-06,1.1703292460610383e-06,1.288235536822009e-09,2.3542149437829897e-09,8.563024116946126e-10,1.697002375261029e-09,1.0145492553290014e-14,1.0133969847577634e-08,1.218562436761276e-09,5.698000771546943e-10,3.542085177358759e-13,1.9954947181200325e-13,2.370130387595354e-05,6.188516118947841e-07,1.746827052774078e-05,2.937764988317235e-10,2.8397645674855483e-15,1.0693219591776824e-12,1.1235340907096297e-06,2.8868256552121955e-14,2.4266380841736716e-12,4.5363945252037877e-10,2.784203941705325e-16,1.4421814319703008e-14,1.4063249515591251e-18,1.5225073345116711e-16,1.5890809034460725e-14,2.1271162321245463e-09
5.763029959864836e-07,0.45369381320268265,3.76,0.0,0.4840804349152318,0.999963340440157,2.7861653839295765e-05,8.087398744674153e-06,6.507628557713892e-06,0.016717640895935894,0.016722046022962747,5.974641677169388e-11,0.00016824766365534314,3.433479667549589e-07,1.147333932572484e-06,3.825499082814619e-06,1.5824361997228396e-05,3.5379218975813857e-08,1.9359474013260567e-06,4.0994958174041765e-05,0.00022449611860948828,1.1813879187041483e-06,2.9514375859779976e-07,3.9517335906547694e-07,1.1108300811076274e-06,1.2063530175751935e-06,1.3803031552607716e-09,2.539143791065219e-09,8.811296531411526e-10,1.7920390569443254e-09,1.0943056746048893e-14,1.0520948204936791e-08,1.3065158776262226e-09,6.146920930010257e-10,3.815987708129594e-13,2.1529466472671228e-13,2.3974629607177332e-05,6.33917207314621e-07,1.7610313844816904e-05,3.084592048271581e-10,2.999631914887584e-15,1.116318400255747e-12,1.1509997941248547e-06,3.134293350717629e-14,2.6046260574538284e-12,4.581629032857654e-10,2.9898792528771575e-16,1.5828533586948763e-14,1.5219407520031427e-18,1.6275594228999462e-16,1.6991824111662076e-14,2.1944072914874538e-09
5.835025290285072e-07,0.45371219798651924,3.76,0.0,0.4838665014923594,0.9999622518203876,2.8984478959640404e-05,8.263125917504342e-06,6.709487931020579e-06,0.016922762833901053,0.01692730739232784,6.048004154435429e-11,0.00017465154190411374,3.478291980484727e-07,1.167770821587941e-06,3.944471596461099e-06,1.6145135695427817e-05,3.6462954049634575e-08,1.991730105464338e-06,4.221961216411719e-05,0.00023276224773834058,1.2149346857491335e-06,3.079343290701387e-07,4.115370388479036e-07,1.1546360443089748e-06,1.2432521501397025e-06,1.4781573399016887e-09,2.7367881761310254e-09,9.065275537410984e-10,1.8918179747070573e-09,1.179548380556745e-14,1.09201168466279e-08,1.4000472546720862e-09,6.626749869994743e-10,4.108547306129741e-13,2.3212507944987735e-13,2.4247331779705458e-05,6.491481173612407e-07,1.7750994883401425e-05,3.2373401538987103e-10,3.167534085852033e-15,1.1649594416077674e-12,1.178769433306388e-06,3.400792548724414e-14,2.794306404709368e-12,4.6267478005310847e-10,3.2089540641802494e-16,1.7361935280288142e-14,1.6465526998953299e-18,1.7390307651101794e-16,1.8160336579776457e-14,2.2629266858104047e-09
5.907020620705307e-07,0.453730595238445,3.76,0.0,0.48365242037255435,0.9999611367582723,3.0141653026172418e-05,8.440163612630922e-06,6.916224774996537e-06,0.017127790908051936,0.017132478283623905,6.121335029882714e-11,0.0001812421165950478,3.523088208183272e-07,1.1883783199310124e-06,4.065561895746869e-06,1.6470728671643654e-05,3.7570091624355646e-08,2.0487944481679365e-06,4.3473228157032494e-05,0.00024126460824363258,1.2492545771436105e-06,3.2117196800770276e-07,4.2848794160367725e-07,1.1998788490812762e-06,1.2810457951281382e-06,1.5821214447572482e-09,2.9479163689806542e-09,9.3250801980399e-10,1.996562345316014e-09,1.2706088476508924e-14,1.1331843449650858e-08,1.499470471867733e-09,7.139353581674357e-10,4.4208890391327426e-13,2.501062634456044e-13,2.451941183554392e-05,6.645438844721674e-07,1.7890333048448622e-05,3.3962011941327705e-10,3.3438525668557026e-15,1.2152924060246078e-12,1.2068420641161974e-06,3.687640803125385e-14,2.9963826993693093e-12,4.671759308049877e-10,3.442204256393272e-16,1.903265923928675e-14,1.7808581153891856e-18,1.857273333072784e-16,1.9400055451497156e-14,2.3326858994053763e-09
5.979015951125543e-07,0.4537490054162539,3.76,0.0,0.48343818615030637,0.999959994666819,3.133399133060862e-05,8.61849729209819e-06,7.127944572625437e-06,0.017332724982599548,0.017337558640987145,6.194633705389104e-11,0.00018802367970155768,3.5678684180391265e-07,1.2091615906923751e-06,4.188788264262371e-06,1.6801235428305286e-05,3.8701047706889416e-08,2.1071672536291676e-06,4.475642376552137e-05,0.00025000861628435246,1.284363815326256e-06,3.3486957690122064e-07,4.460451935618753e-07,1.2466016515051332e-06,1.3197535311055263e-06,1.6925352436849425e-09,3.1733380174424973e-09,9.590832094346506e-10,2.1065058746400572e-09,1.3678363938146097e-14,1.1756508751080225e-08,1.6051154427629726e-09,7.6866982582572e-10,4.754198892550083e-13,2.6930728342452675e-13,2.4790871224417667e-05,6.801040604739903e-07,1.8028347664739697e-05,3.561372268035403e-10,3.5289869236165955e-15,1.2673658481957273e-12,1.2352167454898615e-06,3.9962384584772745e-14,3.2115982986356468e-12,4.716672119419395e-10,3.6904463714003033e-16,2.0852189443268245e-14,1.9256111237387833e-18,1.9826568158602729e-16,2.0714876613013043e-14,2.403696780794419e-09
6.051011281545778e-07,0.4537674289872355,3.76,0.0,0.48322379330832727,0.9999588249462409,3.256232646377972e-05,8.798112625068273e-06,7.344755135470478e-06,0.017537564917345275,0.017542548406417585,6.267901953298109e-11,0.00019500061238530896,3.6126326821739994e-07,1.230125941260703e-06,4.314169544929134e-06,1.7136752544751944e-05,3.9856248028190894e-08,2.16687591445418e-06,4.606982995368866e-05,0.00025899980089347187,1.3202789691164991e-06,3.4904039061059793e-07,4.642284785100743e-07,1.2948488510419988e-06,1.3593953732117785e-06,1.8097557105141487e-09,3.4139061869940873e-09,9.862655376615626e-10,2.22189325428807e-09,1.4715990591989403e-14,1.2194507084537636e-08,1.7173288524952438e-09,8.270855215516061e-10,5.109726803230226e-13,2.898008979838552e-13,2.506171140460251e-05,6.958282069730914e-07,1.8165057981778087e-05,3.733055817566781e-10,3.72335566366808e-15,1.3212295859694046e-12,1.2638925394512217e-06,4.3280734371958374e-14,3.440738493595139e-12,4.761494886677002e-10,3.954539596357549e-16,2.2832918132828248e-14,2.0816276311174607e-18,2.115569452089857e-16,2.2108891699306986e-14,2.47597155366521e-09
6.123006611966013e-07,0.4537858664283753,3.76,0.0,0.4830092362152021,0.999957626983676,3.382750869089137e-05,8.978995486660062e-06,7.56676665388608e-06,0.01774231056757823,0.017747447519735227,6.341139149074218e-11,0.00020217738687338424,3.65738107771232e-07,1.251276826162626e-06,4.441725156162122e-06,1.7477378722401837e-05,4.103612830053793e-08,2.2279484032893602e-06,4.7414091315962364e-05,0.00026824380634745895,1.3570169609173288e-06,3.636979857320297e-07,4.830580519386241e-07,1.3446661226235822e-06,1.3999917827535487e-06,1.934157834749562e-09,3.670519495594286e-09,1.0140676816667729e-09,2.342980681424907e-09,1.5822845258165552e-14,1.2646246939602195e-08,1.8364749545529676e-09,8.894006039593216e-10,5.488789836225867e-13,3.116637382480526e-13,2.533193384380139e-05,7.117158957651976e-07,1.8300483178738235e-05,3.9114597638655483e-10,3.9273971393915275e-15,1.3769347321827164e-12,1.292868511128285e-06,4.6847262861177695e-14,3.684632771084035e-12,4.806236353834195e-10,4.2353878409551457e-16,2.4988214650490792e-14,2.249790761447476e-18,2.2564189161548114e-16,2.3586397376050377e-14,2.549522828095759e-09
6.195001942386249e-07,0.45380431822655926,3.76,0.0,0.48279450912299027,0.9999564001528981,3.513040633467693e-05,9.161131956837688e-06,7.79409174830802e-06,0.017946961783970195,0.01795225591853525,6.414344097000166e-11,0.000209558568373035,3.7021136870709296e-07,1.2726198500585822e-06,4.571475108392141e-06,1.7823214830777325e-05,4.22411344820792e-08,2.2904132846796796e-06,4.87898663617499e-05,0.000277746394583256,1.3945950740672435e-06,3.788562891605588e-07,5.025547555331044e-07,1.396100449546288e-06,1.4415636770093503e-06,2.066135474430296e-09,3.944124347804898e-09,1.0425025861192665e-09,2.4700364028257854e-09,1.700301079892196e-14,1.3112151545152036e-08,1.962936403836951e-09,9.558447973325635e-10,5.892775511048414e-13,3.3497649686864494e-13,2.560154002006725e-05,7.277667092646034e-07,1.8434642369470096e-05,4.096797647135755e-10,4.141570493943571e-15,1.4345337276574248e-12,1.3221437287704548e-06,5.0678754958492135e-14,3.944157192914832e-12,4.850905360911794e-10,4.533941912090402e-16,2.733249934012033e-14,2.4310567981082e-18,2.4056332420330176e-16,2.5151905046299146e-14,2.6243636120622485e-09
6.266997272806484e-07,0.45382278487878197,3.76,0.0,0.4825796061647798,0.9999551438140246,3.64719061666062e-05,9.344508319348743e-06,8.026845521645936e-06,0.018151518412468048,0.018156973538142315,6.487518835324102e-11,0.0002171488170247385,3.746830598264187e-07,1.294160770890067e-06,4.703440020966873e-06,1.8174363954406444e-05,4.3471723048864174e-08,2.3542997271635e-06,5.0197827805912916e-05,0.00028751344766362295,1.4330309603444787e-06,3.9452958685401055e-07,5.227400320228263e-07,1.4492001571897202e-06,1.4841324392528494e-06,2.206102247792359e-09,4.235717272667864e-09,1.071583468613775e-09,2.6033412842774284e-09,1.8260786188436832e-14,1.3592659477673118e-08,2.0971151276280694e-09,1.0266599551785246e-09,6.323145284219761e-13,3.598241257573483e-13,2.5870531422774612e-05,7.439802409539752e-07,1.856755460756223e-05,4.2892887702420974e-10,4.3663566514230814e-15,1.4940803749037436e-12,1.351717263767136e-06,5.479303106994887e-14,4.220236898346953e-12,4.895510848071553e-10,4.851201790471276e-16,2.988132286876802e-14,2.6264616785893188e-18,2.5636617743400455e-16,2.6810151000999486e-14,2.700507323243983e-09
6.33899260322672e-07,0.4538412668923599,3.76,0.0,0.4823645213521926,0.9999538573132156,3.7852913806317124e-05,9.529111060712786e-06,8.26514561280262e-06,0.018355980294183814,0.01836160031156389,6.560663238674681e-11,0.00022495288989428939,3.7915319052252227e-07,1.3159055031744578e-06,4.837641139448796e-06,1.85309314406214e-05,4.4728361274577e-08,2.4196375156083364e-06,5.163866286517926e-05,0.00029755097029176674,1.4723426476266573e-06,4.1073253280648394e-07,5.436359403933945e-07,1.504014947578741e-06,1.527719928999372e-06,2.354492465453915e-09,4.546347370000243e-09,1.1013238252170241e-09,2.743189406484346e-09,1.9600697048952325e-14,1.4088225295615927e-08,2.239433236139277e-09,1.1021006498196773e-09,6.781438195235258e-13,3.862960429430184e-13,2.6138909553642286e-05,7.603560958556632e-07,1.8699238891466144e-05,4.4891583461180217e-10,4.602259353186214e-15,1.5556298723099814e-12,1.3815881906678012e-06,5.92090061806954e-14,4.513848735969053e-12,4.940061859847803e-10,5.188219013881212e-16,3.2651451360386576e-14,2.837128094755179e-18,2.7309761790597457e-16,2.856610703314851e-14,2.7779678011393563e-09
6.410987933646955e-07,0.45385976478514717,3.76,0.0,0.48214924857283914,0.999952539982368,3.927435412944137e-05,9.714926869260493e-06,8.509112251344934e-06,0.018560347265282114,0.018566136169442644,6.633775431209807e-11,0.00023297564300466772,3.836217708144099e-07,1.3378601214442567e-06,4.974100353328078e-06,1.8893024948273977e-05,4.601152751820361e-08,2.486457063792218e-06,5.31130735606039e-05,0.00030786509237618997,1.5125485477091135e-06,4.274801582311419e-07,5.652651714715164e-07,1.5605959348090044e-06,1.5723484924807834e-06,2.5117621049173545e-09,4.8771188699736385e-09,1.1317374361234359e-09,2.8898886886909544e-09,2.1027506674125615e-14,1.4599320200927456e-08,2.390333974402652e-09,1.182434789188357e-09,7.269274683369005e-13,4.144863489599623e-13,2.6406675927809696e-05,7.768938910255118e-07,1.8829714169684666e-05,4.696637649094633e-10,4.8498062432973065e-15,1.6192388494821724e-12,1.411755587203577e-06,6.394675210636049e-14,4.8260240314596836e-12,4.984567549482768e-10,5.546099172059204e-16,3.566095775841028e-14,3.064273256424108e-18,2.9080715032665927e-16,3.0424991536328855e-14,2.856759319506797e-09
6.48298326406719e-07,0.45387827908575845,3.76,0.0,0.4819337815877223,0.9999511911388023,4.073717168399826e-05,9.901942634223899e-06,8.758868313351781e-06,0.018764619156864924,0.01877058104000784,6.706857542216406e-11,0.0002412220334084377,3.8808881138236704e-07,1.3600308638281663e-06,5.112840214168348e-06,1.926075449738804e-05,4.7321711519869564e-08,2.554789427235385e-06,5.4621777026197506e-05,0.0003184620716467084,1.5536674642852167e-06,4.4478788095715087e-07,5.876510638903965e-07,1.6189956813563478e-06,1.6180409733540135e-06,2.6783898292598555e-09,5.229193811057974e-09,1.1628383714223551e-09,3.0437615412848746e-09,2.2546227561407766e-14,1.512643272893431e-08,2.55028271731782e-09,1.2679442620400625e-09,7.788360583083763e-13,4.4449405319290123e-13,2.667383207496927e-05,7.935932560701797e-07,1.895899934602726e-05,4.911964170261923e-10,5.1095500048276934e-15,1.6849654035390377e-12,1.4422185343104304e-06,6.902756307993683e-14,5.157851498006219e-12,5.029037183369377e-10,5.926004518382527e-16,3.892931986369325e-14,3.3092173814840036e-18,3.0954672625465864e-16,3.239228110924906e-14,2.9368965991447538e-09
6.554978594487426e-07,0.453896810333793,3.76,0.0,0.48171811402858983,0.9999498100849424,4.224233111553489e-05,1.0090145444878224e-05,9.014539378464912e-06,0.018968795794853825,0.018974934849025737,6.779910202354994e-11,0.00024969712130144464,3.925543236053998e-07,1.382424135771943e-06,5.253883954203152e-06,1.9634232519768944e-05,4.865941470509411e-08,2.624666316287037e-06,5.6165505823848846e-05,0.00032934829632260353,1.5957186010920293e-06,4.6267151505100477e-07,6.108176204442186e-07,1.679268235290842e-06,1.664820723648631e-06,2.854878051965438e-09,5.603794841631934e-09,1.1946409969788775e-09,3.205145548703832e-09,2.4162133476210157e-14,1.5670069467803442e-08,2.7197680097672786e-09,1.3589256128544457e-09,8.3404913061535e-13,4.764233106223946e-13,2.6940379540557727e-05,8.104538336890489e-07,1.9087113284935186e-05,5.135381776977489e-10,5.382069548809264e-15,1.7528691358904167e-12,1.472976116154036e-06,7.447402484558118e-14,5.5104802964898735e-12,5.073480145605551e-10,6.329156703784771e-16,4.2477525525863095e-14,3.573392981808468e-18,3.293708592471162e-16,3.447372268887258e-14,3.018394821024863e-09
6.626973924907661e-07,0.45391535908006625,3.76,0.0,0.4815022393952338,0.9999483961079914,4.3790817601194286e-05,1.0279522589735785e-05,9.276253788169153e-06,0.019172876999869463,0.019179197519748982,6.852930839871159e-11,0.00025840607217858974,3.9701831960062157e-07,1.4050465138974697e-06,5.39725550540095e-06,2.0013573910589716e-05,5.002515049771491e-08,2.696120109471952e-06,5.7745008264658946e-05,0.00034053028783389053,1.6387215702247367e-06,4.811472806622557e-07,6.347895248403841e-07,1.7414691684168193e-06,1.712711614958993e-06,3.041754049936105e-09,6.002208150794307e-09,1.2271599804303993e-09,3.374394184028323e-09,2.5880772071611486e-14,1.6230755808859852e-08,2.899302653786442e-09,1.4556907477482874e-09,8.927556218967482e-13,5.103836694338332e-13,2.7206319887008958e-05,8.274752802418315e-07,1.9214074816879593e-05,5.367140876641654e-10,5.667971259371167e-15,1.8230111900802863e-12,1.5040274201563981e-06,8.031008743933112e-14,5.88512325288784e-12,5.117905942664055e-10,6.756839638599055e-16,4.632818549992632e-14,3.858355020855413e-18,3.5033674631159345e-16,3.667534623571136e-14,3.101269639792667e-09
6.698969255327897e-07,0.4539339258868443,3.76,0.0,0.4812861510527349,0.9999469484795958,4.5383637292897025e-05,1.0470061555792472e-05,9.544142705328878e-06,0.019376862587108124,0.01938336897286496,6.925921409286943e-11,0.00026735415903247564,4.014808122646772e-07,1.4279047499989406e-06,5.542979519016399e-06,2.039889608097381e-05,5.141944464174591e-08,2.769183867101985e-06,5.936104873680963e-05,0.00035201470359670216,1.6826964006233708e-06,5.002318140968036e-07,6.595921588583571e-07,1.8056556153606499e-06,1.7617380498866375e-06,3.23957112680761e-09,6.425786534152378e-09,1.2604102973010256e-09,3.5518775567044465e-09,2.7707978088396412e-14,1.680903672909551e-08,3.0894248448619004e-09,1.5585676727824367e-09,9.55154322386162e-13,5.464903299732296e-13,2.7471654695071446e-05,8.446572663430434e-07,1.9339902743835562e-05,5.607498584862002e-10,5.9678902973584274e-15,1.8954542908109992e-12,1.5353715370243218e-06,8.656114184574432e-14,6.2830602407026844e-12,5.162324208182174e-10,7.210402488286366e-16,5.050565451610702e-14,4.165792026076568e-18,3.725043923435495e-16,3.900347799589709e-14,3.1855371976503993e-09
6.770964585748132e-07,0.4539525113280826,3.76,0.0,0.48106984222865423,0.9999454664555065,4.702181776982568e-05,1.0661750027827423e-05,9.81834017500834e-06,0.01958075236621558,0.019587449126443026,6.998883559827071e-11,0.00027654676459572735,4.0594181531730486e-07,1.4510057751754475e-06,5.691081385645894e-06,2.0790319011593992e-05,5.2842835532440486e-08,2.8438913451573735e-06,6.1014408040100754e-05,0.00036380833984379966,1.7276635467353905e-06,5.199421781300316e-07,6.852516199241095e-07,1.871886313628515e-06,1.8119249737387095e-06,3.448909828787555e-09,6.875952600615734e-09,1.294407237236035e-09,3.737983194906557e-09,2.9649887161294956e-14,1.7405477607261163e-08,3.2906993595210218e-09,1.6679012661048446e-09,1.0214543553715965e-12,5.848644155540167e-13,2.77363855651934e-05,8.619994774845586e-07,1.9464615844835453e-05,5.856718898134269e-10,6.2824919640875645e-15,1.97026278354404e-12,1.5670075607798195e-06,9.325410072892049e-14,6.705641736605276e-12,5.206744707875672e-10,7.691262809292469e-16,5.503616114958126e-14,4.497538247201967e-18,3.959367412070304e-16,4.146475436572443e-14,3.271214138636653e-09
6.842959916168367e-07,0.4539711159896715,3.76,0.0,0.4808533060101663,0.9999439492752312,4.8706408500405293e-05,1.0854575887756424e-05,1.0098983186603921e-05,0.019784546141158064,0.01979143789588078,7.071814107912504e-11,0.00028598938362780916,4.104013433471388e-07,1.4743567040996527e-06,5.841587255805362e-06,2.1187965307307252e-05,5.4295874556841436e-08,2.9202770094428713e-06,6.270588372728092e-05,0.00037591813451124496,1.773643897357724e-06,5.402958725608357e-07,7.117947391093613e-07,1.9402216446569387e-06,1.8632978864883545e-06,3.670379215329417e-09,7.3542021264868865e-09,1.329166410358598e-09,3.933116864117379e-09,3.1712950258416864e-14,1.8020665074992587e-08,3.503718796469324e-09,1.78405408543453e-09,1.091875678946795e-12,6.25633255640941e-13,2.8000514118978567e-05,8.79501614687518e-07,1.958823288160462e-05,6.115072871170987e-10,6.612473129224218e-15,2.047502675045414e-12,1.5989345887925448e-06,1.0041748344628994e-13,7.154292557871029e-12,5.251177344581595e-10,8.200909831574493e-16,5.994794711815958e-14,4.85558696015252e-18,4.206998147585138e-16,4.406613638548817e-14,3.3583176233179945e-09
6.914955246588603e-07,0.4539897404696852,3.76,0.0,0.48063653534113776,0.9999423961616776,5.043848131397703e-05,1.1048527214039628e-05,1.0386211737317082e-05,0.019988243710090146,0.019995335193849138,7.144714475554478e-11,0.0002956876252471672,4.148594118598616e-07,1.4979648394225853e-06,5.9945240610485205e-06,2.1591960252845298e-05,5.577912644410857e-08,2.9983760500239783e-06,6.443629045229845e-05,0.0003883511701822768,1.8206587846620464e-06,5.613108450073911e-07,7.392490995649739e-07,2.010723675879358e-06,1.915882855003177e-06,3.9046181870556904e-09,7.862107563414413e-09,1.3647037537509888e-09,4.137703423574393e-09,3.390394878205058e-14,1.8655207904484873e-08,3.7291048736289926e-09,1.9074072124566994e-09,1.1666496110619405e-12,6.689306819599238e-13,2.826404200071641e-05,8.971633951849186e-07,1.971077260428302e-05,6.382838799013564e-10,6.9585637259280966e-15,2.1272416752787735e-12,1.631151721814356e-06,1.0808150556396039e-13,7.630515790600875e-12,5.295632163434681e-10,8.740907894650959e-16,6.527141668026262e-14,5.242105025846896e-18,4.468628553588781e-16,4.681492489061553e-14,3.4468653439079367e-09
6.986950577008838e-07,0.45400838537863575,3.76,0.0,0.48041952301914553,0.9999408063207934,5.221913088236635e-05,1.12435922811443e-05,1.0680168896997251e-05,0.02019184486521958,0.02019914093023633,7.217587562340403e-11,0.0003056472153095452,4.1931603732881914e-07,1.5218376763149045e-06,6.1499195356440165e-06,2.2002431869580334e-05,5.729316962592492e-08,3.0782243959484466e-06,6.620646032561433e-05,0.00040111467708946,1.8687299934070633e-06,5.830055019587239e-07,7.676430553980335e-07,2.0834562038324933e-06,1.9697065255479797e-06,4.152296873447688e-09,8.401321707060311e-09,1.4010355380625723e-09,4.352187722305586e-09,3.623001036022037e-14,1.9309737934293578e-08,3.9675097835333664e-09,2.0383611357674186e-09,1.246019378926278e-12,7.148973381065391e-13,2.852697087898978e-05,9.149845531362671e-07,1.9832253757236197e-05,6.660302404068213e-10,7.32152831478539e-15,2.2095492400560785e-12,1.66365806401611e-06,1.1627817310334432e-13,8.135896918149453e-12,5.340119357182382e-10,9.312900044357473e-16,7.103929685292805e-14,5.6594488235851615e-18,4.744984750340475e-16,4.971877634932296e-14,3.536875539829012e-09
7.058945907429073e-07,0.4540270513397317,3.76,0.0,0.48020226169243757,0.9999391789411932,5.404947521155112e-05,1.1439759559063175e-05,1.0981000874384641e-05,0.02039534939266923,0.020402855012090725,7.290429790098543e-11,0.0003158739988333311,4.237712372482198e-07,1.5459829071452916e-06,6.307802238830117e-06,2.241951097338585e-05,5.883859660729361e-08,3.1598587302582887e-06,6.801724327671096e-05,0.0004142160361761847,1.9178797703416185e-06,6.053987200851348e-07,7.970057510023335e-07,2.1584847983268292e-06,2.0247961365681648e-06,4.414118082928281e-09,8.973581533631414e-09,1.4381783742468866e-09,4.57703553655536e-09,3.86986253596692e-14,1.9984911034909167e-08,4.219617609637974e-09,2.1773366740772834e-09,1.3302406938618956e-12,7.636810032505341e-13,2.8789302448364095e-05,9.329648403757459e-07,1.995269508495909e-05,6.94775702821088e-10,7.702167720802648e-15,2.2944966145221824e-12,1.6964527230267916e-06,1.250413817602589e-13,8.67210815963385e-12,5.384649271643617e-10,9.918611797835365e-16,7.728680922030463e-14,6.110181690095447e-18,5.036828143830948e-16,5.278571941730788e-14,3.628367013734109e-09
7.130941237849309e-07,0.4540457389891443,3.76,0.0,0.4799847438568326,0.999937513193782,5.5930656143639104e-05,1.1637017712889202e-05,1.1288857084783536e-05,0.020598757072335563,0.020606477343562562,7.363241611060056e-11,0.00032637394247280523,4.28225030189042e-07,1.5704084262969114e-06,6.4682015776659046e-06,2.2843331233612226e-05,6.041601434804708e-08,3.2433165052978053e-06,6.986950742392623e-05,0.0004276627822186156,1.9681308338026406e-06,6.285098578054999e-07,8.273671408521757e-07,2.2358768477060867e-06,2.0811795317603544e-06,4.690818818076628e-09,9.580712211735761e-09,1.4761492204301384e-09,4.812734550482477e-09,4.131766415226591e-14,2.0681408115821647e-08,4.48614580621834e-09,2.3247759414576453e-09,1.4195823527566437e-12,8.154369305596254e-13,2.9051038431161496e-05,9.511040271954057e-07,2.0072115338076404e-05,7.245503830111344e-10,8.101320747726497e-15,2.3821568780716066e-12,1.7295348099750972e-06,1.3440702134972277e-13,9.240913028867903e-12,5.429232411316612e-10,1.0559855084643198e-15,8.40518541573559e-14,6.597093007812901e-18,5.344957058946214e-16,5.602417224132595e-14,3.721359148003622e-09
7.202936568269544e-07,0.454064448976275,3.76,0.0,0.47976696185255896,0.9999358082313677,5.786383986936884e-05,1.1835355602447361e-05,1.1603890219197399e-05,0.020802067677744007,0.020810007825844377,7.436027327979016e-11,0.00033715313704017936,4.3267743585777967e-07,1.5951223351231402e-06,6.631147830498289e-06,2.3274029233196794e-05,6.202604465540225e-08,3.328635958323097e-06,7.176413945176314e-05,0.0004414626070092052,2.019506383511934e-06,6.523587671266878e-07,8.587580097695584e-07,2.3157016052210467e-06,2.1388851734369045e-06,4.983171858831949e-09,1.022463129734884e-08,1.5149653889134992e-09,5.059795382096707e-09,4.4095395168222996e-14,2.139993617586598e-08,4.767846744639612e-09,2.4811433564901623e-09,1.5143268673150437e-12,8.703282009927329e-13,2.931218057932433e-05,9.694019031649535e-07,2.0190533279443328e-05,7.553851987931886e-10,8.519865971195891e-15,2.472604990265025e-12,1.7629034395335848e-06,1.4441308574230792e-13,9.844171124560444e-12,5.473879445141396e-10,1.1238532372262281e-15,9.13752083515679e-14,7.123219099626586e-18,5.670208436857893e-16,5.944296054489915e-14,3.8158719217354765e-09
7.27493189868978e-07,0.4540831819640325,3.76,0.0,0.47954890786102916,0.9999340631882676,5.985021745135217e-05,1.2034762281984314e-05,1.1926256314957586e-05,0.02100528097590115,0.021013446357110364,7.508783346948495e-11,0.0003482178000773227,4.3712847515816686e-07,1.6201329470439912e-06,6.796672171064493e-06,2.371174452992828e-05,6.366932458790702e-08,3.4158561274184952e-06,7.370204499581782e-05,0.0004556233626029033,2.072030110575878e-06,6.769658057612816e-07,8.912099936750245e-07,2.398030236543698e-06,2.1979421561912043e-06,5.2919874166667865e-09,1.0907353120012702e-08,1.5546445533116187e-09,5.318752656489513e-09,4.704050377095461e-14,2.214122939871539e-08,5.065509328902815e-09,2.6469266972609732e-09,1.6147711223591524e-12,9.285260931408621e-13,2.9572730676371832e-05,9.878582779897909e-07,2.0307967690350465e-05,7.87311890756126e-10,8.958723615040864e-15,2.565917837520434e-12,1.7965577299655174e-06,1.5509978857116605e-13,1.0483843163132561e-11,5.518601212422728e-10,1.1956640984668199e-15,9.930073656759334e-14,7.691866102290009e-18,6.0134596485054235e-16,6.30513365308567e-14,3.911925928245529e-09
7.346927229110015e-07,0.4541019386291116,3.76,0.0,0.4793305739015534,0.9999322771799036,6.189100535828103e-05,1.223522699991673e-05,1.2256114827878406e-05,0.021208396727143298,0.02121679283245441,7.581508663719623e-11,0.00035957427847809023,4.4157817025602237e-07,1.6454487927849337e-06,6.964806693250043e-06,2.4156619718885425e-05,6.534650687113463e-08,3.5050168677256745e-06,7.568414903545931e-05,0.0004701530646272125,2.125726207692267e-06,7.023518495185616e-07,9.247556008326437e-07,2.482935868448265e-06,2.2583802208707893e-06,5.618114862837772e-09,1.1630993368743255e-08,1.5952047558297941e-09,5.590166128506557e-09,5.016211198991132e-14,2.290605029546965e-08,5.379960683496616e-09,2.822638204224685e-09,1.7212270644867582e-12,9.902104698230757e-13,2.98326905394545e-05,1.006472982409017e-06,2.042443737683692e-05,8.203630436550418e-10,9.418857516354517e-15,2.6621742812368673e-12,1.8304968031745242e-06,1.665096850027595e-13,1.1161996266048337e-11,5.563408728919511e-10,1.271627762306175e-15,1.078756186662568e-13,8.30663500706453e-18,6.375630366865564e-16,6.685899863693089e-14,4.009542393096404e-09
7.41892255953025e-07,0.45412071966228085,3.76,0.0,0.4791119518279866,0.9999304493023918,6.398744601032585e-05,1.2436739198639066e-05,1.2593628705971816e-05,0.02141141468498162,0.021420047143826896,7.654208999765377e-11,0.00037122905116218,4.4602654464736646e-07,1.6710786257599845e-06,7.1355844365228055e-06,2.4608800496069762e-05,6.705826032549549e-08,3.596158867991233e-06,7.771139629441857e-05,0.00048505989565725553,2.1806193795685912e-06,7.285383049841052e-07,9.59428233599771e-07,2.570493638686202e-06,2.3202297688654735e-06,5.962444533955394e-09,1.2397773886488359e-08,1.6366644146822602e-09,5.874621857106619e-09,5.346979914929932e-14,2.3695190896368543e-08,5.7120679167132706e-09,3.0088157330508896e-09,1.834022422452157e-12,1.0555701821754649e-12,3.0092062021510773e-05,1.025245869135196e-06,2.0539961176115737e-05,8.545721083922259e-10,9.901277181093388e-15,2.761455207181172e-12,1.864719784757222e-06,1.786877998789309e-13,1.1880809514118675e-11,5.608313193106923e-10,1.351964309829622e-15,1.1715059296049513e-13,8.971449074087489e-18,6.757684499371447e-16,7.08761121822169e-14,4.108743192673387e-09
7.490917889950486e-07,0.4541395257686728,3.76,0.0,0.4788930333253084,0.9999285786321218,6.614080833595721e-05,1.2639288514391708e-05,1.2938964464755791e-05,0.021614334595943974,0.021623209179970248,7.726881303177589e-11,0.00038318873180146086,4.5047362322996674e-07,1.6970314276011566e-06,7.309039412064003e-06,2.5068435723252402e-05,6.880527030654867e-08,3.6893236674383615e-06,7.978475164943964e-05,0.0005003522086570408,2.2367348535560477e-06,7.555471224986103e-07,9.952622106924168e-07,2.660780747082852e-06,2.3835218767179073e-06,6.325909618254129e-09,1.321002768236229e-08,1.6790423316541375e-09,6.172733433752571e-09,5.697362343222847e-14,2.4509473993747593e-08,6.0627399627230735e-09,3.2060239596570413e-09,1.953501460695118e-12,1.124803492002803e-12,3.035084701353063e-05,1.0441768138377532e-06,2.065455796311584e-05,8.899734246033781e-10,1.040703993425039e-14,2.863843575672901e-12,1.8992258040589283e-06,1.9168176255328237e-13,1.2642579781828474e-11,5.653325992617745e-10,1.4369047285004425e-15,1.2718021706694226e-13,9.690583846574498e-18,7.160632254145873e-16,7.511333094395836e-14,4.2095508733265595e-09
7.562913220370721e-07,0.4541583576680825,3.76,0.0,0.4786738099061388,0.9999266642253272,6.835238834042778e-05,1.2842864777190343e-05,1.3292292264191233e-05,0.021817156199412876,0.021826278826353157,7.799522628393954e-11,0.0003954600715997243,4.549194323784807e-07,1.723316413836583e-06,7.485206629617665e-06,2.553567749405493e-05,7.058823915820917e-08,3.784553672968634e-06,8.190520054713185e-05,0.0005160385304881244,2.2940983905037716e-06,7.834008094279136e-07,1.032292789977287e-06,2.7538765078841453e-06,2.4482883110641403e-06,6.709488126088668e-09,1.4070204171281307e-08,1.7223576998095722e-09,6.485143267285699e-09,6.068414442153753e-14,2.534975443844348e-08,6.432929505842038e-09,3.414855639726619e-09,2.080025767506705e-12,1.1981185131956176e-12,3.060904744693115e-05,1.0632657161719682e-06,2.0768246657144886e-05,9.266022438675388e-10,1.093725317174866e-14,2.9694244731366543e-12,1.9340139942326234e-06,2.0554194876091612e-13,1.3449727865355025e-11,5.698458710869763e-10,1.5266914307919942e-15,1.3802314749333687e-13,1.0468700012433155e-17,7.585532286397028e-16,7.958181970584827e-14,4.311988671099049e-09
7.634908550790957e-07,0.4541772160952703,3.76,0.0,0.47845427290718184,0.9999247051176464,7.06235096861552e-05,1.3047458010817529e-05,1.3653785987282955e-05,0.022019879227459765,0.022029255965103512,7.872139929869526e-11,0.00040804996212683286,4.5936400002336414e-07,1.7499430397197823e-06,7.664122125080525e-06,2.601068120128442e-05,7.240788667925964e-08,3.881892176700017e-06,8.407374942918457e-05,0.0005321275654868928,2.3527362958379002e-06,8.121224437382377e-07,1.070556191801721e-06,2.8498624033822157e-06,2.514561543911955e-06,7.114204948332873e-09,1.4980874651041064e-08,1.7666301113486435e-09,6.8125239278449185e-09,6.461244666032439e-14,2.6216920491950608e-08,6.8236349905740485e-09,3.635932925110491e-09,2.2139750793863375e-12,1.2757336730499358e-12,3.0866665296049275e-05,1.0825125008555984e-06,2.08810462286775e-05,9.644947535598736e-10,1.1493076716488341e-14,3.0782851651587873e-12,1.9690834923013084e-06,2.2032162987747853e-13,1.4304804918591125e-11,5.743723133886193e-10,1.6215787971403942e-15,1.4974243928910886e-13,1.1310879384360446e-17,8.033493900195702e-16,8.429327782083694e-14,4.4160805320618494e-09
7.706903881211192e-07,0.45419610180027187,3.76,0.0,0.478234413485602,0.9999227003236759,7.295552428525305e-05,1.3253058432877431e-05,1.4023623320381175e-05,0.022222503404675763,0.022232140474939936,7.944731432641768e-11,0.00042096543820824587,4.638073557337294e-07,1.7769210062127101e-06,7.845822988854906e-06,2.6493605605542638e-05,7.426495060359091e-08,3.981383373846961e-06,8.629142616611142e-05,0.0005486281991116987,2.412675430869979e-06,8.417356878928617e-07,1.1100896228729456e-06,2.9488221388495055e-06,2.5823747682649434e-06,7.541134006516515e-09,1.5944738027310474e-08,1.8118795656156676e-09,7.155579552507893e-09,6.877016427706215e-14,2.711189523672878e-08,7.235902721162439e-09,3.86990873961266e-09,2.3557481432132105e-12,1.357878194362857e-12,3.112370258075713e-05,1.101917118795266e-06,2.0992975706273502e-05,1.0036881013671415e-09,1.2075725281993938e-14,3.190515150461006e-12,2.0044334392239255e-06,2.360771299411818e-13,1.5210499212162223e-11,5.78913125731654e-10,1.721833744373331e-15,1.6240586717978633e-13,1.2222664295211238e-17,8.505679399124452e-16,8.925996383331627e-14,4.521851133276466e-09
7.778899211631427e-07,0.45421501554871296,3.76,0.0,0.4780142226153281,0.9999206488365111,7.534981290446024e-05,1.3459656454914744e-05,1.4401985835220572e-05,0.02242502844799833,0.022434932231101996,8.01729184132359e-11,0.00043421368087092087,4.6824953080434446e-07,1.8042602661254402e-06,8.030347394987696e-06,2.698461290512962e-05,7.616018709461067e-08,4.083072380948802e-06,8.855928049966664e-05,0.0005655495016611077,2.4739432243394995e-06,8.72264803059882e-07,1.150931300698296e-06,3.0508416988116e-06,2.6517619141004885e-06,7.991400498698377e-09,1.6964626797468483e-08,1.8581264772615531e-09,7.515047315451509e-09,7.31695067221111e-14,2.8035638047163712e-08,7.670829054544683e-09,4.117468216769133e-09,2.5057636179267516e-12,1.4447925992145706e-12,3.138016136920548e-05,1.1214795482648353e-06,2.1104054183630876e-05,1.0442204204863937e-09,1.268647105234492e-14,3.3062062161460746e-12,2.0400629799650075e-06,2.528679908300824e-13,1.6169643231132618e-11,5.834695293665495e-10,1.8277363208279275e-15,1.7608626970569153e-13,1.3210100733561698e-17,9.003306545920168e-16,9.449472120751002e-14,4.629325904407272e-09
7.850894542051663e-07,0.4542339581221317,3.76,0.0,0.47779369108328584,0.9999185496272806,7.780778578272592e-05,1.3667242682598836e-05,1.478905907273503e-05,0.02262745406653389,0.02263763110527901,8.089828893513245e-11,0.00044780202034660306,4.726905583469657e-07,1.831971030415484e-06,8.217734631119306e-06,2.7483868807261747e-05,7.809437125427293e-08,4.187005254452971e-06,9.087838449409956e-05,0.0005829007320645282,2.5365676841954923e-06,9.037346636418721e-07,1.1931204785982433e-06,3.156009404689641e-06,2.7227576647100586e-06,8.466183245244599e-09,1.8043513304681562e-08,1.9053916845628852e-09,7.891698965555053e-09,7.782328566444956e-14,2.898914612378925e-08,8.12956269076941e-09,4.37933020234073e-09,2.664461017485646e-12,1.5367292353864213e-12,3.163604378070148e-05,1.1411997961381027e-06,2.1214300826778453e-05,1.0861308555282024e-09,1.3326646382099851e-14,3.4254524946305973e-12,2.0759712635682326e-06,2.7075714600642226e-13,1.7185221127833527e-11,5.88042767973789e-10,1.9395803294309708e-15,1.9086191799221555e-13,1.4279785575180013e-17,9.527651073895068e-16,1.0001100521095047e-13,4.738531050006341e-09
7.922889872471898e-07,0.4542529303183052,3.76,0.0,0.4775728094855561,0.9999164016446676,8.03308832617111e-05,1.3875807915974261e-05,1.5185032628686853e-05,0.022829779961376813,0.022840236965537383,8.162342974439784e-11,0.0004617379391335296,4.771304733862162e-07,1.8600637746498664e-06,8.408025129266853e-06,2.799154260062452e-05,8.00682976471997e-08,4.293229009659058e-06,9.324983299642757e-05,0.0006006913417465146,2.600577409621951e-06,9.361707721501701e-07,1.23669747130423e-06,3.2644159738438204e-06,2.7953974734103553e-06,8.966717138860696e-09,1.9184516274110556e-08,1.953696457900466e-09,8.286342434501075e-09,8.274494309954319e-14,2.9973456093490527e-08,8.613307065108735e-09,4.656248824357567e-09,2.832301696952959e-12,1.6339528264052788e-12,3.189135198872671e-05,1.1610778991782223e-06,2.1323734881413195e-05,1.1294595891465113e-09,1.3997646618791555e-14,3.5483505217004535e-12,2.1121574432340735e-06,2.898111032603547e-13,1.8260376547017735e-11,5.926341084307945e-10,2.0576739800785148e-15,2.0681691089327038e-13,1.543891829981202e-17,1.0080049357721784e-15,1.0582291100405065e-13,4.849493572494223e-09
7.994885202892134e-07,0.4542719329515863,3.76,0.0,0.4773515682234574,0.9999142038144235,8.292057642947357e-05,1.408534314977874e-05,1.559010024115012e-05,0.02303200582542401,0.023042749676246553,8.234826203682197e-11,0.00047602907511758716,4.815693129602288e-07,1.8885492456332982e-06,8.60126049746685e-06,2.850780722928015e-05,8.208278084038194e-08,4.401791640030198e-06,9.567474410587721e-05,0.0006189309785660523,2.666001603312154e-06,9.695992744125276e-07,1.2817036811535824e-06,3.3761545800501888e-06,2.869717580634189e-06,9.494295703410683e-09,2.039090764364761e-08,2.0030625084000645e-09,8.699823518566483e-09,8.794858072145646e-14,3.098964567852356e-08,9.12332284627867e-09,4.949015133674532e-09,3.0097698836363435e-12,1.736741046246799e-12,3.21460882241019e-05,1.1811139253863955e-06,2.143237568038757e-05,1.1742478694179922e-09,1.4700933058013742e-14,3.674999295756092e-12,2.1486206764017267e-06,3.1010013690690074e-13,1.9398420841352108e-11,5.972448416021461e-10,2.1823405727189955e-15,2.2404159837184813e-13,1.6695357619553287e-17,1.066190122965019e-15,1.1194520298900886e-13,4.962241295861114e-09
8.066880533312369e-07,0.45429096685324255,3.76,0.0,0.47712995749955434,0.9999119550388698,8.557836777760878e-05,1.42958395738298e-05,1.6004459879888854e-05,0.02323413134318518,0.02324516909800342,8.307286336460348e-11,0.0004906832247539808,4.860071162262744e-07,1.9174384682059207e-06,8.797483552303092e-06,2.9032839367950425e-05,8.41386559589628e-08,4.512742136878641e-06,9.815425965266038e-05,0.0006376294908321502,2.7328700839971472e-06,1.004046975119461e-06,1.3281816248939466e-06,3.4913209154437247e-06,2.9457550314100714e-06,1.0050273766249208e-08,2.166611970211683e-08,2.053511996738177e-09,9.133027637439995e-09,9.344899061458679e-14,3.2038835437306624e-08,9.660930545367024e-09,5.258458818124069e-09,3.1973737552973243e-12,1.845385119774284e-12,3.240025477830524e-05,1.20130797541247e-06,2.1540242651352062e-05,1.2205380379946739e-09,1.5438036036840254e-14,3.805500338847843e-12,2.185360124835535e-06,3.316984899125686e-13,2.0602841696100736e-11,6.018762831540016e-10,2.3139192126147864e-15,2.426330351125197e-13,1.805768348541127e-17,1.1274672847685522e-15,1.1839334547361044e-13,5.076802890113625e-09
8.138875863732604e-07,0.45431003287180416,3.76,0.0,0.4769079673135856,0.9999096541963892,8.830579187212392e-05,1.4507288573481336e-05,1.6428313837671477e-05,0.02343615619058911,0.023447495087555312,8.379726885544365e-11,0.0005057083463104794,4.904439245716182e-07,1.9467427522142083e-06,8.996738352346414e-06,2.9566819498694668e-05,8.623677925862524e-08,4.62613050943182e-06,0.00010068954568628133,0.0006567969313970858,2.8012132992335105e-06,1.0395413537390332e-06,1.3761749611098728e-06,3.6100132539611773e-06,3.023547693239832e-06,1.0636070248995426e-08,2.301375254842857e-08,2.1050675421156235e-09,9.58688167355234e-09,9.926168732277254e-14,3.312219058006506e-08,1.02275132402647e-08,5.5854499934846635e-09,3.3956465675323706e-12,1.9601904500358024e-12,3.265385400695122e-05,1.221660184030201e-06,2.1647355324558593e-05,1.268373559054485e-09,1.621055816715757e-14,3.939957759099359e-12,2.222374954716103e-06,3.546845864518091e-13,2.1877312182733612e-11,6.065297743936473e-10,2.4527655593318118e-15,2.626954665007947e-13,1.953526498279739e-17,1.1919899727286398e-15,1.2518353470791142e-13,5.193207896493414e-09
8.21087119415284e-07,0.4543291318734192,3.76,0.0,0.47668558745831474,0.999907300140907,9.110441603832857e-05,1.4719681730151354e-05,1.6861868823563898e-05,0.02363808003478554,0.023649727497721384,8.452137438774918e-11,0.0005211125631733254,4.94879781729854e-07,1.9764736996588053e-06,9.199070232533594e-06,3.0109931989003292e-05,8.837802871512635e-08,4.742007805285544e-06,0.00010328179297353193,0.0006764435618286645,2.8710623384556693e-06,1.0761105807900183e-06,1.4257285182844047e-06,3.7323325163180825e-06,3.103134274383744e-06,1.1253171081887267e-08,2.4437581885755944e-08,2.157752231401837e-09,1.0062355895562573e-08,1.0540294135599753e-13,3.4240922862541065e-08,1.082451942059984e-08,5.930901074621126e-09,3.605147832520996e-12,2.0814772735900684e-12,3.290688833343744e-05,1.2421707216800503e-06,2.1753733340830478e-05,1.3177990490752713e-09,1.7020177719814216e-14,4.078478314293144e-12,2.2596643367363376e-06,3.7914125541838844e-13,2.3225700262115205e-11,6.112066831351629e-10,2.5992526110856573e-15,2.8434084925418406e-13,2.1138334674972816e-17,1.259918996180397e-15,1.323327323543157e-13,5.311486753494825e-09
8.282866524573075e-07,0.45434826474221435,3.76,0.0,0.4764628075152997,0.9999048917013604,9.397584106003105e-05,1.493301082192219e-05,1.7305336058244764e-05,0.023839902533942105,0.02385186617731247,8.524524660315934e-11,0.0005369041672169032,4.993147339029722e-07,2.0066432120232375e-06,9.404525839513666e-06,3.066236517132702e-05,9.056330463153549e-08,4.8604261312515376e-06,0.00010593221750634265,0.0006965798566628723,2.9424489462984536e-06,1.1137835344709743e-06,1.476888323508777e-06,3.858382336555045e-06,3.1845543425629493e-06,1.1903132247071682e-08,2.5941567165406115e-08,2.211589628452742e-09,1.056046596980773e-08,1.1188981419748875e-13,3.539629256111684e-08,1.1453465958384632e-08,6.2957687302962944e-09,3.8264645514328004e-12,2.2095813450814806e-12,3.315936025276672e-05,1.2628397960825306e-06,2.1859396459704762e-05,1.3688603074588363e-09,1.786865216820188e-14,4.221171477268468e-12,2.297227446202637e-06,4.0515596544289814e-13,2.4652078758888482e-11,6.159084045922175e-10,2.753771526155843e-15,3.0768940915024784e-13,2.2878070006287688e-17,1.3314227502173228e-15,1.3985870045420052e-13,5.431670823709777e-09
8.354861854993311e-07,0.4543674323806631,3.76,0.0,0.47623961685058047,0.9999024276811563,9.692170189333497e-05,1.5147267824214625e-05,1.7758931371387117e-05,0.024041623337037216,0.024053910971049367,8.596896136071651e-11,0.0005530916222382803,5.037488298894345e-07,2.037263497787518e-06,9.613153167990514e-06,3.1224311424061734e-05,9.279353026375762e-08,4.9814386746059985e-06,0.00010864206101969863,0.000717216507738318,3.015405536195327e-06,1.1525898176815799e-06,1.529701631853438e-06,3.988269130188996e-06,3.267848344089171e-06,1.2587582956415719e-08,2.7529860095687387e-08,2.2666037836051475e-09,1.1082275063694543e-08,1.1874019487668496e-13,3.658961053284104e-08,1.2115941209806648e-08,6.681055925303194e-09,4.060212502886126e-12,2.34485465233663e-12,3.341127233555308e-05,1.283667653925219e-06,2.1964364567753114e-05,1.4216043480325597e-09,1.8757821891985594e-14,4.368149502992887e-12,2.335063463141475e-06,4.3282107199509596e-13,2.6160735829674427e-11,6.20636362299061e-10,2.916732483167732e-15,3.328702384686133e-13,2.476668243484866e-17,1.4066775596652367e-15,1.477800379569964e-13,5.55379242152918e-09
8.426857185413546e-07,0.4543866357099615,3.76,0.0,0.4760160046102832,0.9998999068576202,9.994366839533656e-05,1.536244491053734e-05,1.8222875301151786e-05,0.02424324208364823,0.024255861719479504,8.669239388377069e-11,0.000569683567457746,5.081821212185465e-07,2.068347080130839e-06,9.825001598091829e-06,3.179596725400915e-05,9.506965246494279e-08,5.1050997247459056e-06,0.00011141259151979031,0.0007383644286138849,3.08996520425786e-06,1.1925597754304534e-06,1.5842169564138856e-06,4.122102164006064e-06,3.353057623431995e-06,1.3308228969661332e-08,2.9206813531728537e-08,2.322819243350655e-09,1.1628896045191156e-08,1.2597283817634792e-13,3.782224036399636e-08,1.2813608253826921e-08,7.087814053722441e-09,4.307037589956251e-12,2.487666163308687e-12,3.366262723221943e-05,1.3046545826267199e-06,2.2068657687087384e-05,1.4760794314571987e-09,1.9689614052035268e-14,4.519527496852541e-12,2.373171572411631e-06,4.622340771786164e-13,2.7756185948757397e-11,6.25392009060819e-10,3.0885655821344506e-15,3.600219359477128e-13,2.681751502747163e-17,1.485868046764194e-15,1.5611621888049277e-13,5.677884841731302e-09
8.498852515833781e-07,0.45440587567041085,3.76,0.0,0.47579195971613975,0.9998973279814286,0.00010304344606802983,1.55785344533131e-05,1.869739319583908e-05,0.024444758403734338,0.02445771825889193,8.741558550253436e-11,0.0005866888210864895,5.126146622914177e-07,2.0999068048277665e-06,1.0040121933795059e-05,3.2377533380333314e-05,9.739264234940275e-08,5.231464695260632e-06,0.00011424510382256379,0.0007600347590710171,3.1661617434424838e-06,1.2337245126169245e-06,1.6404840990450404e-06,4.259993627533424e-06,3.440224443234281e-06,1.4066856058991346e-08,3.097699076288948e-08,2.3802610601920357e-09,1.2201493782763735e-08,1.3360740454499738e-13,3.9095600610999904e-08,1.354820827348424e-08,7.517145167271847e-09,4.567617248340798e-12,2.638402606252412e-12,3.391342767739598e-05,1.325800912180978e-06,2.2172295984056563e-05,1.5323350985705903e-09,2.066604664887701e-14,4.675423484716247e-12,2.4115509638223364e-06,4.934979028558419e-13,2.944318143602065e-11,6.301768279342467e-10,3.2697217882492134e-15,3.892932922536628e-13,2.904514931892254e-17,1.5691875065985073e-15,1.6488763217414327e-13,5.803982388988612e-09
8.570847846254017e-07,0.45442515322180815,3.76,0.0,0.475567470860921,0.9998946897760337,0.00010622277681773201,1.579552902478329e-05,1.9182715317745877e-05,0.024646171917415007,0.0246594804212307,8.813866054026621e-11,0.0006041163839625718,5.170465105288217e-07,2.1319558483423496e-06,1.0258566442442275e-05,3.296921482003245e-05,9.976349597667866e-08,5.360590146425955e-06,0.00011714092010289284,0.0007822388697020969,3.24402965801039e-06,1.2761159122283197e-06,1.6985541817980074e-06,4.4020587062282174e-06,3.5293920047865034e-06,1.4865333626332901e-08,3.284517521511336e-08,2.4389548026850953e-09,1.2801287550298657e-08,1.416645017888814e-13,4.041116713758845e-08,1.432156408605548e-08,7.970204302884233e-09,4.842661918404654e-12,2.7974692845712065e-12,3.4163676494528315e-05,1.3471070170855115e-06,2.2275299778141407e-05,1.590422204698132e-09,2.168923276502927e-14,4.8359584849361075e-12,2.450200832257601e-06,5.267211777725389e-13,3.122672455304198e-11,6.349923332401469e-10,3.4606739205221636e-15,4.2084402416919815e-13,3.1465522313105874e-17,1.6568382973825649e-15,1.741156233602695e-13,5.932120408325976e-09
8.642843176674252e-07,0.4544444693438432,3.76,0.0,0.47534252650378134,0.9998919909370737,0.00010948343973034862,1.6013421397992392e-05,1.9679076949276906e-05,0.024847482234743656,0.024861148034006502,8.886148354892463e-11,0.0006219754432563572,5.214777265262893e-07,2.164507726124797e-06,1.0480388895376603e-05,3.357122097494645e-05,1.0218323505642988e-07,5.492533808127236e-06,0.00012010139045455815,0.0008049883665863759,3.3236041782863835e-06,1.319766653955019e-06,1.7584796790733108e-06,4.548415656422432e-06,3.620604468971136e-06,1.570561847999452e-08,3.4816380586311495e-08,2.4989265656691706e-09,1.3429553541755571e-08,1.501657286208515e-13,4.177047555240734e-08,1.5135583828482754e-08,8.44820191382537e-09,5.132916583946191e-12,2.9652909278387363e-12,3.441337660070482e-05,1.3685733183572725e-06,2.237768955105406e-05,1.6503929549621153e-09,2.276138500143598e-14,5.001256581719663e-12,2.489120377807022e-06,5.620185393852737e-13,3.311208019445556e-11,6.398400716087124e-10,3.661917687465533e-15,4.548455609358611e-13,3.409605458662227e-17,1.7490322594834296e-15,1.838225380313127e-13,6.062335316564245e-09
8.714838507094488e-07,0.4544638250365048,3.76,0.0,0.47511711486551544,0.999889230131772,0.00011282725186280322,1.623220454785393e-05,2.0186718501359615e-05,0.025048688955475528,0.025062720920206588,8.958405350298813e-11,0.0006402753762465917,5.259083742167705e-07,2.1975763011155495e-06,1.0705644609734009e-05,3.4183765720319014e-05,1.0465290767483326e-07,5.627354603219703e-06,0.00012312789346119481,0.00082829509605495,3.404921275723142e-06,1.3647102331990864e-06,1.8203144505049742e-06,4.699185882063633e-06,3.71390697768849e-06,1.658975877750879e-08,3.689586143364407e-08,2.5602029806892792e-09,1.4087627500509972e-08,1.5913372014679935e-13,4.317512375129596e-08,1.5992264804745582e-08,8.952406408847367e-09,5.439162380651387e-12,3.142312580561286e-12,3.466253101171324e-05,1.3902002856400165e-06,2.247948595604942e-05,1.7123009406232471e-09,2.3884820124686788e-14,5.171445000211763e-12,2.5283088059033815e-06,5.995109511296653e-13,3.510478920293244e-11,6.447216230591021e-10,3.873972772146901e-15,4.914818864237877e-13,3.6955790545617427e-17,1.845991145507445e-15,1.9403176728469263e-13,6.1946646347846645e-09
8.786833837514723e-07,0.4544832213204935,3.76,0.0,0.4748912239237224,0.9998864059983206,0.00011625606905096431,1.6451871652299746e-05,2.070588562421343e-05,0.025249791668830734,0.025264198898202937,9.030654727052079e-11,0.0006590257541683177,5.303385210412135e-07,2.23117579246163e-06,1.0934390491425357e-05,3.4807067494934284e-05,1.071735890432094e-07,5.765112671333332e-06,0.00012622183677843995,0.0008521711495462704,3.4880176782771876e-06,1.410980980520355e-06,1.8841137745899086e-06,4.854494013292022e-06,3.809345675775694e-06,1.7519898141844542e-08,3.9089124232363776e-08,2.622811226613059e-09,1.477690746856755e-08,1.6859219537373383e-13,4.462677456874358e-08,1.6893697502138302e-08,9.484146804063807e-09,5.7622182773325975e-12,3.3290005303132213e-12,3.491114284733669e-05,1.4119884394072224e-06,2.2580709827455803e-05,1.7762011764890391e-09,2.5061963926030314e-14,5.3466541837180455e-12,2.567765327467326e-06,6.393260359043678e-13,3.7210682337435335e-11,6.496386021146236e-10,4.097383969053105e-15,5.309504410615175e-13,4.0065551985858256e-17,1.9479470633888535e-15,2.0476779518038275e-13,6.329147021850928e-09
8.858829167934958e-07,0.4545026592376426,3.76,0.0,0.47466484140787857,0.9998835171452541,0.00011977178673440751,1.6672416093514318e-05,2.12368293205251e-05,0.02545078995325245,0.025465581781658603,9.102883497417139e-11,0.0006782363461338437,5.3476823812745e-07,2.265320784450333e-06,1.1166685079344595e-05,3.544134939284704e-05,1.0974638226962053e-07,5.905869393129161e-06,0.00012938465772748637,0.0008766288685537198,3.5729308861026648e-06,1.4586140815346947e-06,1.9499343830773024e-06,5.01446798689522e-06,3.906967733430839e-06,1.849827995845798e-08,4.1401938926727236e-08,2.686779040445681e-09,1.5498856661066032e-08,1.7856600682714796e-13,4.6127158543177954e-08,1.7842069783708298e-08,1.0044815492431654e-08,6.102942833184598e-12,3.525843276946995e-12,3.515921533690009e-05,1.433938353264786e-06,2.2681382190432407e-05,1.8421501394250992e-09,2.6295356300397698e-14,5.527017872539348e-12,2.607489159059484e-06,6.815984265844162e-13,3.943589492576616e-11,6.545926589549476e-10,4.332722375337403e-15,5.734630877345282e-13,4.3448106214285726e-17,2.055142953007532e-15,2.1605624830999657e-13,6.465822309027161e-09
8.930824498355194e-07,0.45452213985134765,3.76,0.0,0.47443795479431583,0.9998805621508086,0.00012337634079835833,1.689383145925584e-05,2.1779806061083382e-05,0.0256516833761589,0.025666869379432328,9.175085491992675e-11,0.0006979171231279814,5.391976004777682e-07,2.300026235665527e-06,1.1402588590840243e-05,3.608683925672543e-05,1.1237241915420861e-07,6.049687415015243e-06,0.00013261782390019893,0.0009016808496667795,3.659699187569746e-06,1.5076455972279718e-06,2.0178344961330004e-06,5.179239128683211e-06,4.006821369154616e-06,1.9527251860964155e-08,4.38403509943513e-08,2.752134728345943e-09,1.625500647172405e-08,1.8908119236903403e-13,4.767807680094513e-08,1.8839671264412554e-08,1.0635871135932286e-08,6.4622360344322245e-12,3.733352544650922e-12,3.540675182507821e-05,1.4560506563578886e-06,2.2781524270961365e-05,1.9102058080068073e-09,2.7587656566817978e-14,5.7126731844695935e-12,2.647479523040358e-06,7.264701344181542e-13,4.178688223384203e-11,6.595854806068501e-10,4.5805866391601585e-15,6.192471461568998e-13,4.712835010872091e-17,2.1678330790448656e-15,2.2792394757005417e-13,6.604731535731626e-09
9.002819828775429e-07,0.4545416642470039,3.76,0.0,0.4742105513011041,0.9998775395622658,0.00012707170843316782,1.7116111544266174e-05,2.2335077902927082e-05,0.02585247149368988,0.02586806149548119,9.247283469334528e-11,0.0007180782620787955,5.43626687165568e-07,2.3353074883719474e-06,1.1642162968488374e-05,3.674376977282518e-05,1.150528610090686e-07,6.19663067433026e-06,0.00013592283377603082,0.0009273399497073423,3.748361675614515e-06,1.5581124847274886e-06,2.0878738582939727e-06,5.348942237826517e-06,4.108955873222124e-06,2.0609270413537863e-08,4.641069404629999e-08,2.81890717684667e-09,1.7046959615151574e-08,2.0016502931177325e-13,4.928140406404387e-08,1.9888897878866663e-08,1.1258841685759506e-08,6.8410412138919176e-12,3.952064338702735e-12,3.565375577797698e-05,1.478326035886634e-06,2.288115750608255e-05,1.9804277033503954e-09,2.894164903341477e-14,5.903760697562561e-12,2.6877356477383492e-06,7.740909362046679e-13,4.42704355856177e-11,6.646187921750374e-10,4.841604267979155e-15,6.685465005370691e-13,5.113351162194974e-17,2.2862835345600534e-15,2.403989622361255e-13,6.745916986467552e-09
9.074815159195665e-07,0.45456123353245187,3.76,0.0,0.4739826178828375,0.9998744478952871,0.00013085990901168064,1.7339250351771396e-05,2.2902912610062036e-05,0.02605315385044853,0.026069157928761414,9.319467291413548e-11,0.0007387301500051103,5.480555815415475e-07,2.3711802781329233e-06,1.1885471928206709e-05,3.7412378567613625e-05,1.1778889950348708e-07,6.346764425001659e-06,0.00013930121735097032,0.0009536192909627382,3.838958264426694e-06,1.610052618562666e-06,2.1601137752281267e-06,5.523715673201604e-06,4.2134216316978344e-06,2.1746905998500033e-08,4.911960298613454e-08,2.8871258642827817e-09,1.7876393412203277e-08,2.1184609092715379e-13,5.093909178689015e-08,2.0992256648895304e-08,1.191532753604713e-08,7.240347057123715e-12,4.182540048844784e-12,3.5900230789500566e-05,1.5007652397352497e-06,2.2980303554379404e-05,2.0528769311640216e-09,3.036024881204749e-14,6.100424534807951e-12,2.728256767626296e-06,8.24618781193554e-13,4.689369926912221e-11,6.696943581146788e-10,5.116432999800428e-15,7.216227856974763e-13,5.5493370378137967e-17,2.410772782117127e-15,2.535106664387368e-13,6.889422228974168e-09
9.1468104896159e-07,0.45458084883843214,3.76,0.0,0.47375414122531956,0.9998712856332277,0.00013474300498486045,1.7563242095075193e-05,2.348358377680363e-05,0.026253729979236324,0.026270158473127338,9.391622983206339e-11,0.0007598833882420372,5.524843714498543e-07,2.40766074366734e-06,1.2132581008750504e-05,3.809290830606173e-05,1.2058175753540178e-07,6.50015526368667e-06,0.0001427545367786717,0.0009805322665170555,3.931529706482405e-06,1.663504812367222e-06,2.23461715131508e-06,5.7037014417886315e-06,4.32027015100707e-06,2.2942847917897682e-08,5.197402775214436e-08,2.956820872430241e-09,1.874506322483468e-08,2.2415430545396222e-13,5.265317142760956e-08,2.2152370659433527e-08,1.2607004816902565e-08,7.66118969901138e-12,4.425367601287876e-12,3.6146180588016975e-05,1.5233690792198515e-06,2.307898430672444e-05,2.12761622506105e-09,3.1846507908439517e-14,6.3028124504831786e-12,2.7690421235069248e-06,8.78220218695933e-13,4.966418826568893e-11,6.748139835473486e-10,5.40576224056442e-15,7.787566571706654e-13,6.024049916447027e-17,2.5415922184481697e-15,2.672897981463092e-13,7.035292153642704e-09
9.218805820036135e-07,0.45460051131904766,3.76,0.0,0.4735251077401505,0.9998680512264417,0.0001387231027960478,1.7788081199246982e-05,2.407737095380301e-05,0.026454199400782124,0.02647106291722833,9.463777362367294e-11,0.0007815487967457988,5.56913149454656e-07,2.4447654369516503e-06,1.2383557622632454e-05,3.878560679162221e-05,1.2343269012996607e-07,6.656871156404876e-06,0.0001462843870240066,0.0010080925456823514,4.026117609929425e-06,1.7185088410564811e-06,2.3114485280635887e-06,5.8890452891674e-06,4.42955408307774e-06,2.419990971825364e-08,5.4981247668003174e-08,3.0280228983591637e-09,1.9654806047211744e-08,2.371210177119573e-13,5.4425757859585267e-08,2.3371984251683896e-08,1.3335628832756382e-08,8.10465491477632e-12,4.681162661435001e-12,3.6391609043335334e-05,1.5461384319599855e-06,2.317722189729338e-05,2.204709991179574e-09,3.3403621595253607e-14,6.511075918824028e-12,2.810090962707623e-06,9.350708474451075e-13,5.258980684114139e-11,6.799795156221467e-10,5.710314571016279e-15,8.402491511827308e-13,6.54105282903742e-17,2.6790467476200814e-15,2.8176852076499e-13,7.183573014244015e-09
9.290801150456371e-07,0.4546202221522358,3.76,0.0,0.47329550355921024,0.9998647430915695,0.0001428023538142302,1.8013762302907205e-05,2.4684559776816174e-05,0.026654561623466265,0.026671871044403748,9.535926063498891e-11,0.0008037374184791325,5.613420130776329e-07,2.4825113335728732e-06,1.2638471108509986e-05,3.9490727067910845e-05,1.2634298536614352e-07,6.81698146566922e-06,0.00014989239652929512,0.001036314079531369,4.122764456331601e-06,1.7751054635327456e-06,2.390674123381464e-06,6.079896792158148e-06,4.541327251066381e-06,2.552103474805533e-08,5.814888642816415e-08,3.100763266504477e-09,2.0607544260129746e-08,2.507790534345792e-13,5.625905292923005e-08,2.4653968442813184e-08,1.4103037652291406e-08,8.57188040960626e-12,4.950569889504122e-12,3.663652017400916e-05,1.569074244879399e-06,2.3275038714857e-05,2.2842243541539496e-09,3.5034935069106384e-14,6.725370224922075e-12,2.851402539284965e-06,9.95355787797385e-13,5.5678868039458365e-11,6.851928449238521e-10,6.030847326593861e-15,9.064231408507401e-13,7.104243497210022e-17,2.823455394409697e-15,2.969804874699785e-13,7.334312470016336e-09
9.362796480876606e-07,0.4546399825402489,3.76,0.0,0.4730653145290381,0.9998613596108102,0.00014698295528671362,1.8240280260111717e-05,2.530544209827662e-05,0.026854816143037672,0.02687258263257595,9.608045965202004e-11,0.0008264605238785768,5.657710650469027e-07,2.5209158433388295e-06,1.2897392785084926e-05,4.020852752210833e-05,1.2931396533228448e-07,6.980556978123823e-06,0.00015358022789337068,0.00106521110653339,4.22151361877997e-06,1.8333364458630076e-06,2.4723618717141387e-06,6.276409453655211e-06,4.655644675682969e-06,2.690930195794997e-08,6.148492774541983e-08,3.1750739409574488e-09,2.1605289556115117e-08,2.651627864374786e-13,5.815534916620043e-08,2.6001326581856876e-08,1.4911155856478887e-08,9.064058211262679e-12,5.234264251320591e-12,3.688091815497979e-05,1.5921775373417036e-06,2.337245741436035e-05,2.3662272044860597e-09,3.674395042084932e-14,6.945854557397924e-12,2.8929761142394474e-06,1.0592701779182107e-12,5.894011412127215e-11,6.904559069300423e-10,6.368154254063077e-15,9.776248953658877e-13,7.71788601031184e-17,2.9751519507283082e-15,3.1296090838792476e-13,7.487559629163636e-09
9.434791811296842e-07,0.45465979371014437,3.76,0.0,0.4728345262051073,0.99985789913118,0.00015126715131159041,1.846763014233792e-05,2.594031612173377e-05,0.027054962442324148,0.027073197454141204,9.680165878745661e-11,0.0008497296154049488,5.702004135578832e-07,2.559996821151987e-06,1.3160396006561899e-05,4.0939271990099214e-05,1.3234698711167133e-07,7.1476699326979585e-06,0.0001573495785637059,0.0010947981582948537,4.32240938037866e-06,1.8932445849469103e-06,2.556581465068219e-06,6.47874079970224e-06,4.772562602129443e-06,2.8367931954026474e-08,6.499773168921294e-08,3.2509875379814253e-09,2.265014704291614e-08,2.8030820874487237e-13,6.011703365253122e-08,2.7417200251898484e-08,1.5761998451524182e-08,9.582437170221738e-12,5.5329523866448515e-12,3.712480732557565e-05,1.6154494044268672e-06,2.3469500928799056e-05,2.450788247366026e-09,3.853433393337825e-14,7.1726921033863145e-12,2.934810955740904e-06,1.127019695156177e-12,6.238273799146329e-11,6.957706835191991e-10,6.723067248838518e-15,1.0542257494106789e-12,8.386645499243816e-17,3.134485629121886e-15,3.297466207551935e-13,7.643365093817207e-09
9.506787141717077e-07,0.45467965691428325,3.76,0.0,0.4726031238459913,0.9998543599637522,0.0001556572338304087,1.8695807240574813e-05,2.658948653922037e-05,0.027254999990937674,0.02727371527585852,9.752290614771061e-11,0.0008735564321783338,5.746301725466708e-07,2.599772578153309e-06,1.3427556219713331e-05,4.168322986336401e-05,1.3544344379905835e-07,7.3183940492832495e-06,0.00016120218154189078,0.0011250900654064112,4.4254969531126966e-06,1.9548737327519956e-06,2.6434043949363357e-06,6.687052478858523e-06,4.8921385276671e-06,2.9900293315008715e-08,6.869605174448986e-08,3.3285373387552072e-09,2.374431953343691e-08,2.9625300380085623e-13,6.214659205743966e-08,2.890487542901832e-08,1.6657674953810494e-08,1.0128325572102726e-11,5.847374037500224e-12,3.736819219788257e-05,1.6388910203547022e-06,2.3566192481402966e-05,2.5379790529941925e-09,4.040992370353363e-14,7.406050146042527e-12,2.976906339365089e-06,1.1988211038679644e-12,6.601640566211284e-11,7.011392045319123e-10,7.096458177148755e-15,1.136623890568687e-12,9.115626089547891e-17,3.3018217571939347e-15,3.4737616218217017e-13,7.801781006515153e-09
9.578782472137311e-07,0.45469957343083856,3.76,0.0,0.47237109240742176,0.9998507403828856,0.00016015554364145413,1.8924807067519562e-05,2.7253264671613986e-05,0.02745492824497252,0.02747413585873639,9.824387347801481e-11,0.0008979529546989202,5.790604619765198e-07,2.64026189314287e-06,1.3698951022600587e-05,4.244067619763999e-05,1.3860476554927306e-07,7.492804557942199e-06,0.00016513980610262285,0.0011561019633980697,4.530822497105436e-06,2.0182688210585356e-06,2.7329039951400276e-06,6.901510363907343e-06,5.014431229828615e-06,3.1509909184636086e-08,7.258905262214577e-08,3.407757302347531e-09,2.4890112030532275e-08,3.130366228981476e-13,6.424661284483017e-08,3.046778890894134e-08,1.7600393654227038e-08,1.0703093867345748e-11,6.178303539068506e-12,3.7611077465502284e-05,1.6625036420618034e-06,2.3662555598137543e-05,2.6278731084583586e-09,4.237473761904123e-14,7.646100164023304e-12,3.0192615483419564e-06,1.274902831020752e-12,6.985127979915297e-11,7.065635493873897e-10,7.489240787441122e-15,1.2252462730317812e-12,9.910412442723993e-17,3.4775425166433302e-15,3.6588984715942167e-13,7.962861098256816e-09
9.650777802557546e-07,0.4547195445643136,3.76,0.0,0.47213841653623534,0.9998470386254307,0.0001647644714340645,1.91546253598832e-05,2.7931968612058935e-05,0.027654746646695594,0.027674458957917394,9.896483598607854e-11,0.000922931409655024,5.834914081380012e-07,2.681484024284176e-06,1.3974660225002335e-05,4.321189182336586e-05,1.418324206589724e-07,7.67097822865819e-06,0.00016916425852641894,0.0011878492988041185,4.638433140274513e-06,2.0834758867075694e-06,2.825155485607529e-06,7.122284655958171e-06,5.139500795290817e-06,3.320046415096955e-08,7.668632885341804e-08,3.4886820789259723e-09,2.6089936415460734e-08,3.3070036496227066e-13,6.641979166082392e-08,3.2109535012760374e-08,1.859246606957816e-08,1.1308177523317238e-11,6.5265513758283926e-12,3.7853468012715976e-05,1.6862886129386455e-06,2.3758614120534e-05,2.720545871222582e-09,4.4432981714304013e-14,7.893017933251734e-12,3.061875873816159e-06,1.355505570965252e-12,7.389804440321672e-11,7.120458487575729e-10,7.902372715671167e-15,1.3205506664947452e-12,1.077711522373736e-16,3.6620476896849795e-15,3.853298469474521e-13,8.126660738191534e-09
9.72277313297778e-07,0.4547395716460689,3.76,0.0,0.47190508056420755,0.9998432528899244,0.00016948645884440428,1.9385258080808004e-05,2.8625923372516507e-05,0.02785445462423162,0.027874684322560576,9.968596948049992e-11,0.0009485042748196508,5.879231439634856e-07,2.723458721099103e-06,1.4254765910602969e-05,4.399716345792458e-05,1.4512791668270042e-07,7.852993401634241e-06,0.00017327738284637326,0.0012203478353395153,4.748376998393836e-06,2.1505420974539763e-06,2.9202360171032975e-06,7.349549990995179e-06,5.267408649424752e-06,3.497581142486306e-08,8.09979242019466e-08,3.571347023203781e-09,2.734631634919051e-08,3.4928745983498615e-13,6.866893590894299e-08,3.383387258359296e-08,1.9636311589092563e-08,1.1945080004248026e-11,6.892965805723339e-12,3.8095368924071035e-05,1.7102473667338685e-06,2.3854392218859254e-05,2.8160748242863368e-09,4.658905889774652e-14,8.146983631440194e-12,3.104748615120346e-06,1.4408829208428216e-12,7.816793067745563e-11,7.175882863012766e-10,8.336857589388412e-15,1.4230278497536266e-12,1.1722420864394097e-16,3.855755444697935e-15,4.0574027299790566e-13,8.293236985003488e-09
9.794768463398014e-07,0.45475965603486007,3.76,0.0,0.4716710685017725,0.9998393813357644,0.00017432399953313732,1.9616701422399428e-05,2.933546103351293e-05,0.02805405159124112,0.02807481169572166,1.0040685534859034e-10,0.0009746842840369643,5.923558093566392e-07,2.7662062367607275e-06,1.453935250099569e-05,4.479678381969792e-05,1.484928015844348e-07,8.038930018148274e-06,0.00017748106160913354,0.0012536136601894502,4.8607031955696285e-06,2.2195157783739883e-06,3.0182247169264466e-06,7.583485548926139e-06,5.398217586540046e-06,3.683998033035223e-08,8.553435192863719e-08,3.6557882081281783e-09,2.8661892396169374e-08,3.6884315520677523e-13,7.099696952089637e-08,3.564473228652247e-08,2.0734462324387712e-08,1.2615375884644791e-11,7.278434555261593e-12,3.8336785494409575e-05,1.7343814316330436e-06,2.394991440563745e-05,2.9145395330752324e-09,4.8847578080493924e-14,8.40818194487529e-12,3.14787908006184e-06,1.5313020481638995e-12,8.267274413744866e-11,7.231931004608595e-10,8.793747235813986e-15,1.5332039591950365e-12,1.2753646026938843e-16,4.059103179618687e-15,4.2716726406045444e-13,8.462648640057113e-09
9.866763793818249e-07,0.45477979911738575,3.76,0.0,0.47143636403162653,0.9998354220823669,0.00017927964028544051,1.9848951808375395e-05,3.0060920897156278e-05,0.028253536946589608,0.028274840814230984,1.0112771028817851e-10,0.0010014844323000247,5.967895515375786e-07,2.8097473406916165e-06,1.482850682155661e-05,4.561105174394596e-05,1.5192866492584305e-07,8.228869651975627e-06,0.00018177721665028164,0.001287663190413789,4.975461885140022e-06,2.290446438787743e-06,3.119202735595524e-06,7.824275165186675e-06,5.531991800841131e-06,3.8797184120229834e-08,9.030661594593921e-08,3.742042438813475e-09,3.00394273806019e-08,3.8941480735444313e-13,7.340693793124561e-08,3.7546224224674916e-08,2.188956817159412e-08,1.3320714102061795e-11,7.683886588571774e-12,3.85777232393586e-05,1.7586924345195654e-06,2.4045205549535005e-05,3.0160217041272576e-09,5.1213363742340324e-14,8.676802177481397e-12,3.1912665852233114e-06,1.6270443921724075e-12,8.742489302077386e-11,7.288625863240684e-10,9.274143999407684e-15,1.6516430030820299e-12,1.3878797210130558e-16,4.272548375878534e-15,4.4965907713633433e-13,8.634956302370199e-09
9.938759124238483e-07,0.4548000023088439,3.76,0.0,0.4712009505022139,0.9998313732083068,0.00018435598213381352,2.0082005896835858e-05,3.0802649643494734e-05,0.028452910074011212,0.028474771408569154,1.0184887116291664e-10,0.0010289179809211835,6.012245254044169e-07,2.8541033314750337e-06,1.5122318169248193e-05,4.6440272300523624e-05,1.5543713909252164e-07,8.422895541386694e-06,0.00018616780988446905,0.0013225131794681229,5.092704271006514e-06,2.3633847998208077e-06,3.2232532945368837e-06,8.072107444955554e-06,5.668796918113256e-06,4.085182813064186e-08,9.532623289968613e-08,3.830147266722534e-09,3.1481811985732785e-08,4.1105197584642587e-13,7.590201326457186e-08,3.9542645884823185e-08,2.3104402094708016e-08,1.4062821355376906e-11,8.110293953563289e-12,3.881818790630197e-05,1.7831821054256153e-06,2.4140290889621594e-05,3.120605245641344e-09,5.3691465925715844e-14,8.953038362801812e-12,3.2349104562780953e-06,1.7284064006924853e-12,9.243741805637747e-11,7.345990975538011e-10,9.779203174744218e-15,1.7789495533115945e-12,1.5106635981528208e-16,4.496569487234882e-15,4.732661824464515e-13,8.810222425484583e-09
9.999999999999997e-07,0.4548202670535006,3.76,0.0,0.47100013157313797,0.9998278571366916,0.00018877102261504047,2.028087729665074e-05,3.144665088865799e-05,0.028622412613466847,0.02864475919405199,1.024622280980787e-10,0.0010527622425629858,6.049981067653981e-07,2.8924912619923556e-06,1.5375974943819986e-05,4.715762810138271e-05,1.5847993142531114e-07,8.591218133857578e-06,0.00018997837716815146,0.001352800188499101,5.194427289870549e-06,2.427046908740494e-06,3.3142432166921085e-06,8.288607045306064e-06,5.787602213422876e-06,4.267968866605032e-08,9.979972180405041e-08,3.906576470488973e-09,3.2762037985213046e-08,4.303344259225672e-13,7.80938357695399e-08,4.1318920968453766e-08,2.418694542533299e-08,1.472436521321333e-11,8.49025893121721e-12,3.902236477320588e-05,1.804155579384777e-06,2.422102982291475e-05,3.2120718443504584e-09,5.589174631257385e-14,9.194154235485189e-12,3.2722362176011962e-06,1.819283492540563e-12,9.691635664133019e-11,7.395332642361639e-10,1.0229133584149857e-14,1.894702330426086e-12,1.6239034491388839e-16,4.6958247859156085e-15,4.94264172469295e-13,8.96168446443702e-09
1.0010754454658717e-06,0.4548202670535006,3.76,0.0,0.47096481092109177,0.9998272327504406,0.00018955568150414665,2.0315860583155835e-05,3.1561001490290765e-05,0.02865217034176532,0.02867460320274041,1.0256985255200182e-10,0.0010569984627965142,6.056608939119953e-07,2.899296050086899e-06,1.5420878382412313e-05,4.728475691344531e-05,1.5901990055954733e-07,8.621092621726762e-06,0.0001906548441105085,0.0013581807238431621,5.212482629405313e-06,2.438382822573434e-06,3.3304617347942226e-06,8.327175880038227e-06,5.808700028156751e-06,4.3008518289120426e-08,1.006052552182436e-07,3.9201410041001705e-09,3.299207060711003e-08,4.3380652238514714e-13,7.848549974412414e-08,4.163849042647081e-08,2.4381865639619417e-08,1.4843505654983715e-11,8.558673708471453e-12,3.905818548585535e-05,1.8078522821814923e-06,2.4235196050019935e-05,3.2283763299578704e-09,5.62871706826678e-14,9.23708937859017e-12,3.2788100283208152e-06,1.835700304239799e-12,9.772402365654588e-11,7.404050483886701e-10,1.0310135560861971e-14,1.91577162714281e-12,1.6446750365070186e-16,4.731666900180019e-15,4.98041362589196e-13,8.988511376307357e-09
1.0082749785078952e-06,0.45484059482526834,3.76,0.0,0.470727927948174,0.9998229987030077,0.00019488145138551807,2.0550513003004864e-05,3.2336338356287036e-05,0.028851317102283325,0.028874335914143588,1.0329075535641208e-10,0.0010857396877656782,6.100988284685394e-07,2.94534789345671e-06,1.5724281912615157e-05,4.8144823482308675e-05,1.6267867119769865e-07,8.823547558589285e-06,0.0001952403638315713,0.0013946832698241965,5.33485033112883e-06,2.5154937368174093e-06,3.4409155667771823e-06,8.589678968476982e-06,5.9517697179886345e-06,4.527206999104904e-08,1.0615629517037626e-07,4.012062738661875e-09,3.4573367471296546e-08,4.577327139628273e-13,8.116083933130062e-08,4.3838455328926095e-08,2.5724994688656624e-08,1.5664660031591384e-11,9.03008993220305e-12,3.9297722223866846e-05,1.832704915271969e-06,2.432994705495773e-05,3.3394234580438764e-09,5.900601102488954e-14,9.529159063738653e-12,3.3229646462140406e-06,1.9492549292696765e-12,1.0329911059705045e-10,7.46282915717371e-10,1.0868210143613506e-14,2.0628037722773784e-12,1.7909632962590435e-16,4.978363912108785e-15,5.240398160707404e-13,9.169889495998543e-09
1.0147545582457163e-06,0.4548589449505935,3.76,0.0,0.47051408305541864,0.9998191063484149,0.000199784723372149,2.0762380071778105e-05,3.3048969190043514e-05,0.02903045158980944,0.029054010399643483,1.0393991950778549e-10,0.0011121833668856938,6.14094457348569e-07,2.9875480741683663e-06,1.6001566354093646e-05,4.8932474026058604e-05,1.660380133813585e-07,9.009470519070381e-06,0.00019945326072582113,0.0014282641942334313,5.4472401620662065e-06,2.5867451217514e-06,3.5431729410028607e-06,8.832456565888975e-06,6.083297785006177e-06,4.740478913992612e-08,1.1139570109727473e-07,4.096473680022394e-09,3.606000528197592e-08,4.80314917325358e-13,8.365013975925475e-08,4.5911500850043673e-08,2.6992576963394776e-08,1.6439937030512993e-11,9.474979713081698e-12,3.951291664627669e-05,1.8552299920586623e-06,2.4415113000098268e-05,3.4422419656408365e-09,6.15630292971582e-14,9.799050308741327e-12,3.362921333205521e-06,2.0570928276107695e-12,1.0857583067891105e-10,7.516365842458699e-10,1.1394781775317528e-14,2.2044764384294783e-12,1.9340662425703213e-16,5.210760642786938e-15,5.485319765208541e-13,9.335827514530087e-09
1.0212341379835375e-06,0.4548773484636774,3.76,0.0,0.47029960853781216,0.9998151350022207,0.0002047944166958242,2.0974889438754435e-05,3.377593244870916e-05,0.029209493103714932,0.029233604178144648,1.0458913900924655e-10,0.0011391841314046236,6.180916384831749e-07,3.0304798883325662e-06,1.6282925254524833e-05,4.973324992339124e-05,1.694616775617043e-07,9.198979657759678e-06,0.00020374917229487433,0.001462549115658042,5.561811992519012e-06,2.65979276875181e-06,3.648198720437877e-06,9.081573180756195e-06,6.2174997568197455e-06,4.963196855447998e-08,1.1687616631038506e-07,4.182508218625772e-09,3.760938255783084e-08,5.039353179742699e-13,8.621946098085818e-08,4.8076592687975396e-08,2.8318335935099247e-08,1.725110800563754e-11,9.940277041287282e-12,3.9727748001980296e-05,1.8779061248880673e-06,2.4500195062888848e-05,3.5478556302305166e-09,6.422888371601181e-14,1.0075761735654095e-11,3.403083621803333e-06,2.170547269574833e-12,1.1411002754537791e-10,7.570524622787692e-10,1.1945428808735388e-14,2.355601012242136e-12,2.0889538957249482e-16,5.453412167325261e-15,5.741056115869843e-13,9.504374421043406e-09
1.0277137177213587e-06,0.4548958065030135,3.76,0.0,0.4700844910044499,0.9998110831099907,0.0002099126314589434,2.1188039527950375e-05,3.451750864424996e-05,0.02938844113758774,0.029413117029377957,1.052381002200101e-10,0.0011667526460557396,6.2209051609461e-07,3.0741608745757248e-06,1.6568433198316477e-05,5.054739687262946e-05,1.7295101877457543e-07,9.392141884686005e-06,0.0002081296789945523,0.0014975515068935742,5.678607095349409e-06,2.734678236679391e-06,3.7560614122842356e-06,9.337184413692644e-06,6.35442888137759e-06,5.195759171858844e-08,1.226081509787975e-07,4.270196520729044e-09,3.922412272014579e-08,5.286389140367708e-13,8.887162238571295e-08,5.0337616683234405e-08,2.97047884192831e-08,1.8099745470388368e-11,1.0426863898572305e-11,3.994222142585567e-05,1.900734990470967e-06,2.458521310891643e-05,3.6563340774560725e-09,6.700816779957545e-14,1.0359452735772443e-11,3.443451056196616e-06,2.289895958159817e-12,1.1991378650099934e-10,7.625324943986603e-10,1.252120879849656e-14,2.5167942184333773e-12,2.25661517103051e-16,5.70675176193412e-15,6.008064225864129e-13,9.675582936378374e-09
1.0341932974591799e-06,0.4549143202279679,3.76,0.0,0.4698687168187434,0.9998069490869791,0.00021514150793930161,2.140182892936461e-05,3.527398377010506e-05,0.02956729517370611,0.029592548728404316,1.0588748902056361e-10,0.001194899771226058,6.260912410568731e-07,3.118608972156958e-06,1.6858166676585298e-05,5.137516513469881e-05,1.7650742535671992e-07,9.589025331463594e-06,0.00021259639078179102,0.0015332850878280297,5.797667519767437e-06,2.8114439921244006e-06,3.86683107752526e-06,9.599449465132953e-06,6.4941394765360235e-06,5.438580405989143e-08,1.2860254911708344e-07,4.359569299590483e-09,4.090695791964265e-08,5.544725669437712e-13,9.160954929200365e-08,5.269861660630314e-08,3.1154555279260645e-08,1.8987487998768022e-11,1.0935658673357675e-11,4.0156342253580545e-05,1.9237183528845654e-06,2.467018730637044e-05,3.76774863442366e-09,6.990566753854164e-14,1.0650286264937045e-11,3.4840231879522145e-06,2.4154297701872986e-12,1.25999740884604e-10,7.680786719369322e-10,1.3123225001882169e-14,2.6887123914084162e-12,2.4381225330616284e-16,5.97123043715989e-15,6.286819821382698e-13,9.849507241676235e-09
1.040672877197001e-06,0.45493289081931326,3.76,0.0,0.4696522720940941,0.9998027313175459,0.0002204832273476184,2.1616256401122655e-05,3.6045649407512254e-05,0.029746054682811267,0.029771899045531933,1.0653708008936675e-10,0.0012236365663854066,6.300939711855111e-07,3.1638425299226638e-06,1.7152204135545864e-05,5.221680960981703e-05,1.801323198370223e-07,9.789699372487344e-06,0.00021715094764111715,0.0015697638297653357,5.919036105702938e-06,2.8901334282077304e-06,3.980579363201035e-06,9.868531213677266e-06,6.636686951899781e-06,5.692091931652075e-08,1.3487070581842947e-07,4.450657824782521e-09,4.26607334540975e-08,5.814850753140265e-13,9.443627696786092e-08,5.5163800348368166e-08,3.2670365545037486e-08,1.9916042894730308e-11,1.1467617598912655e-11,4.0370116030298645e-05,1.946858067064894e-06,2.4755138136117748e-05,3.8821723737870285e-09,7.292636925927858e-14,1.0948428917458367e-11,3.524799576267838e-06,2.547453356980351e-12,1.3238109597646857e-10,7.736930344377522e-10,1.3752628391979908e-14,2.8720539605309324e-12,2.6346391423691594e-16,6.247317641008398e-15,6.57781809407729e-13,1.0026203020424243e-08
1.04650449896104e-06,0.45494965396562703,3.76,0.0,0.46945688684887493,0.9997988623611723,0.00022538909188855215,2.1809785786703508e-05,3.675338194960806e-05,0.02990685697349366,0.02993324455568638,1.0712163370594378e-10,0.0012500131537197632,6.336982789881668e-07,3.205239803041492e-06,1.742058420304502e-05,5.2986368274845804e-05,1.834544860281398e-07,9.973605324110346e-06,0.00022132653642142777,0.0016032435635418975,6.030277367220642e-06,2.962635293781628e-06,4.085560061333532e-06,1.0116670710254906e-05,6.767451905841841e-06,5.929763125974035e-08,1.4075586499319052e-07,4.534130760777581e-09,4.430223192378341e-08,6.068462088955911e-13,9.705885713152208e-08,5.7475158102600744e-08,3.4093408035507863e-08,2.0788105572328904e-11,1.196700800261989e-11,4.0562220459827195e-05,1.9678190998201455e-06,2.483159109113973e-05,3.987788427546031e-09,7.5754627793925e-14,1.1223147291781845e-11,3.5616726071488283e-06,2.672086740842975e-12,1.3838827813768078e-10,7.788059845566413e-10,1.4343498864616748e-14,3.0474416802810675e-12,2.82537748751316e-16,6.506124893916709e-15,6.850609605699174e-13,1.0187646098826783e-08
1.052336120725079e-06,0.45496646503925764,3.76,0.0,0.4692609365281833,0.99979492301346,0.0002303898091439916,2.2003830477580096e-05,3.747388026234121e-05,0.030067581856487568,0.03009452378221857,1.0770644307595363e-10,0.0012768848460779627,6.373044701408708e-07,3.24730247316807e-06,1.7692575706529205e-05,5.376756948199019e-05,1.8683439523313758e-07,1.0160691244356001e-05,0.0002255758718218105,0.0016373489501223812,6.1434559672286995e-06,3.0367642334697463e-06,4.193067321321761e-06,1.0370590795054794e-05,6.9006024951409114e-06,6.176796622477058e-08,1.4688128225134755e-07,4.619042837229181e-09,4.600583556119541e-08,6.332418404640122e-13,9.975829343306335e-08,5.987776371129244e-08,3.5574398256612456e-08,2.169601447407402e-11,1.2486721379143784e-11,4.075405280335849e-05,1.9889098445331143e-06,2.4908057362226717e-05,4.09595838329824e-09,7.869082280829321e-14,1.150405075136249e-11,3.5987104251590414e-06,2.8024781167980156e-12,1.4465639989339336e-10,7.839774146790688e-10,1.4958436218538434e-14,3.23325851152016e-12,3.0302870629782627e-16,6.775100666408581e-15,7.134125227551806e-13,1.0351423227976987e-08
1.058167742489118e-06,0.4549833249468215,3.76,0.0,0.46906441047145486,0.9997909120300145,0.00023548705739145025,2.2198389926904902e-05,3.8207368958138586e-05,0.03022822892104278,0.03025573654746845,1.0829162364575409e-10,0.001304260133537408,6.409126753596643e-07,3.290044804830774e-06,1.796824009844651e-05,5.456060900593136e-05,1.9027315927272771e-07,1.0351010376544936e-05,0.00022990021394600417,0.0016720907147177682,6.258604838348361e-06,3.1125538829197057e-06,4.303156802538957e-06,1.0630418173644454e-05,7.0361814722156616e-06,6.433544586006724e-08,1.5325623942975686e-07,4.7054180441223034e-09,4.7773872702837215e-08,6.607118862972273e-13,1.0253704428000205e-07,6.237505223878595e-08,3.711556810830597e-08,2.264116850720455e-11,1.3027539630372224e-11,4.094561757587757e-05,2.010131857247019e-06,2.4984552571721872e-05,4.2067393234801814e-09,8.173903985951199e-14,1.179126862845936e-11,3.6359127259041697e-06,2.93888080433162e-12,1.5119637907262722e-10,7.892089179382467e-10,1.5598387230296955e-14,3.430112218369084e-12,3.2504364193074825e-16,7.0546285459732574e-15,7.428769578446589e-13,1.051757830069551e-08
1.063999364253157e-06,0.455000234609837,3.76,0.0,0.4688672978428129,0.9997868281446429,0.0002406825437522187,2.239346370403478e-05,3.895407659529094e-05,0.030388797748237117,0.030416882670442055,1.0887652728064528e-10,0.001332147645727532,6.445230307193962e-07,3.3334813549929185e-06,1.8247640243778726e-05,5.5365685863437634e-05,1.9377191480635737e-07,1.0544616834789675e-05,0.00023430084397353307,0.001707479758756055,6.375757469764454e-06,3.190038534622532e-06,4.415885289668955e-06,1.0896282171589188e-05,7.174232363386033e-06,6.700371978610781e-08,1.5989036208618867e-07,4.793280760870653e-09,4.960875820853723e-08,6.89297738364054e-13,1.0539765134101486e-07,6.497058351509826e-08,3.8719231874534236e-08,2.362501908256216e-11,1.359027347386283e-11,4.113691945393595e-05,2.031486763307589e-06,2.5061092574024048e-05,4.320189594774729e-09,8.490351800939756e-14,1.2084932843511808e-11,3.673279210705559e-06,3.0815588511369644e-12,1.5801957517181292e-10,7.945021230400993e-10,1.6264335540756004e-14,3.638645504737958e-12,3.4869750024064047e-16,7.345106191981648e-15,7.734962099764855e-13,1.068615630979999e-08
1.0698309860171961e-06,0.45501719496509035,3.76,0.0,0.46866958762833194,0.9997826700689819,0.00024597800467551594,2.2589051496002375e-05,3.9714235746288044e-05,0.03054928791082735,0.03057796196675908,1.0946172567492648e-10,0.0013605561539963317,6.481356778601194e-07,3.3776269788808633e-06,1.8530840452075994e-05,5.618300236118216e-05,1.9733182392949698e-07,1.0741565617321744e-05,0.00023877906449316512,0.0017435271626131928,6.494947916399929e-06,3.269253149912482e-06,4.531310713339993e-06,1.116831478500701e-05,7.3147994830536e-06,6.97765700553112e-08,1.6679363151716313e-07,4.882655762189287e-09,5.151299656676451e-08,7.190423157055005e-13,1.083427423397416e-07,6.766804646045094e-08,4.038778909315241e-08,2.4649071985600438e-11,1.4175763443243448e-11,4.132796328173208e-05,2.0529762598083808e-06,2.5137693462239e-05,4.436368837771787e-09,8.818865552131041e-14,1.2385177960553797e-11,3.7108095867795125e-06,3.2307874639387336e-12,1.6513780639793746e-10,7.998586952800991e-10,1.6957303135035573e-14,3.859537938529684e-12,3.741139394851271e-16,7.64694587124704e-15,8.053137590390488e-13,1.085720337659842e-08
1.0750794456048312e-06,0.4550325034133153,3.76,0.0,0.46849112825069233,0.9997788632851862,0.00025083085696205596,2.276551982885745e-05,4.041007553841507e-05,0.030693661438980852,0.03072287604149135,1.0998886549761099e-10,0.0013865766285693093,6.513891414831623e-07,3.4179768213971524e-06,1.8789024035874344e-05,5.692922199784196e-05,2.0058900992539583e-07,1.0921723388287915e-05,0.00024287689694546327,0.0017765420280850795,6.603990260199791e-06,3.342054866869231e-06,4.637548295358596e-06,1.1418529591606694e-05,7.443498538626649e-06,7.23647843958502e-08,1.732452408761785e-07,4.964407066397641e-09,5.328825259493385e-08,7.46839892105866e-13,1.1106780152653657e-07,7.018607124482759e-08,4.194702883945943e-08,2.5606382520455364e-11,1.4722880478424794e-11,4.1499686237761945e-05,2.0724333440188284e-06,2.5206699817893046e-05,4.543313787547613e-09,9.125221117065042e-14,1.2661138623716718e-11,3.74472681520144e-06,3.370930767615438e-12,1.7180662126424885e-10,8.047351958749218e-10,1.7604952228518385e-14,4.0695012528494885e-12,3.986054897609401e-16,7.928668946412092e-15,8.350113142580657e-13,1.1013295833507013e-08
1.0803279051924664e-06,0.45504785439829176,3.76,0.0,0.4683121674749193,0.9997749943741596,0.00025576742755669145,2.294240429771803e-05,4.111717809667395e-05,0.030837970572379282,0.03086773569520173,1.1051579276148987e-10,0.0014130329299395722,6.546446924173395e-07,3.4589245550855985e-06,1.9050387945579773e-05,5.768567453354026e-05,2.0389757705178393e-07,1.110467508577708e-05,0.0002470396308748471,0.001810107622855754,6.714736927586146e-06,3.4163131795225552e-06,4.746062155363742e-06,1.1673950195650159e-05,7.5743057300292115e-06,7.504383370943973e-08,1.7993104708106278e-07,5.047422344193822e-09,5.5123747394573755e-08,7.756456369265171e-13,1.138655363976656e-07,7.279263771369625e-08,4.3562723273286325e-08,2.6598700816128865e-11,1.5289792832122363e-11,4.167120801929307e-05,2.0920022251176588e-06,2.5275780808174055e-05,4.652563952486181e-09,9.44206403080382e-14,1.2942642918601865e-11,3.778776358602642e-06,3.516829687492586e-12,1.7873367318200996e-10,8.096656709334841e-10,1.8276149254025033e-14,4.2906093702163516e-12,4.2473629912744475e-16,8.220263435882096e-15,8.657499719960937e-13,1.1171461799142317e-08
1.0855763647801015e-06,0.4550632486354666,3.76,0.0,0.46813269689059833,0.9997710623490681,0.0002607890452822827,2.3119704925291357e-05,4.183572159182469e-05,0.030982214981662162,0.031012540786224518,1.1104305455175541e-10,0.0014399317558339943,6.579024463735061e-07,3.500481653522622e-06,1.9314982200295138e-05,5.845251448171016e-05,2.0725842787182862e-07,1.12904626960099e-05,0.00025126826173453316,0.0018442324076204243,6.82721395834826e-06,3.4920550140636715e-06,4.856896991614787e-06,1.1934678582465289e-05,7.707255058966282e-06,7.781676948699984e-08,1.8685911806425764e-07,5.131720502226874e-09,5.7021506536005494e-08,8.05494235549198e-13,1.167380535347572e-07,7.549072201812172e-08,4.523681131814674e-08,2.7627245728339268e-11,1.5877179572906062e-11,4.184253253272317e-05,2.1116843000229896e-06,2.5344948689026994e-05,4.764165625309954e-09,9.769750439859037e-14,1.3229794637495695e-11,3.8129580165811484e-06,3.66870993550296e-12,1.8592860443500585e-10,8.146514147104643e-10,1.8971725146495382e-14,4.523443082525001e-12,4.526173642292951e-16,8.522062335575905e-15,8.975648440488213e-13,1.1331737362956974e-08
1.0902999784089732e-06,0.45507714102936947,3.76,0.0,0.46797073042733406,0.9997674687358338,0.00026538233132995527,2.3279631390026256e-05,4.2492342263232566e-05,0.031111979333972556,0.031142818598060548,1.1151796069313915e-10,0.0014645246727342234,6.608364075521282e-07,3.538413701952457e-06,1.9555921148073347e-05,5.9151681216542346e-05,2.1032865687847616e-07,1.1460131447715738e-05,0.00025513120614398444,0.0018754299144366107,6.9299445870802085e-06,3.561513709698961e-06,4.958670371335651e-06,1.2173958094726333e-05,7.828769531651104e-06,8.03952865063141e-08,1.9330840128288904e-07,5.208701554739845e-09,5.878445422200739e-08,8.332792035560619e-13,1.1938905058318272e-07,7.799978323115883e-08,4.6795071072104185e-08,2.8584950202020312e-11,1.6423912480984636e-11,4.1996559261442525e-05,2.129496146067098e-06,2.540728434324217e-05,4.8666566794092135e-09,1.0074243411474654e-13,1.3493147018006144e-11,3.843834304612567e-06,3.81070961686665e-12,1.9264132902135403e-10,8.191869300882691e-10,1.9619297659816694e-14,4.743522856166035e-12,4.7930459811110025e-16,8.80269000684301e-15,9.271483396230533e-13,1.1477819563623251e-08
1.095023592037845e-06,0.4550910695821598,3.76,0.0,0.46780833779935266,0.9997638224468623,0.0002700465963315067,2.3439895159201068e-05,4.3158510570087825e-05,0.03124169073983148,0.031273051990841766,1.1199289599535862e-10,0.0014894865620333681,6.637723407205755e-07,3.5768574645905923e-06,1.979955596276523e-05,5.985950463443796e-05,2.1344266559800303e-07,1.1632163275813488e-05,0.0002590490923089431,0.0019070936635834743,7.034117766428644e-06,3.6322165459083995e-06,5.062394329472863e-06,1.2417698071840499e-05,7.9520727005858e-06,8.305476983410214e-08,1.9996693301282106e-07,5.286751449666877e-09,6.060110449782115e-08,8.619648279133437e-13,1.2210400704418412e-07,8.058777055688784e-08,4.840375677937966e-08,2.95739656170857e-11,1.6988324768286645e-11,4.2150432499496294e-05,2.147401949605542e-06,2.5469709630608198e-05,4.971125774192534e-09,1.0388094605680536e-13,1.3761237704048004e-11,3.874817306815487e-06,3.957920689015418e-12,1.9958665562465014e-10,8.237692647238096e-10,2.028796131898921e-14,4.974061441477157e-12,5.075974251351045e-16,9.09211997493461e-15,9.576601854061044e-13,1.1625667908426619e-08
1.0997472056667166e-06,0.4551050348376699,3.76,0.0,0.46764551261454884,0.999760122730026,0.00027478285222545465,2.360049642017458e-05,4.3834362330641646e-05,0.03137134894680453,0.03140324085632947,1.1246799807383622e-10,0.001514822513959224,6.667103392903333e-07,3.6158217517330253e-06,2.0045925298335787e-05,6.0576102174776544e-05,2.1660115081864163e-07,1.1806590082723957e-05,0.0002630226773230614,0.0019392300849919995,7.139753312304928e-06,3.704184143807017e-06,5.168103151448986e-06,1.2665976842841159e-05,8.077190522890754e-06,8.579765611861042e-08,2.0684116577984498e-07,5.3658845481397844e-09,6.247307850924646e-08,8.915788444455192e-13,1.2488459588765377e-07,8.325706031282956e-08,5.0064418686428114e-08,3.059526805561821e-11,1.757095929103045e-11,4.230415536698166e-05,2.1654028443176744e-06,2.5532233856727266e-05,5.077608626938443e-09,1.071158937225003e-13,1.4034146295069168e-11,3.905906886432554e-06,4.11052604835386e-12,2.0677236042296127e-10,8.283994189806674e-10,2.0978384562998637e-14,5.21554728089932e-12,5.375934244401491e-16,9.390618322591574e-15,9.89128442377717e-13,1.177531044460424e-08
1.1044708192955883e-06,0.4551190373469321,3.76,0.0,0.46748224839623,0.9997563688225594,0.00027959212499498984,2.3761435415552946e-05,4.452003529230463e-05,0.03150095369844307,0.03153338508467529,1.129433419594861e-10,0.0015405376860269508,6.696504997225557e-07,3.65531551937442e-06,2.0295068527726057e-05,6.130159282995172e-05,2.1980482210503827e-07,1.1983444190360141e-05,0.00026705272846683865,0.0019718456935421637,7.246871311115124e-06,3.777437447472554e-06,5.275831676414155e-06,1.291887403578341e-05,8.20414933681945e-06,8.862645301754068e-08,2.1393774341013284e-07,5.4461153985730746e-09,6.440204589716789e-08,9.221498097214458e-13,1.2773253597555268e-07,8.601009800802255e-08,5.177865285294101e-08,3.16498629587237e-11,1.8172374919177896e-11,4.2457731075605785e-05,2.183500002541547e-06,2.559486645001401e-05,5.186141602804081e-09,1.1045021699920444e-13,1.4311953674613624e-11,3.937102909821851e-06,4.268714793983924e-12,2.1420647111555167e-10,8.330784120598357e-10,2.169125699702567e-14,5.468491359155781e-12,5.69396118684191e-16,9.698458933761665e-15,1.0215819973148083e-12,1.1926775793357432e-08
1.10919443292446e-06,0.45513307766830324,3.76,0.0,0.46731853858205263,0.99975255995091,0.0002844754548596681,2.3922712443835137e-05,4.521566915891475e-05,0.03163050473422566,0.031663484564400796,1.134188828526184e-10,0.0015666373038797378,6.725929216227303e-07,3.6953478715733754e-06,2.054702575629262e-05,6.203609716347616e-05,2.2305440205315535e-07,1.2162758345357865e-05,0.00027114002333776326,0.0020049470901222066,7.355492123407648e-06,3.851997728694576e-06,5.3856153053925994e-06,1.3176470598035835e-05,8.332975867479577e-06,9.154374120429812e-08,2.2126350648587408e-07,5.527458738949859e-09,6.638972622279287e-08,9.537071244052502e-13,1.3064959332387072e-07,8.88494002916426e-08,5.3548102453957445e-08,3.2738785980390164e-11,1.8793146990690843e-11,4.261116293147526e-05,2.2016946363880076e-06,2.56576169644697e-05,5.2967617275697e-09,1.138869447383076e-13,1.459474202942611e-11,3.968405246540306e-06,4.432682431572083e-12,2.2189727475126823e-10,8.378072824419971e-10,2.242729008145306e-14,5.733428225819721e-12,6.031153364994414e-16,1.0015923745582732e-14,1.0550505866517388e-12,1.2080093162258983e-08
1.1139180465533318e-06,0.45514715636754627,3.76,0.0,0.4671543765229386,0.9997486953305877,0.00028943389647112397,2.4084327860082065e-05,4.5921405618605614e-05,0.03176000178949807,0.031793539182376714,1.138946429422227e-10,0.0015931266621443305,6.755377078392285e-07,3.7359280628747212e-06,2.0801837835652076e-05,6.277973732833234e-05,2.2635062655342754e-07,1.234456572439277e-05,0.000275285349982916,0.0020385409627066116,7.465636387601694e-06,3.927886591796576e-06,5.497490009594427e-06,1.3438848817038322e-05,8.463697232683635e-06,9.455217645176156e-08,2.2882549802896863e-07,5.609929499173729e-09,6.843789045451376e-08,9.862810575771862e-13,1.336375824166665e-07,9.177755697863142e-08,5.537445913645296e-08,3.3863103877480413e-11,1.9433867784483298e-11,4.2764454338007306e-05,2.2199879989016736e-06,2.572049508253596e-05,5.409506700804021e-09,1.174291974649532e-13,1.4882594870270583e-11,3.99981376943088e-06,4.602631086919996e-12,2.2985332587912e-10,8.425870883416154e-10,2.3187217845128835e-14,6.010917083181002e-12,6.388675976481452e-16,1.0343302997880503e-14,1.0895648210549782e-12,1.2235292358102838e-08
1.1186416601822035e-06,0.45516127401792167,3.76,0.0,0.46698975548197924,0.9997447741660127,0.00029446851911166906,2.424628207660269e-05,4.6637388372109545e-05,0.03188944459541239,0.031923548823802064,1.1437064824545971e-10,0.001620011125297048,6.784849645648501e-07,3.777065500773966e-06,2.1059546377822403e-05,6.353263708549096e-05,2.2969424506004803e-07,1.252889993953755e-05,0.00027948950703335335,0.0020726340874473114,7.5773250237579015e-06,4.005125978530551e-06,5.611492338844927e-06,1.3706092341395698e-05,8.596340948897059e-06,9.765449177542357e-08,2.3663096935511487e-07,5.693542803426912e-09,7.054836250119716e-08,1.0199027717768965e-12,1.3669836755885122e-07,9.479723313376409e-08,5.72594644165428e-08,3.502391542688229e-11,2.0095147007325383e-11,4.291760879893154e-05,2.2383813852571026e-06,2.5783510618008078e-05,5.524414909350157e-09,1.210801901475899e-13,1.5175597052929757e-11,4.031328354712618e-06,4.778769726926251e-12,2.380834549479201e-10,8.474189081722741e-10,2.3971797627822426e-14,6.301542925613278e-12,6.767765200681674e-16,1.0680895457507862e-14,1.125156210670181e-12,1.2392403800084509e-08
1.1233652738110752e-06,0.4551754312002841,3.76,0.0,0.4668246686333295,0.9997407956503576,0.0002995804068949198,2.4408575563652688e-05,4.736376316137493e-05,0.032018832878865845,0.032053513372182894,1.1484690233998478e-10,0.0016472961285369564,6.814348014408798e-07,3.818769748213522e-06,2.132019376958377e-05,6.429492182253347e-05,2.3308602086491794e-07,1.2715795043667488e-05,0.00028375330383965426,0.0021072333297738476,7.690579237382742e-06,4.083738173026086e-06,5.727659430095497e-06,1.397828620221111e-05,8.730934937263558e-06,1.0085349962519083e-07,2.4468738605831123e-07,5.778313972526335e-09,7.272302078169586e-08,1.0546043486052243e-12,1.398338642584328e-07,9.791117120235737e-08,5.92049111076351e-08,3.622235236379123e-11,2.0777612291654436e-11,4.307062992136095e-05,2.256876133982279e-06,2.5846673518993977e-05,5.641525441066371e-09,1.2484323503831355e-13,1.5473834798900667e-11,4.062948882072879e-06,4.961314386429443e-12,2.465967769146683e-10,8.523038410239098e-10,2.4781810849740367e-14,6.605917722317016e-12,7.169732506709187e-16,1.1029008666346932e-14,1.1618571910616946e-12,1.255145853323527e-08
1.1280888874399469e-06,0.45518962850317835,3.76,0.0,0.46665910906109176,0.9997367589653939,0.0003047706589687138,2.4571208850147008e-05,4.8100677798538335e-05,0.03214816636243844,0.032183432709310934,1.1532341875626702e-10,0.0016749871786670798,6.843873316640282e-07,3.861050526114709e-06,2.1583823187087326e-05,6.506671857239056e-05,2.3652673137687449e-07,1.2905285535930377e-05,0.0002880775606087548,0.002142345645503576,7.805420523283727e-06,4.163745806798933e-06,5.846029016026277e-06,1.4255516834689498e-05,8.8675075297173e-06,1.041520941327324e-07,2.530024341429811e-07,5.864258526312868e-09,7.496379983546602e-08,1.0904188149555156e-12,1.4304604064216247e-07,1.0112219319401001e-07,6.12126447836243e-08,3.74595803439856e-11,2.1481909705620864e-11,4.322352141894105e-05,2.275473628213101e-06,2.5909993870924808e-05,5.7608780988542675e-09,1.2872174459863574e-13,1.5777395716644165e-11,4.094675234762051e-06,5.150488401735598e-12,2.554027000920187e-10,8.572430071527992e-10,2.561806380600734e-14,6.924681649601238e-12,7.595969227347643e-16,1.1387959199016659e-14,1.1997011499027823e-12,1.2712488242144138e-08
1.1328125010688186e-06,0.45520386652293776,3.76,0.0,0.46649306975818644,0.9997326632813297,0.00031004038972089106,2.473418252438981e-05,4.884828219533604e-05,0.032277444764329914,0.03231330671524197,1.1580021421788286e-10,0.001703089854985791,6.873426720967602e-07,3.903917715953253e-06,2.185047861076977e-05,6.584815603223273e-05,2.4001716840735286e-07,1.3097406367277419e-05,0.00029246310854245494,0.0021779780819646314,7.921870669483648e-06,4.245171863829798e-06,5.966639433763996e-06,1.4537872100077382e-05,9.006087475197816e-06,1.0755325342461582e-07,2.615840263360936e-07,5.951392186082237e-09,7.727269198297788e-08,1.1273801700093484e-12,1.4633691891203247e-07,1.0443320292984377e-07,6.328456528488987e-08,3.87367999351852e-11,2.220870427788236e-11,4.337628711509467e-05,2.294175296985435e-06,2.5973481899628102e-05,5.882513415031007e-09,1.3271923451212829e-13,1.608636882335441e-11,4.126507299691283e-06,5.346522652198178e-12,2.6451093527678547e-10,8.622375484846033e-10,2.6481388488446224e-14,7.258504382061437e-12,8.04795141723622e-16,1.1758072920946362e-14,1.2387224544458648e-12,1.2875525265030071e-08
1.1375361146976903e-06,0.4552181458637806,3.76,0.0,0.46632654362520903,0.999728507756651,0.00031539072898809214,2.489749723482285e-05,4.9606728392976854e-05,0.03240666779829569,0.032443135268273984,1.1627730168194151e-10,0.0017316098101889136,6.903009433811335e-07,3.947381362380291e-06,2.212020484059032e-05,6.663936458252084e-05,2.435581384628116e-07,1.3292192946052414e-05,0.0002969107899777093,0.0022141377791323525,8.039951761188533e-06,4.3280396857130135e-06,6.089529633720885e-06,1.4825441307956239e-05,9.146703945971432e-06,1.1106004200376589e-07,2.7044030858944725e-07,6.03973087703692e-09,7.965174903863917e-08,1.1655234130429142e-12,1.4970857684493538e-07,1.0784718835613808e-07,6.542262826954447e-08,4.005524763905181e-11,2.295868053807346e-11,4.352893094636798e-05,2.3129826165667863e-06,2.6037147974466547e-05,6.006472666062902e-09,1.3683932679283968e-13,1.6400844566882356e-11,4.158444967533433e-06,5.549655810298077e-12,2.739315051693461e-10,8.672886291305802e-10,2.7372643437943006e-14,7.60808644626383e-12,8.527245005515796e-16,1.2139685256087587e-14,1.2789564797728433e-12,1.3040602608183456e-08
1.1469833419554335e-06,0.45524683096561597,3.76,0.0,0.46599200200281254,0.9997200137597838,0.00032633783093806066,2.5225152663372148e-05,5.115676518638205e-05,0.03266494659485738,0.032702655519910084,1.1723241266491286e-10,0.001789924540526615,6.962267806857095e-07,4.036139035620029e-06,2.2669053110475124e-05,6.825162500840616e-05,2.50794978966259e-07,1.3689907300414028e-05,0.0003059959792339718,0.002288067985662904,8.281096632152542e-06,4.4981958100101324e-06,6.342308302480237e-06,1.5416586168131208e-05,9.434165307990583e-06,1.184032118264499e-07,2.8901073399000626e-07,6.220088087756389e-09,8.462887336794395e-08,1.2455007350319006e-12,1.5670283008008846e-07,1.1499647318098977e-07,6.990529313842971e-08,4.282095947741549e-11,2.453101713547508e-11,4.383386934709504e-05,2.3509203577418457e-06,2.6165056477111136e-05,6.2615318910808735e-09,1.4546235771346665e-13,1.704667304329881e-11,4.22263669409194e-06,5.9782140851232195e-12,2.937513585465674e-10,8.775651789552675e-10,2.9242516423304635e-14,8.357493659317118e-12,9.574513238819926e-16,1.2938796922536593e-14,1.3632094084090439e-12,1.3377013710878612e-08
1.1564305692131767e-06,0.45527568880392777,3.76,0.0,0.4656554255079078,0.9997112700019276,0.00033762132060291826,2.5554181555636356e-05,5.275204826083979e-05,0.032923000370789185,0.03296199245459932,1.1818887409671017e-10,0.0018499780941068891,7.021658888503689e-07,4.1274072689144485e-06,2.3230743385669106e-05,6.990457729246432e-05,2.5824401036902743e-07,1.409872123016778e-05,0.0003153400952117484,0.002364195281817304,8.52903791563277e-06,4.67440826466988e-06,6.60468923435708e-06,1.6029695726949083e-05,9.730133707192978e-06,1.2620794189317884e-07,3.087838014097471e-07,6.405461732796384e-09,8.991284560218345e-08,1.3306518842954577e-12,1.640465937357153e-07,1.225957257898364e-07,7.46774627800284e-08,4.576736730276298e-11,2.6204807275376333e-11,4.4138370509437106e-05,2.389299659587862e-06,2.6293805327791145e-05,6.526401451226861e-09,1.5462206437029993e-13,1.771563419640442e-11,4.287249619090993e-06,6.438238509941182e-12,3.149490559680091e-10,8.880824337164676e-10,3.1235116435160714e-14,9.179180067908972e-12,1.0752315034658932e-15,1.3788179447040295e-14,1.4527642171674013e-12,1.3721999533759114e-08
1.1658777964709199e-06,0.45530472450654247,3.76,0.0,0.4653167539020364,0.9997022693119367,0.0003492508147770464,2.5884591344446417e-05,5.439387375369483e-05,0.03318082666939969,0.03322114503315572,1.191468207832854e-10,0.001911818429071263,7.081193814839532e-07,4.221272571057228e-06,2.3805665193933823e-05,7.159932705182412e-05,2.659122450742006e-07,1.4518935052863257e-05,0.0003249502921544013,0.002442580241435421,8.783963408777837e-06,4.8568771971828035e-06,6.877007038083606e-06,1.6665538951074437e-05,1.0034858429828929e-05,1.3450211609861946e-07,3.298337805204578e-07,6.59598680976714e-09,9.552240864261909e-08,1.4212958768205268e-12,1.7175865336837728e-07,1.3067212919071062e-07,7.975696028589496e-08,4.890576790544551e-11,2.7986287891664227e-11,4.444247036228327e-05,2.4281341773358086e-06,2.642348298342286e-05,6.801439932378665e-09,1.6435159008391178e-13,1.840850542784001e-11,4.35228301435425e-06,6.93194647152613e-12,3.37617034345377e-10,8.988505608562213e-10,3.335836185283545e-14,1.0080013489839967e-11,1.207701452745462e-15,1.4690889504161742e-14,1.547943258818398e-12,1.4075849733654053e-08
1.175325023728663e-06,0.45533394333740634,3.76,0.0,0.46497592535542653,0.9996930043148158,0.0003612361984530202,2.6216390502736468e-05,5.6083574891778325e-05,0.03343842295642916,0.03348011218608355,1.201063923106715e-10,0.0019754947678922723,7.140884448178517e-07,4.3178243282566244e-06,2.4394222745747374e-05,7.333700871204009e-05,2.7380696095919813e-07,1.4950856962364725e-05,0.00033483391649333607,0.0025232850340315208,9.046066063052443e-06,5.045808994472473e-06,7.159607021819732e-06,1.732491023508695e-05,1.0348596177933858e-05,1.4331525255164953e-07,3.522393617691247e-07,6.791801822462933e-09,1.0147743985126755e-07,1.5177706761967095e-12,1.7985884241387468e-07,1.3925445729764606e-07,8.516266619313426e-08,5.2248141659527465e-11,2.988206518250983e-11,4.4746207000350056e-05,2.467438463348157e-06,2.6554180520945323e-05,7.087019366000418e-09,1.7468611170344646e-13,1.9126089253436295e-11,4.417736222684658e-06,7.461707030017818e-12,3.618537265194655e-10,9.098801372938029e-10,3.5620689035539414e-14,1.1067508270047333e-11,1.3567027788353848e-15,1.5650165209058673e-14,1.6490880145230118e-12,1.443886616903357e-08
1.1847722509864063e-06,0.45536335069963063,3.76,0.0,0.46463287640727696,0.9996834674259893,0.00037358763220689435,2.654958857191843e-05,5.782252305628737e-05,0.03369578661777528,0.03373889281281709,1.2106773851683705e-10,0.002041057628655311,7.200743422538252e-07,4.417154898921185e-06,2.499683550076409e-05,7.511878614937838e-05,2.8193571241068996e-07,1.539480322304174e-05,0.0003449985117379695,0.002606373464184404,9.315544124610037e-06,5.241416464460396e-06,7.4528455035059315e-06,1.800863019769543e-05,1.0671611297603742e-05,1.526785972139194e-07,3.760839124963084e-07,6.993048865502687e-09,1.0779901931061925e-07,1.6204342880368498e-12,1.883681010517043e-07,1.4837316582156792e-07,9.091457954302822e-08,5.580719302949951e-11,3.189913586913491e-11,4.504962081688912e-05,2.507228019791032e-06,2.66859917540244e-05,7.383525793075462e-09,1.8566296410094528e-13,1.98692140886474e-11,4.483608661912165e-06,8.030051143037727e-12,3.8776393769585287e-10,9.21182169571711e-10,3.803108800474701e-14,1.2149886064886644e-11,1.524308014434207e-15,1.666943670705296e-14,1.7565602097073046e-12,1.4811363455402884e-08
1.1942194782441495e-06,0.45539295213931286,3.76,0.0,0.46428754192520066,0.9996736508454215,0.00038631555977751593,2.688419619151603e-05,5.961212887792443e-05,0.03395291495715718,0.03399748578094436,1.2203101946318528e-10,0.0021085588569854266,7.260784191781107e-07,4.519359711503288e-06,2.5613938756939134e-05,7.694585334099093e-05,2.903063418449617e-07,1.5851098367972843e-05,0.0003554518234739254,0.0026919110117349094,9.592601278364569e-06,5.443919022165521e-06,7.757090128599601e-06,1.8717546500825246e-05,1.1004176014563937e-05,1.6262522263750656e-07,4.0145574722799806e-07,7.19987371062391e-09,1.1450950208890458e-07,1.7296659146419851e-12,1.97308538272521e-07,1.580604881008272e-07,9.703388230760956e-08,5.959639338812296e-11,3.404490962148684e-11,4.5352754643984694e-05,2.5475193542799036e-06,2.6819013354451888e-05,7.691359855500785e-09,1.973217721822576e-13,2.0638735058498587e-11,4.549899829185368e-06,8.639682563443295e-12,4.154592439341365e-10,9.327681150743667e-10,4.05991408073626e-14,1.3336142235576198e-11,1.7128494868187903e-15,1.7752337380835706e-14,1.8707429931362482e-12,1.519366954819813e-08
1.2036667055018927e-06,0.4554227533489012,3.76,0.0,0.4639398550638167,0.9996635465515751,0.0003994307158446373,2.7220225130106188e-05,6.145384336316191e-05,0.03420980519371623,0.034255889925414784,1.2299640513522516e-10,0.0021780516586258096,7.321021080595086e-07,4.62453736549963e-06,2.6245984263282894e-05,7.881943502265771e-05,2.989269917366782e-07,1.6320075401175473e-05,0.00036620180447084885,0.0027799648727986157,9.877446795877962e-06,5.653542880439762e-06,8.072720195283667e-06,1.945253469216041e-05,1.1346570677332744e-05,1.7319013210963738e-07,4.2844841289125914e-07,7.412425894629476e-09,1.2163259474882387e-07,1.8458671731197507e-12,2.0670349731885928e-07,1.6835053614999877e-07,1.0354300736162952e-07,6.3630026277303e-11,3.632723271194619e-11,4.56556539008554e-05,2.588330038665559e-06,2.6953344978456142e-05,8.010937416552934e-09,2.0970459082689488e-13,2.1435534831175213e-11,4.616609305521285e-06,9.293489456325162e-12,4.4505841413302273e-10,9.44649904418295e-10,4.3335062844469175e-14,1.4636118375323373e-11,1.9249517569298503e-15,1.8902715698167035e-14,1.9920421850707613e-12,1.5586126354700786e-08
1.2131139327596359e-06,0.45545276017089437,3.76,0.0,0.46358974722246044,0.9996531462952041,0.00041294413401570283,2.7557688317648864e-05,6.334915905331466e-05,0.03446645445955025,0.034514104047730046,1.2396407662991396e-10,0.0022495906326916964,7.381469338556108e-07,4.7327897357904016e-06,2.68934408578033e-05,8.074078735398521e-05,3.078061171917079e-07,1.6802076004075334e-05,0.0003772566199040451,0.0028706040016228855,1.017029568724089e-05,5.8705212455540695e-06,8.400126987430161e-06,2.021449907232316e-05,1.169908400845092e-05,1.8441036964006715e-07,4.5716099008179023e-07,7.630858809054331e-09,1.2919343644403707e-07,1.9694633817453512e-12,2.1657762475302154e-07,1.7927940733497426e-07,1.1046571026650535e-07,6.792323530607521e-11,3.875441298955145e-11,4.59583667507733e-05,2.6296787712052905e-06,2.7089089398264915e-05,8.34269021278021e-09,2.2285605342632506e-13,2.226052447670801e-11,4.683736760633963e-06,9.994556799155209e-12,4.766878574902885e-10,9.568399651003125e-10,4.624974740009331e-14,1.6060581660619298e-11,2.163568141932499e-15,2.0124647744838494e-14,2.120887598199459e-12,1.5989090377220214e-08
1.222561160017379e-06,0.45548297860155207,3.76,0.0,0.4632371480019882,0.9996424415929724,0.0004268671550288996,2.7896599879274955e-05,6.529961121774978e-05,0.03472285979717913,0.03477212691511796,1.2493422678194787e-10,0.0023232318056143285,7.442145197469272e-07,4.8442220804649065e-06,2.7556795131994604e-05,8.271119859079102e-05,3.169524990950443e-07,1.7297450746343337e-05,0.0003886246526929006,0.0029638991533060843,1.0471368857076929e-05,6.095094517767985e-06,8.739714115499726e-06,2.100437358760115e-05,1.2062013364129435e-05,1.9632513615267393e-07,4.876984114189307e-07,7.855329791607115e-09,1.3721868492044677e-07,2.1009049189322926e-12,2.2695694338233055e-07,1.9088529702754673e-07,1.1782714511094935e-07,7.24920748620856e-11,4.133524625903849e-11,4.6260944267163485e-05,2.6715854423412512e-06,2.7226352639215832e-05,8.687066539513668e-09,2.368235296196216e-13,2.3114644351865004e-11,4.751281958061119e-06,1.0746179625598762e-11,5.10482098057202e-10,9.69351246461925e-10,4.9354813617536236e-14,1.7621311725104076e-11,2.432021833234257e-15,2.1422450480741607e-14,2.2577344340613476e-12,1.6402933389593495e-08
1.2320083872751223e-06,0.45551341479467455,3.76,0.0,0.4628819851606753,0.9996314237208984,0.0004412114351765391,2.8236975170581938e-05,6.730677908200253e-05,0.03497901815694036,0.035029957259689125,1.2590706079265186e-10,0.002399032665776363,7.503065932142113e-07,4.958943152226288e-06,2.823655212288871e-05,8.473198976418488e-05,3.263752578574354e-07,1.7806559301091594e-05,0.00040031450895698347,0.0030599229273803484,1.0780893264756908e-05,6.327510496916365e-06,9.091897865406398e-06,2.1823122748712756e-05,1.2435665002539813e-05,2.0897591215878782e-07,5.201717978342744e-07,8.086000219383805e-09,1.457366076889577e-07,2.2406686583910546e-12,2.378689292288265e-07,2.0320861751550686e-07,1.2565394460849905e-07,7.735356378132152e-11,4.4079044133435854e-11,4.65634406093516e-05,2.7140712042677324e-06,2.7365244122638198e-05,9.044531971864802e-09,2.516572927394242e-13,2.3998865011468363e-11,4.8192447606051476e-06,1.1551877166361939e-11,5.465842776385757e-10,9.82197246036052e-10,5.2662658233306245e-14,1.9331195733827307e-11,2.7340521381116582e-15,2.2800695758061026e-14,2.403064759277063e-12,1.682804314869071e-08
1.2414556145328655e-06,0.45554407506547345,3.76,0.0,0.46252418456920397,0.9996200837076173,0.0004559889549525947,2.857883081448732e-05,6.937228709153117e-05,0.035234926394313464,0.03528759377757662,1.2688279705345475e-10,0.002477052198838572,7.56424992476106e-07,5.0770653134649016e-06,2.8933236033696303e-05,8.68045153657983e-05,3.3608386778486764e-07,1.8329770664408534e-05,0.0004123350235904117,0.0031587498122571224,1.109910208890717e-05,6.568024593048273e-06,9.457107555356561e-06,2.267174257607067e-05,1.282035436099843e-05,2.2240658721471295e-07,5.546988136538003e-07,8.323035603827104e-09,1.547771786472672e-07,2.389259484092986e-12,2.4934259273520725e-07,2.1629212345802466e-07,1.3397430465558584e-07,8.252574212610351e-11,4.6995663430054454e-11,4.68659132084381e-05,2.7571585444754197e-06,2.7505876814734583e-05,9.415570123171935e-09,2.6741069752123926e-13,2.4914188146924275e-11,4.8876251361053465e-06,1.2415407943416623e-11,5.851466884277943e-10,9.95392037367918e-10,5.618651142126988e-14,2.120433239291778e-11,3.0738664661917292e-15,2.4264225146845137e-14,2.5573890669941883e-12,1.726482414267967e-08
1.2509028417906087e-06,0.4555749658945233,3.76,0.0,0.46216367016473214,0.9996084123274611,0.0004712120279300222,2.8922184739702457e-05,7.149780621214747e-05,0.03549058126717178,0.03554503512805838,1.2786166795070887e-10,0.002557350923763116,7.625716733085654e-07,5.198704655120851e-06,2.964739098430064e-05,8.893016403865071e-05,3.460881721004783e-07,1.8867463379273175e-05,0.0004246952659559052,0.003260456230541427,1.1426234896316032e-05,6.816900042204406e-06,9.835785900731355e-06,2.3551261572216915e-05,1.3216406342387308e-05,2.3666359654138825e-07,5.914040414876099e-07,8.566605687432954e-09,1.6437218047813417e-07,2.5472118893007608e-12,2.6140856443436785e-07,2.3018104424076283e-07,1.428180735900065e-07,8.802773124999693e-11,5.009553719213503e-11,4.716842296386166e-05,2.800871363495997e-06,2.76483673817435e-05,9.800683443223624e-09,2.841403687127233e-13,2.5861647552862692e-11,4.956423163561106e-06,1.3340785883466815e-11,6.263313371165012e-10,1.0089502994088351e-09,5.994049711374401e-14,2.3256145741301038e-11,3.456198798282293e-15,2.5818165613965204e-14,2.7212479284388418e-12,1.771369837814176e-08
1.2603500690483519e-06,0.45560609393179224,3.76,0.0,0.4618003639040317,0.999596400093346,0.00048689330987451777,2.926705622089802e-05,7.3685055268341e-05,0.03574597943295906,0.035802279932662336,1.2884392071488015e-10,0.0026399909295412812,7.687487162695294e-07,5.323981119475296e-06,3.037958179302613e-05,9.111035927313781e-05,3.563983986519795e-07,1.9420025763911414e-05,0.00043740454570041337,0.00336512058522398,1.1762537815361983e-05,7.0744081274378634e-06,1.022838938711074e-05,2.446274172222271e-05,1.3624155611189352e-05,2.5179606522262534e-07,6.30419378058254e-07,8.816884542226475e-09,1.7455531318833218e-07,2.715091664434489e-12,2.7409918533521896e-07,2.449232236247462e-07,1.522168464169545e-07,9.387979734855124e-11,5.338970742788361e-11,4.747103445127583e-05,2.8452350570954334e-06,2.779283635169943e-05,1.0200394058871341e-08,3.019064012858116e-13,2.684231012259677e-11,5.025639039627961e-06,1.4332297524053996e-11,6.703105423819903e-10,1.0228873475751084e-09,6.393969819541869e-14,2.5503509673771556e-11,3.886375462993384e-15,2.7467946103691635e-14,2.8952137391987267e-12,1.817510620837578e-08
1.269797296306095e-06,0.45563746600075283,3.76,0.0,0.4614341857156855,0.9995840372494668,0.0005030458081010439,2.9613465920632675e-05,7.593580232067546e-05,0.036001117445789745,0.036059326774254004,1.2982981833657503e-10,0.0027250359126313327,7.749583343520791e-07,5.4530186270073455e-06,3.113039479112014e-05,9.33465601075553e-05,3.6702517633799325e-07,1.9987856144633683e-05,0.0004504724186939434,0.0034728233067575403,1.2108263714088034e-05,7.3408284051618745e-06,1.063538865151146e-05,2.5407279522806745e-05,1.4043946899497389e-05,2.678559603960309e-07,6.718844521320334e-07,9.074050670015378e-09,1.853623091653382e-07,2.8934976786813334e-12,2.87448602283675e-07,2.605692670865391e-07,1.6220406427758096e-07,1.0010341870023918e-10,5.688985966129746e-11,4.7773816142382366e-05,2.8902766031708436e-06,2.793940828310941e-05,1.0615244659770117e-08,3.2077257298600916e-13,2.7857276873206214e-11,5.095273085509312e-06,1.5394520389471157e-11,7.172675676334514e-10,1.0372191665675848e-09,6.820022701832081e-14,2.796488422428155e-11,4.370389124925561e-15,2.921931507145312e-14,3.0798925655950897e-12,1.8649507205305795e-08
1.2792445235638383e-06,0.4556690891025769,3.76,0.0,0.461065053451337,0.9995713137637905,0.0005196828910789612,2.996143593311591e-05,7.825186608335666e-05,0.03625599175347042,0.03631617419610659,1.3081964052931783e-10,0.002812551215109276,7.81202881089495e-07,5.585945207446619e-06,3.190043867138459e-05,9.564026183248859e-05,3.779795522866707e-07,2.0571363093170832e-05,0.0004639086930928041,0.0035836469010202127,1.246367238303652e-05,7.616448936887402e-06,1.1057268871876873e-05,2.638600704086236e-05,1.447613532334844e-05,2.8489825185280275e-07,7.159470657357903e-07,9.338287104411777e-09,1.9683105513949718e-07,3.083063760318886e-12,3.014928685615248e-07,2.771726972496939e-07,1.7281511943946707e-07,1.0672135680618e-10,6.060835939052279e-11,4.807684063737698e-05,2.936024653610531e-06,2.8088211940866207e-05,1.104579943210209e-08,3.408065699789083e-13,2.8907684001099647e-11,5.165325754267146e-06,1.6532342617253267e-11,7.673972909084662e-10,1.0519624450608211e-09,7.273930173710706e-14,3.066046472165028e-11,4.914981996105234e-15,3.107835902522405e-14,3.275926097152849e-12,1.9137381077472377e-08
1.2886917508215815e-06,0.45570097042041324,3.76,0.0,0.4606928828359864,0.9995582193203411,0.0005368182982916718,3.0310989829879122e-05,8.063511738309192e-05,0.03651059869444123,0.03657282070095361,1.3181368474857422e-10,0.0029026038635345005,7.874848591373182e-07,5.7228931351545175e-06,3.269034537245745e-05,9.799299669834146e-05,3.892730098214841e-07,2.1170965668522216e-05,0.0004777234355283556,0.0036976759981672924,1.282903072295606e-05,7.901566526413637e-06,1.1494530164844887e-05,2.740009300209116e-05,1.492108670975807e-05,3.0298108148923425e-07,7.627636598974919e-07,9.609781514614478e-09,2.0900172146260996e-07,3.2844606809528036e-12,3.1627004999883335e-07,2.947901178289928e-07,1.8408746610163278e-07,1.1375773164904389e-10,6.455829055389357e-11,4.8380184910696856e-05,2.9825096313907665e-06,2.8239380479733056e-05,1.1492645043344923e-08,3.620802264010859e-13,2.999470396887372e-11,5.2357976385766025e-06,1.7750983921873447e-11,8.209069139387142e-10,1.0671346123804216e-09,7.757532900901198e-14,3.3612345036325505e-11,5.5277394225042195e-15,3.305152213199212e-14,3.4839937112492477e-12,1.9639228636736912e-08
1.2981389780793247e-06,0.45573311732374855,3.76,0.0,0.46031758741732953,0.9995447433112786,0.0005544661503571159,3.066215270743377e-05,8.308748066044492e-05,0.03676493449463515,0.03682926475002389,1.3281226727225906e-10,0.0029952626085325428,7.938069293595639e-07,5.863999068976446e-06,3.350077100034748e-05,0.00010040633462523011,4.0091748725146943e-07,2.1787093663333342e-05,0.0004919269774224201,0.0038149974023735543,1.3204612937500942e-05,8.196486962541982e-06,1.1947687991821314e-05,2.8450743910488498e-05,1.5379177934860005e-05,3.2216594208793497e-07,8.12499806231939e-07,9.888726310948166e-09,2.2191689914495965e-07,3.498398249218655e-12,3.3182033689417405e-07,3.134813865401394e-07,1.9606073732616613e-07,1.212381013077983e-10,6.875349611045194e-11,4.868393057080592e-05,3.0297638332024245e-06,2.8393051635759566e-05,1.1956391681415454e-08,3.846697786837638e-13,3.111954662431217e-11,5.306689478950888e-06,1.9056017989659042e-11,8.780167125648614e-10,1.0827538772904083e-09,8.272799365640334e-14,3.684469626180958e-11,6.217195148789326e-15,3.51456269499661e-14,3.704814656141893e-12,2.0155572816533264e-08
1.3075862053370679e-06,0.45576553737285447,3.76,0.0,0.4599390785141313,0.9995308748287577,0.0005726409594157298,3.1014951237000686e-05,8.561093551495027e-05,0.03701899526425331,0.0370855047620592,1.3381572434363044e-10,0.0030905979650969386,8.001719204477422e-07,6.009404196714241e-06,3.433239678891847e-05,0.00010288188391441561,4.1292539752525605e-07,2.2420187854818268e-05,0.0005065299214305019,0.003935700142467368,1.3590700731050164e-05,8.501525267383287e-06,1.2417273573380661e-05,2.9539205199456388e-05,1.585079727357272e-05,3.4251786593344186e-07,8.653307257724559e-07,1.017531875215164e-08,2.3562174512252283e-07,3.72562751982836e-12,3.481861620542234e-07,3.333097974538054e-07,2.0877686842713697e-07,1.2918954617999763e-10,7.320862084806947e-11,4.898816413479832e-05,3.077821537918643e-06,2.8549367926009216e-05,1.2437674151786576e-08,4.086561355772156e-13,3.2283460352406346e-11,5.37800217246491e-06,2.045339640635501e-11,9.389608307961121e-10,1.0988392690178274e-09,8.821835595617498e-14,4.0383962307365155e-11,6.9929497211014654e-15,3.736789635058209e-14,3.939150359077012e-12,2.068695974469659e-08
1.317033432594811e-06,0.45579823832331634,3.76,0.0,0.45955726516363016,0.9995166026565634,0.0005913576397925238,3.136941371639713e-05,8.820751829527138e-05,0.03727277699445418,0.03734153911231429,1.3482441338077852e-10,0.0031886822536108775,8.065828391024564e-07,6.159254384371212e-06,3.518593010108899e-05,0.00010542129196037682,4.253096487897618e-07,2.3070700260234518e-05,0.0005215431480138357,0.004059875523456503,1.3987583511772997e-05,8.81700595031973e-06,1.2903834312000398e-05,3.066676241532161e-05,1.6336344761224683e-05,3.641056237869541e-07,9.214418365172403e-07,1.0469761054401638e-08,2.501641362530902e-07,3.966943124120792e-12,3.6541232527880106e-07,3.543422732933382e-07,2.2228022716337448e-07,1.376407580764452e-10,7.793915653762485e-11,4.929297731863907e-05,3.126719121230264e-06,2.870847685699534e-05,1.2937153036434071e-08,4.3412516485991814e-13,3.348773326129011e-11,5.449736782007546e-06,2.1949474225999873e-11,1.0039881208944975e-09,1.1154106806520467e-09,9.406895729219537e-14,4.425907401875157e-11,7.86580366364455e-15,3.972597669804332e-14,4.187806866696047e-12,2.1233959874075216e-08
1.3264806598525543e-06,0.4558312281306499,3.76,0.0,0.4591720540679722,0.9995019152615215,0.0006106315189399531,3.1725570124172006e-05,9.087932373569629e-05,0.03752627555395505,0.03759736613153958,1.3583871425662342e-10,0.003289589641588084,8.13042880808734e-07,6.313700330324621e-06,3.606210547258603e-05,0.00010802624596255294,4.3808366589600826e-07,2.3739094396908663e-05,0.000536977822141103,0.0041876171789436865,1.4395558600066932e-05,9.143263267675022e-06,1.3407934223116964e-05,3.18347424340352e-05,1.6836232567584815e-05,3.8700193476823314e-07,9.810293312269777e-07,1.0772260502055588e-08,2.655948325683859e-07,4.223185728555596e-12,3.835461246323559e-07,3.7664956819710165e-07,2.366177510977131e-07,1.4662213446686217e-10,8.29614895570546e-11,4.9598467343900445e-05,3.1764951767919994e-06,2.887053114223967e-05,1.3455515918748025e-08,4.611679977756476e-13,3.473369440299602e-11,5.5218945460941654e-06,2.355103729755772e-11,1.0733630319662924e-09,1.1324889150667453e-09,1.0030393498367871e-13,4.850168359727281e-11,8.84790727131048e-15,4.22279623579894e-14,4.451637425282572e-12,2.1797169174316983e-08
1.3359278871102975e-06,0.4558645149549992,3.76,0.0,0.45878334953967015,0.9994868007846729,0.0006304783486683858,3.208345217608378e-05,9.362850664029827e-05,0.03777948668554359,0.03785298410494658,1.3685903065305075e-10,0.0033933961861312635,8.195554412379887e-07,6.472897724584614e-06,3.696168570017711e-05,0.00011069847363571126,4.5126141289642997e-07,2.4425845546803297e-05,0.0005528454001205374,0.004319021124428604,1.4814931442495994e-05,9.48064148814304e-06,1.3930154374476896e-05,3.3044514711840604e-05,1.7350885383766338e-05,4.112836877222603e-07,1.044300787087852e-06,1.1083029560093156e-08,2.819676503415902e-07,4.495244627908609e-12,4.026374948601074e-07,4.0030648149287784e-07,2.518390925035676e-07,1.561658781711248e-10,8.829295111522913e-11,4.990473726189858e-05,3.227190644240948e-06,2.9035688929387743e-05,1.3993478678860007e-08,4.898813523082173e-13,3.602271502995802e-11,5.594476889272923e-06,2.5265331474526585e-11,1.1473665496744607e-09,1.1500957335209137e-09,1.0694914718881012e-13,5.3146421258802435e-11,9.952929095847336e-15,4.488242161089855e-14,4.731545208730673e-12,2.237721038843482e-08
1.3453751143680407e-06,0.45589810716592577,3.76,0.0,0.45839105344609044,0.999471247032206,0.0006509143166711476,3.244309338401996e-05,9.645728361613333e-05,0.038032406002497535,0.03810839127115621,1.3788579149334404e-10,0.0035001798771055765,8.261241283113664e-07,6.637007413304237e-06,3.7885462976403025e-05,0.00011343974391782264,4.6485741658017876e-07,2.513144102561028e-05,0.0005691576365630196,0.00445418581149177,1.524601583136087e-05,9.829495164021685e-06,1.4471093333742848e-05,3.42974925707155e-05,1.7880740822493494e-05,4.370321746799487e-07,1.1114758089397218e-06,1.1402285988231619e-08,2.9933964556504945e-07,4.7840604802800675e-12,4.22739153325907e-07,4.2539208306082794e-07,2.6799677121977403e-07,1.663061028080385e-10,9.39518702123531e-11,5.021189629618287e-05,3.2788489444696005e-06,2.9204114037338942e-05,1.455178686418732e-08,5.203678764761021e-13,3.735620988820248e-11,5.667485433160393e-06,2.710009384240996e-11,1.226297189824882e-09,1.1682539071037586e-09,1.1403230888116256e-13,5.823117626394232e-11,1.1196245463643062e-14,4.769842405006167e-14,5.028486202605791e-12,2.2974734357990316e-08
1.3548223416257839e-06,0.4559320133472769,3.76,0.0,0.457995065152964,0.9994552414661454,0.0006719560583512728,3.280452911746186e-05,9.936793485688625e-05,0.03828502898491069,0.03836358582113015,1.3891945245723028e-10,0.003610020681023461,8.327527749609911e-07,6.8061955687101145e-06,3.883426007293147e-05,0.00011625186767424672,4.78886791095042e-07,2.5856380456348633e-05,0.0005859265914766382,0.004593212182854181,1.56891341300343e-05,1.0190189408293204e-05,1.5031367624298435e-05,3.5595134519406004e-05,1.8426249832239968e-05,4.64333337052961e-07,1.182786707857703e-06,1.1730252956686348e-08,3.177713084698857e-07,5.09062819139135e-12,4.4390675386815433e-07,4.519899508904865e-07,2.851463358753619e-07,1.7707894433159529e-10,9.995762948053953e-11,5.0520060204382973e-05,3.331516122556481e-06,2.937597620387179e-05,1.513121714037116e-08,5.527365129054479e-13,3.8735638548186146e-11,5.740922008144338e-06,2.9063586109283587e-11,1.3104720487107323e-09,1.1869872711992587e-09,1.2158314000524648e-13,6.379740465765604e-11,1.2595153653271302e-14,5.0685569548472753e-14,5.343472253191771e-12,2.3590421420979557e-08
1.364269568883527e-06,0.4559662423021448,3.76,0.0,0.4575952814669282,0.9994387711947853,0.0006936206689572092,3.316779666760311e-05,0.00010236280597840707,0.038537350975922785,0.03861856589708559,1.3996049758301928e-10,0.0037230005856358057,8.394454526273979e-07,6.980633864627865e-06,3.980893157475032e-05,0.00011913669839694557,4.933652637066833e-07,2.660117604743589e-05,0.0006031646374930334,0.004736203728304922,1.6144617504195834e-05,1.0563100177584771e-05,1.56116121891772e-05,3.69389456108807e-05,1.898787712576737e-05,4.932780252334743e-07,1.2584792169652488e-06,1.206715916354329e-08,3.3732676975763603e-07,5.4159999560147294e-12,4.661990489896678e-07,4.801884214662149e-07,3.0334653392699476e-07,1.8852267900318533e-10,1.0633072405525514e-10,5.082935166046923e-05,3.3852409987791793e-06,2.9551451344268934e-05,1.5732578828187295e-08,5.87102886019858e-13,4.016250677425585e-11,5.814788665793566e-06,3.116463031575429e-11,1.4002279132298485e-09,1.2063207831581113e-09,1.2963352703799493e-13,6.989046628321488e-11,1.4169111689045548e-14,5.38540188837513e-14,5.67757429089193e-12,2.4224982886761404e-08
1.3737167961412703e-06,0.4560008030579064,3.76,0.0,0.45719159657709846,0.999421822962863,0.0007159257160348184,3.353293531423523e-05,0.0001054443099076124,0.03878936717785176,0.038873329591393495,1.4100944096158454e-10,0.0038392036452230428,8.462064855333541e-07,7.1604996577805724e-06,4.081036516752343e-05,0.0001220961328973543,5.083092017480799e-07,2.736635287519159e-05,0.0006208844672256512,0.00488326654148696,1.661280615910148e-05,1.0948614561035522e-05,1.6212480863020592e-05,3.833047883704011e-05,1.9566101623613986e-05,5.239622723026897e-07,1.3388132464501791e-06,1.2413238953704779e-08,3.5807401925486083e-07,5.761288464762963e-12,4.89678060817827e-07,5.100808536459269e-07,3.2265949097374845e-07,2.0067784816781033e-10,1.1309282363565748e-10,5.1139900658537455e-05,3.4400753281571316e-06,2.9730721821470734e-05,1.635671553244403e-08,6.235897132704215e-13,4.163836793372195e-11,5.889087692017352e-06,3.3412647032593495e-11,1.495922433929743e-09,1.2262805833766006e-09,1.3821769931802033e-13,7.655999388408526e-11,1.5940008078707027e-14,5.72145261152282e-14,6.031925737846842e-12,2.4879162592640914e-08
1.3831640233990135e-06,0.4560357048713518,3.76,0.0,0.45678390199567764,0.9994043831414672,0.0007388892522031479,3.389998639551859e-05,0.00010861492882625891,0.039041072648225754,0.0391278749454609,1.420668285271573e-10,0.003958716026578273,8.530404657763195e-07,7.345976175043149e-06,4.183948298054048e-05,0.00012513211199144484,5.237356408143129e-07,2.8152449170722142e-05,0.0006390991007598569,0.005034509377529397,1.7094049583025083e-05,1.1347131075088829e-05,1.683464685194916e-05,3.977133656152555e-05,2.0161416913107572e-05,5.564875825873668e-07,1.42406367985388e-06,1.2768732439364247e-08,3.8008513774540646e-07,6.127670284869678e-12,5.144092612929347e-07,5.417659067303643e-07,3.431508998370718e-07,2.1358739022326007e-10,1.2026683789957282e-10,5.145184493928661e-05,3.496073968995713e-06,2.9913976728312775e-05,1.7004506869358946e-08,6.623272419206759e-13,4.316482444655024e-11,5.963821621019368e-06,3.581769622738755e-11,1.5979353642849322e-09,1.2468940599939747e-09,1.4737242165581904e-13,8.386029738117994e-11,1.793246524191428e-14,6.077847281260726e-14,6.4077261101997246e-12,2.5553738547014408e-08
1.3926112506567567e-06,0.4560709572338941,3.76,0.0,0.4563720864976092,0.9993864377176715,0.0007625298282615726,3.426899338076286e-05,0.00011187721617113314,0.03929246229571327,0.03938219994859743,1.431332399501504e-10,0.004081626055672984,8.599522692839433e-07,7.537252706840335e-06,4.289724298781012e-05,0.0001282466211754226,5.396623142602672e-07,2.896001661112538e-05,0.0006578218932746533,0.00519004371151239,1.75887067970096e-05,1.1759059964220826e-05,1.7478803221209235e-05,4.126317199148323e-05,2.0774331723499775e-05,5.909612358407335e-07,1.514521213808031e-06,1.3133885621959786e-08,4.034365427816581e-07,6.5163894240171765e-12,5.404617620654684e-07,5.753478334542773e-07,3.6489021991817914e-07,2.2729678019339864e-10,1.2787698544698983e-10,5.17653304404187e-05,3.553295060928673e-06,3.010141218243067e-05,1.767687029942475e-08,7.034537129986403e-13,4.4743529276691534e-11,6.03899325009382e-06,3.839052099573669e-11,1.7066698696662673e-09,1.2681899174332726e-09,1.5713720490676426e-13,9.185080671383872e-11,2.0174180845818732e-14,6.455790424119545e-14,6.806244826044308e-12,2.624952466429689e-08
1.4020584779144999e-06,0.45610656987686554,3.76,0.0,0.4559560360592833,0.9993679722838883,0.000786866506636025,3.464000194634644e-05,0.00011523379869223927,0.039543530875949154,0.03963630253686685,1.4420929063748463e-10,0.004208024264994319,8.669470726791725e-07,7.734524806880676e-06,4.3984640469965573e-05,0.00013144169129039444,5.56107684061228e-07,2.9789620614942083e-05,0.0006770665427955412,0.0053499837977487984,1.8097146611067003e-05,1.2184823507606937e-05,1.8145663390433786e-05,4.2807690689146514e-05,2.1405370417844065e-05,6.274966078622989e-07,1.6104932435018882e-06,1.3508950515550729e-08,4.282092493255462e-07,6.928761086711651e-12,5.679085146065486e-07,6.109367886661062e-07,3.8795088737058096e-07,2.418541773400693e-10,1.3594886645441075e-10,5.208051177225395e-05,3.611800212982765e-06,3.0293231634444755e-05,1.837476307333756e-08,7.471158541316501e-13,4.637618746608164e-11,6.1146056553144175e-06,4.114259436790941e-11,1.822553909619449e-09,1.2901982490250674e-09,1.6755453637691105e-13,1.0059655696330781e-10,2.269631179227183e-14,6.85655676145919e-14,7.228825230699629e-12,2.696737259718669e-08
1.411505705172243e-06,0.45614255277689464,3.76,0.0,0.4555356337963047,0.9993489720269342,0.0008119188751721473,3.501306005491085e-05,0.0001186873785705977,0.03979427298725429,0.03989018059192363,1.452956338461575e-10,0.004338003441541007,8.740303711038186e-07,7.937994498423493e-06,4.510270953977867e-05,0.00013471939917423958,5.730909730988796e-07,3.0641840641769086e-05,0.0006968470980778201,0.005514446729864088,1.8619747886966362e-05,1.2624856331718093e-05,1.88359616363305e-05,4.440665212410791e-05,2.2055073502264853e-05,6.662135084107152e-07,1.712304796276186e-06,1.3894185271554517e-08,4.5448914612244445e-07,7.36617563316608e-12,5.968265210605388e-07,6.486491544992029e-07,4.124105366519502e-07,2.573105812727109e-10,1.4450953923119e-10,5.2397552719920986e-05,3.6716547022163586e-06,3.0489646190067684e-05,1.909918429917278e-08,7.934694030898353e-13,4.806455771235582e-11,6.1906622081698276e-06,4.408616941852728e-11,1.946041697231815e-09,1.3129506139688173e-09,1.7867013214232933e-13,1.1016871984029898e-10,2.5533906196814662e-14,7.281495253194985e-14,7.676888851596504e-12,2.770817367217805e-08
1.4209529324299863e-06,0.45617891616136674,3.76,0.0,0.4551107599003381,0.9993294217168005,0.0008377070612833047,3.5388218037971495e-05,0.00012224073559730182,0.04004468306624705,0.04014383193983567,1.4639296291606922e-10,0.004471658675463191,8.812079970518035e-07,8.147870487280058e-06,4.625252473420989e-05,0.0001380818682988049,5.906321989377784e-07,3.151727049593497e-05,0.0007171779666193795,0.0056835525016536055,1.915689980774977e-05,1.3079605728827675e-05,1.9550453602583294e-05,4.6061871267158265e-05,2.2723998153292132e-05,7.072385373054147e-07,1.8202995158576827e-06,1.4289854304773829e-08,4.823672887667478e-07,7.830102751130438e-12,6.272970563943467e-07,6.886078828756834e-07,4.38351234047156e-07,2.737199970407522e-10,1.5358760087814398e-10,5.2716626773550766e-05,3.7329276835133422e-06,3.0690874946810023e-05,1.9851177139658356e-08,8.426796639813688e-13,4.981045399133391e-11,6.267166593202543e-06,4.723433292496588e-11,2.077615239534927e-09,1.3364801189023723e-09,1.9053321359855963e-13,1.2064518601685504e-10,2.872638937081642e-14,7.732033372348558e-14,8.151939895752281e-12,2.84728609346114e-08
1.4304001596877295e-06,0.4562156705139644,3.76,0.0,0.4546812915750438,0.9993093056951209,0.0008642517464614978,3.5765528682093594e-05,0.00012589672941551263,0.04029475538334427,0.0403972543498935,1.475020136284087e-10,0.004609087409329385,8.88486140265783e-07,8.364368381754815e-06,4.743520267606021e-05,0.00014153126939042972,6.087522091600469e-07,3.2416518634125564e-05,0.0007380739228017543,0.00585742406869353,1.970900215411615e-05,1.354953198139861e-05,2.028991681672427e-05,4.7775220226576845e-05,2.3412718763964297e-05,7.507054596562956e-07,1.934840699871689e-06,1.4696228420636578e-08,5.119402104771225e-07,8.322095851608966e-12,6.594059024248109e-07,7.309428562236911e-07,4.6585972378318886e-07,2.9113960972131443e-10,1.632132722582641e-10,5.303791768797695e-05,3.7956924111446025e-06,3.0897145345992836e-05,2.0631831149120112e-08,8.949220981676604e-13,5.161574722534057e-11,6.344122826711544e-06,5.060106283985722e-11,2.2177859630652446e-09,1.3608215043671905e-09,2.0319681082052042e-13,1.3211120322086356e-10,3.2318110573638327e-14,8.209681623482686e-14,8.65557000354258e-12,2.9262411309956847e-08
1.4398473869454727e-06,0.4562528265802889,3.76,0.0,0.4542471029711217,0.9992886078633294,0.0008915741811593249,3.61450473187883e-05,0.00012965830182710527,0.04054448403814978,0.04065044553340681,1.4862356669619933e-10,0.004750389488001631,8.95871368753427e-07,8.587710919736599e-06,4.865190380843568e-05,0.00014506982103168362,6.2747271832876e-07,3.334020847683097e-05,0.0007595501161579302,0.006036187410678996,2.0276465587812204e-05,1.403510869230777e-05,2.1055151213703018e-05,4.954862992776162e-05,2.4121827509430667e-05,7.967556012060998e-07,2.0563123933988243e-06,1.5113584943563448e-08,5.433102516623408e-07,8.843796699926305e-12,6.932435943335283e-07,7.757912673302353e-07,4.950276873868704e-07,3.0962996904378037e-10,1.7341848749932093e-10,5.336162007352082e-05,3.860026472741977e-06,3.110869354081145e-05,2.1442284760462347e-08,9.503829520998892e-13,5.348236699843343e-11,6.421535276582836e-06,5.4201289864511544e-11,2.367096428885114e-09,1.3860112364750112e-09,2.1671809560822514e-13,1.446600754930007e-10,3.635895815201204e-14,8.716038318809398e-14,9.189463273240573e-12,3.0077847888458543e-08
1.449294614203216e-06,0.4562903953735578,3.76,0.0,0.4538080651204848,0.9992673116704992,0.0009196962000512279,3.652683191829125e-05,0.00013352847916571112,0.04079386295472815,0.040903403142489185,1.4975845039391246e-10,0.004895667209097643,9.033706509822803e-07,8.818128203154033e-06,4.9903834205387195e-05,0.00014869979024207736,6.468163466533081e-07,3.428897872346956e-05,0.0007816220797650774,0.006219971594459765,2.0859711942169583e-05,1.4536823120851302e-05,2.1846979665847408e-05,5.1384091837092884e-05,2.4851934932815523e-05,8.455382648172968e-07,2.1851205414766766e-06,1.5542207846368977e-08,5.765859094254517e-07,9.39694029414712e-12,7.289056803076088e-07,8.232980192946754e-07,5.259520169677082e-07,3.2925518462341865e-10,1.842369882585051e-10,5.368794001952e-05,3.926012036363853e-06,3.1325764781232256e-05,2.2283727933405858e-08,1.0092599244201414e-12,5.5412303319618e-11,6.499408683315797e-06,5.8050963433399637e-11,2.5261221415508805e-09,1.4120876041010495e-09,2.31158747424089e-13,1.5839392953489861e-10,4.090505164140172e-14,9.252794626531253e-14,9.755401571596555e-12,3.092024234072946e-08
1.458741841460959e-06,0.45632838818038013,3.76,0.0,0.4533640458695842,0.9992454001008559,0.0009486402376823473,3.691094318739386e-05,0.00013751037473793258,0.04104288587676195,0.04115612476883182,1.5090754333337727e-10,0.0050450253740163395,9.109913793149093e-07,9.055857940013312e-06,5.1192247462246014e-05,0.00015242349303537257,6.668066604328901e-07,3.526348367102699e-05,0.0008043057387600446,0.006408908837740644,2.145917451992607e-05,1.5055176524459993e-05,2.2666248518875627e-05,5.328365973092712e-05,2.5603670552136826e-05,8.972111691843573e-07,2.3216942035870887e-06,1.5982387880593046e-08,6.118822082250215e-07,9.98336000341876e-12,7.664929949751703e-07,8.736161465924774e-07,5.587351031410297e-07,3.500831324085815e-10,1.9570442299002015e-10,5.4017095752342824e-05,3.993736111367466e-06,3.154861381654294e-05,2.3157404976141183e-08,1.0717628748214715e-12,5.7407608435132804e-11,6.57774818231752e-06,6.216712244523388e-11,2.6954734567047334e-09,1.4390908219491462e-09,2.465853557977501e-13,1.7342455465866269e-10,4.6019520482789684e-14,9.821739906787506e-14,1.035527014658251e-11,3.1790717472378445e-08
1.4681890687187023e-06,0.4563668165666051,3.76,0.0,0.45291490981190974,0.999222855660955,0.000978429344513387,3.7297444671504356e-05,0.00014160719133453342,0.041291546362589956,0.041408607942467555,1.520717773935448e-10,0.005198571339500561,9.187413947488717e-07,9.301145694240107e-06,5.251844666934083e-05,0.00015624329495098223,6.874682143572098e-07,3.6264393536029756e-05,0.0008276174189750967,0.006603134573410321,2.2075298398466934e-05,1.5590684506038248e-05,2.3513828133582776e-05,5.524945151061939e-05,2.6377683489105955e-05,9.519409109034448e-07,2.4664868333157726e-06,1.6434422707649972e-08,6.493210929876031e-07,1.0604992979393197e-11,8.06111947335953e-07,9.269072583051333e-07,5.934851383406768e-07,3.721856729801219e-10,2.0785845146772957e-10,5.434931832971868e-05,4.063290823840764e-06,3.177750531641814e-05,2.4064617553574427e-08,1.1381145773221122e-12,5.947039869088935e-11,6.656559327541614e-06,6.656797110386632e-11,2.8757975921621047e-09,1.4670631398559393e-09,2.63069863188926e-13,1.898743234867686e-10,5.1773380223202255e-14,1.042476735143367e-13,1.0991063559325523e-11,3.2690449926276954e-08
1.4776362959764455e-06,0.45640569238324336,3.76,0.0,0.4524605182196995,0.9991996603665186,0.0010090872033699666,3.7686402861124944e-05,0.00014582222381343758,0.04153983778012478,0.04166085013052595,1.5325214081200685e-10,0.00535641506970806,9.266290130290364e-07,9.554245143550941e-06,5.3883786472956095e-05,0.0001601616115568112,7.088265957464619e-07,3.7292394779652255e-05,0.0008515738556909929,0.006802787514458643,2.2708540742620945e-05,1.6143877366823505e-05,2.439061343278655e-05,5.728365106447346e-05,2.7174643120668446e-05,1.009903451084792e-06,2.61997762652301e-06,1.689861703067218e-08,6.890318460457539e-07,1.1263885854494753e-11,8.478748239202824e-07,9.83342004620162e-07,6.303164363061082e-07,3.956388823777262e-10,2.2073885482659363e-10,5.4684852373305395e-05,4.134773707386301e-06,3.20127143114051e-05,2.500672789645483e-08,1.2085515207804388e-12,6.160285644615229e-11,6.735848116552745e-06,7.127296026240967e-11,3.067780747566896e-09,1.4960489587241512e-09,2.806900527633393e-13,2.0787720125357668e-10,5.824651843638466e-14,1.1063879944785371e-13,1.166489195319808e-11,3.362067304163424e-08
1.4870835232341887e-06,0.4564450277724566,3.76,0.0,0.45200072897488625,0.9991757957289186,0.0010406381463049842,3.8077887302939166e-05,0.00015015886175639347,0.04178775330164723,0.04191284873598092,1.5444968144652007e-10,0.00551866918875897,9.346630522028181e-07,9.815418345582526e-06,5.528967522757125e-05,0.00016418090892073736,7.309084708157262e-07,3.834819043573637e-05,0.000876192202504082,0.007008009719438533,2.3359371125142575e-05,1.6715300464644927e-05,2.529752445307567e-05,5.938851017751843e-05,2.799523975418171e-05,1.0712846277483469e-06,2.782672941522512e-06,1.7375282726914354e-08,7.311515293610744e-07,1.1962200741433786e-11,8.919001079437724e-07,1.0431005677549055e-06,6.693497685657839e-07,4.205232961659037e-10,2.343876513987045e-10,5.502395684151094e-05,4.2082880100912554e-06,3.225452665377927e-05,2.5985162226885758e-08,1.283324759659825e-12,6.380723203954077e-11,6.815621017103069e-06,7.630287469693042e-11,3.272150337892178e-09,1.5260949534995346e-09,2.99530086057433e-13,2.275798523315113e-10,6.552880414076734e-14,1.174119676340992e-13,1.2378987679027917e-11,3.458267987964888e-08
1.496530750491932e-06,0.456484835173614,3.76,0.0,0.4515353964993174,0.9991512427413,0.0010731071718825828,3.847197071571282e-05,0.0001546205922011867,0.042035285898476125,0.042164601096392335,1.5566551021515288e-10,0.005685449033724898,9.428528616920586e-07,1.008493601251034e-05,5.67375772436099e-05,0.00016830370404778417,7.537416330519957e-07,3.943250044147853e-05,0.0009014900403036658,0.007218946658424535,2.4028271855009137e-05,1.7305514577441128e-05,2.623550690086171e-05,6.15663504900085e-05,2.8840185327161974e-05,1.136280695300729e-06,2.9551077949302916e-06,1.7864738980572615e-08,7.758254535822357e-07,1.2702221549024085e-11,9.383128152606513e-07,1.1063731785093866e-06,7.107127187772038e-07,4.4692416749253816e-10,2.488492186322547e-10,5.53669058446863e-05,4.2839430185613065e-06,3.2503239499767644e-05,2.700141441704338e-08,1.3627008182469142e-12,6.608584580842742e-11,6.8958849953121175e-06,8.167992677203675e-11,3.4896773462738846e-09,1.557250203631886e-09,3.196810960913799e-13,2.49142853453267e-10,7.372133622723485e-14,1.2458959634051707e-13,1.3135712296440223e-11,3.557782642614408e-08
1.505977977749675e-06,0.456525127329413,3.76,0.0,0.4510643716842911,0.9991259818643382,0.0011065199628923301,3.8868729111220964e-05,0.00015921100245130167,0.04228242833551088,0.04241610448264287,1.569008047240417e-10,0.0058568727080215745,9.512083529585404e-07,1.0363077794390164e-05,5.822901513512536e-05,0.0001725325652798755,7.773550537952051e-07,4.054606197051583e-05,0.0009274853863554009,0.007435747279415707,2.471573831365744e-05,1.7915096271875844e-05,2.7205532712189144e-05,6.381956550553885e-05,2.9710214132571617e-05,1.2050988924511714e-06,3.1378474370166966e-06,1.836731241586052e-08,8.232076755840862e-07,1.3486360630043666e-11,9.872448479554508e-07,1.1733606597068799e-06,7.545400558240269e-07,4.749317399352957e-10,2.641704213947632e-10,5.57139895049108e-05,4.3618543999419015e-06,3.275916181418662e-05,2.8057049899371103e-08,1.446962651733836e-12,6.844109016279974e-11,6.976647545547202e-06,8.742785699999011e-11,3.7211788018795485e-09,1.5895663314879818e-09,3.412418421445292e-13,2.7274202403385564e-10,8.29378483638586e-14,1.3219540169835425e-13,1.3937563972452483e-11,3.660753498227785e-08
1.5154252050074183e-06,0.456565917292058,3.76,0.0,0.4505875018194466,0.9990999930116135,0.0011409029045022596,3.926824192042362e-05,0.000163933782964955,0.042529173165645376,0.04266735609767192,1.5815681309213147e-10,0.00603306113516354,9.597400318434675e-07,1.0650132571458251e-05,5.9765572272054846e-05,0.00017687011265489906,8.017789351177975e-07,4.168962976811717e-05,0.0009541967034860112,0.007658564075125911,2.5422279299280228e-05,1.8544638276868707e-05,2.8208600615710692e-05,6.615062264966517e-05,3.0606083570657527e-05,1.2779580399860065e-06,3.331489010572735e-06,1.888333723017091e-08,8.734615262360622e-07,1.4317165777585193e-11,1.038835366451051e-06,1.2442749978360013e-06,8.009741266122703e-07,5.046415359759135e-10,2.804007469753371e-10,5.6065514862700006e-05,4.442144562898478e-06,3.30226148985943e-05,2.9153709848093066e-08,1.5364106677953214e-12,7.087543171463842e-11,7.057916722107523e-06,9.357204203795161e-11,3.9675203887329726e-09,1.623097649213398e-09,3.643194331416804e-13,2.985698850212638e-10,9.330629004634784e-14,1.4025447206004942e-13,1.4787185299607188e-11,3.7673297755147906e-08
1.5248724322651615e-06,0.4566072184294959,3.76,0.0,0.4501046305210612,0.9990732555346017,0.0011762831028594204,3.967059212512257e-05,0.0001687927303254347,0.04277551272405095,0.04291835307520831,1.5943485798266616e-10,0.006214138112835794,9.68459032664691e-07,1.0946398755627208e-05,6.134889534188988e-05,0.00018131901822163816,8.270447651005763e-07,4.286397648815766e-05,0.0009816429093640537,0.007887553150099738,2.6148417379297297e-05,1.9194749861834396e-05,2.924573669818418e-05,6.856206537990778e-05,3.152857492839249e-05,1.3550891698854005e-06,3.536663297486716e-06,1.9413155327138927e-08,9.267601702566343e-07,1.5197327587073757e-11,1.0932311810507355e-06,1.3193399442651635e-06,8.501652695507791e-07,5.361546619896086e-10,2.975924471146695e-10,5.642180683307981e-05,4.524943038577557e-06,3.329393294411103e-05,3.0293115653611034e-08,1.6313638125263755e-12,7.33914134638477e-11,7.139701172821415e-06,1.001396107150019e-10,4.229619191638627e-09,1.6579013145710279e-09,3.8903012742231596e-13,3.268372588311545e-10,1.0497060594270223e-13,1.4879334657628935e-13,1.56873715571544e-11,3.877668066089112e-08
1.5343196595229047e-06,0.4566490444317046,3.76,0.0,0.4496155976598035,0.9990457482072675,0.0012126884041465816,4.0075866395342356e-05,0.000173791750294694,0.04302143912232684,0.04316909247850383,1.607363408516006e-10,0.006400230367233465,9.773771541590077e-07,1.1252184601415519e-05,6.298069702583502e-05,0.00018588200630695423,8.531853756058015e-07,4.4069893031525296e-05,0.0010098433858709008,0.008122874288087091,2.689468925110997e-05,1.9866057219398635e-05,3.031799497179418e-05,7.105651534801144e-05,3.247849418761477e-05,1.4367361873324763e-06,3.7540365574190936e-06,1.995711644940637e-08,9.832872001257921e-07,1.6129687201886557e-11,1.150587163873026e-06,1.3987916474590738e-06,9.022722497459722e-07,5.695781306866568e-10,3.1580068740588437e-10,5.6783209213589054e-05,4.610386882623367e-06,3.357346361012051e-05,3.147707371322813e-08,1.7321607248560792e-12,7.599165704175239e-11,7.222010174673032e-06,1.0715956873206962e-10,4.5084465855761496e-09,1.6940374963168078e-09,4.155002175892583e-13,3.5777502415951584e-10,1.1809273847362376e-13,1.5784009822941696e-13,1.664107944008934e-11,3.9919327353709004e-08
1.543766886780648e-06,0.45669140931702634,3.76,0.0,0.44912023928799977,0.999017449210251,0.0012501474141037134,4.048415523269017e-05,0.0001789348609521533,0.04326694424251599,0.04341957129906956,1.6206274642351624e-10,0.006591467607616597,9.86506897360465e-07,1.1567808526548806e-05,6.466275879476057e-05,0.00019056185373142446,8.802350026517242e-07,4.530818888557871e-05,0.001038817988555505,0.008364691019604065,2.7661646111240307e-05,2.0559203852332405e-05,3.14264579425456e-05,7.363667461532162e-05,3.3456672863005235e-05,1.5231565672336995e-06,3.984312463162372e-06,2.0515578310872276e-08,1.0432372661500353e-06,1.711724446129138e-11,1.2110666821806135e-06,1.4828793176876153e-06,9.574627169873164e-07,6.050252019957527e-10,3.3508370442421716e-10,5.7150085746895966e-05,4.698621099379978e-06,3.386156863012293e-05,3.270748056369617e-08,1.83916096381913e-12,7.867886501315002e-11,7.304853671581912e-06,1.1466293273432218e-10,4.805031275165281e-09,1.7315695497077655e-09,4.4386701017058174e-13,3.9163604082855243e-10,1.328548817163219e-13,1.6742442157287908e-13,1.7651436282211355e-11,4.110296349514015e-08
1.553214114038391e-06,0.45673432743854414,3.76,0.0,0.4486183875664753,0.9989883361146394,0.0012886895180228074,4.0895553119960214e-05,0.00018422619592066796,0.04351201973098476,0.043669786455417435,1.6341564740604582e-10,0.0067879825810228675,9.958615055093278e-07,1.189359944247033e-05,6.639693383050056e-05,0.00019536138996945196,9.082293494959595e-07,4.657969246424089e-05,0.0010685870561658632,0.008613170689602054,2.8449854032948695e-05,2.1274850964417282e-05,3.257223717891785e-05,7.630532792212403e-05,3.446396887108817e-05,1.6146220869404658e-06,4.2282341374790955e-06,2.1088906728198385e-08,1.1068167449044013e-06,1.8163166470228213e-11,1.2748420541487552e-06,1.57186592577994e-06,1.0159136876481203e-06,6.426157434342012e-10,3.5550297095889275e-10,5.752282124084261e-05,4.789799089466826e-06,3.415862444607574e-05,3.398632838332711e-08,1.9527463133499487e-12,8.14558232378746e-11,7.388242314466558e-06,1.2268287451743534e-10,5.120462491034313e-09,1.7705642027741692e-09,4.742799109930676e-13,4.286972613176097e-10,1.4946201826303927e-13,1.775777254401232e-13,1.8721749800803648e-11,4.232940127884994e-08
1.5626613412961343e-06,0.4567778134904956,3.76,0.0,0.44810987069103947,0.9989583858653118,0.0013283449012245544,4.1310158677260895e-05,0.0001896700076816172,0.043756656992164716,0.04391973479180956,1.6479670945423891e-10,0.006989911127076624,1.0054550060901467e-06,1.2229897094996806e-05,6.818515007829999e-05,0.00020028349724967654,9.372056525383067e-07,4.788525144827972e-05,0.0010991714202494046,0.008868484525160855,2.9259894352413656e-05,2.2013677854924285e-05,3.375647387990661e-05,7.906534501177886e-05,3.5501267431488885e-05,1.711419596935223e-06,4.486586296424448e-06,2.167747575132024e-08,1.1742444484142438e-06,1.927079661129162e-11,1.3420950281640065e-06,1.6660289375408336e-06,1.077812051676059e-06,6.824766110684866e-10,3.7712336973640065e-10,5.790182274886532e-05,4.884083121976121e-06,3.446502287262326e-05,3.5315710893862054e-08,2.073322169565625e-12,8.432540329279072e-11,7.472187503731326e-06,1.3125487619702833e-10,5.455893350160612e-09,1.8110917540263386e-09,5.069016284727748e-13,4.692620472759431e-10,1.681447746571532e-13,1.8833323090076382e-13,1.985551839204033e-11,4.3600544227223055e-08
1.5721085685538775e-06,0.4568218825147171,3.76,0.0,0.44759451281868295,0.9989275747638506,0.0013691445700252868,4.1728074824955427e-05,0.00019527067098106066,0.04400084718215496,0.04416941307701788,1.662076963967373e-10,0.007197392232827903,1.0153022551012133e-06,1.2577052415353282e-05,7.002941343648221e-05,0.00020533111059131776,9.672027501567715e-07,4.9225733125288244e-05,0.0011305924148138074,0.009130807703115326,3.0092364063547534e-05,2.2776382316356287e-05,3.4980339441515844e-05,8.19196830104628e-05,3.656948200173207e-05,1.8138518313211688e-06,4.760197504380789e-06,2.228166779269665e-08,1.2457523765862087e-06,2.0443664020129726e-11,1.4130172867911712e-06,1.765661085512439e-06,1.1433551058993713e-06,7.247420522304407e-10,4.0001337604069846e-10,5.828752081387823e-05,4.98164483260409e-06,3.4781171792686154e-05,3.669782969497253e-08,2.201319015824795e-12,8.729056495509428e-11,7.556701434324552e-06,1.4041689724507046e-10,5.812544387488948e-09,1.8532262823077632e-09,5.41909508496201e-13,5.136627111223836e-10,1.8916263552564148e-13,1.9972607475703675e-13,2.105644200781435e-11,4.491839227712784e-08
1.5815557958116207e-06,0.45686654990711095,3.76,0.0,0.44707213399356915,0.9988958784510036,0.0014111203732024913,4.21494089537199e-05,0.00020103268632889446,0.04424458120218336,0.04441881800309724,1.6765047573606768e-10,0.00741056808755017,1.0254189836616192e-06,1.293542788181735e-05,7.193181108968276e-05,0.00021050721777188147,9.98261154593658e-07,5.060202472883916e-05,0.0011628718860389675,0.009400319417518333,3.0947876221509826e-05,2.35636810350695e-05,3.6245036020695205e-05,8.487138886331131e-05,3.766955524691473e-05,1.922238260032604e-06,5.04994254625973e-06,2.2901873755010614e-08,1.3215865155537146e-06,2.1685493546359368e-11,1.4878109765948386e-06,1.871071179832127e-06,1.2127511149279303e-06,7.695541312192862e-10,4.2424524965267306e-10,5.86803707788518e-05,5.082665749094391e-06,3.510749588595415e-05,3.813500106720205e-08,2.337193991190972e-12,9.035435874774333e-11,7.641797143525158e-06,1.502095543789327e-10,6.19170726637221e-09,1.8970458695495677e-09,5.794970162139402e-13,5.622633048245821e-10,2.1280756159072657e-13,2.1179341888952186e-13,2.2328433646348816e-11,4.6285047173380814e-08
1.591003023069364e-06,0.45691183142413144,3.76,0.0,0.44654255007290333,0.9988632718886955,0.0014543050239670448,4.2574273102036505e-05,0.00020696068359291796,0.044487849691925506,0.04466794618417498,1.691270244358071e-10,0.00762958413742031,1.0358218470661057e-06,1.3305397892198521e-05,7.389451499228411e-05,0.00021581485922145605,1.0304231270116247e-06,5.201503377624553e-05,0.0011960322020300182,0.00967720294683568,3.182706035496669e-05,2.437630999435296e-05,3.755179709564781e-05,8.792360182772888e-05,3.880246004564252e-05,2.036915984763306e-06,5.356744922562979e-06,2.3538493157014538e-08,1.4020076847677433e-06,2.3000216223004908e-11,1.566689265051862e-06,1.982584960006649e-06,1.2862199009833568e-06,8.170631792884287e-10,4.498952365484545e-10,5.908085416746879e-05,5.187337845441441e-06,3.544443739190184e-05,3.962966328236303e-08,2.4814325582920665e-12,9.351992854778644e-11,7.727488561624703e-06,1.606763153787668e-10,6.594748675618583e-09,1.942632837227283e-09,6.198753819201467e-13,6.154626801352528e-10,2.394080624473346e-13,2.2457456577792217e-13,2.3675631490709092e-11,4.770271818967651e-08
1.600450250327107e-06,0.4569577431892812,3.76,0.0,0.4460055726527687,0.9988297293415668,0.0014987321224501542,4.3002784141454133e-05,0.00021305942568969246,0.04473064302267986,0.04491679415526051,1.7063943500782232e-10,0.007854589139998962,1.0465284764019004e-06,1.3687349147372651e-05,7.591978550898476e-05,0.00022125712783861641,1.0637327558425236e-06,5.346568840431549e-05,0.0012300962626004296,0.009961645720761355,3.273056288713022e-05,2.5215024879506043e-05,3.890188802135947e-05,9.107955602460968e-05,3.9969200533671384e-05,2.15824068069285e-06,5.681579473236303e-06,2.4191934257190316e-08,1.4872924358394813e-06,2.4391980268400445e-11,1.6498769258425688e-06,2.1005459894936215e-06,1.3639934640490407e-06,8.674282702881724e-10,4.770437808138954e-10,5.9489480138396204e-05,5.295864126373968e-06,3.579245690902706e-05,4.1184384463914185e-08,2.634550276954318e-12,9.679051425828818e-11,7.813790565682398e-06,1.7186370800791274e-10,7.0231144211689865e-09,1.9900739973693766e-09,6.632754302707267e-13,6.736978469641652e-10,2.693337814172998e-13,2.38111080540345e-13,2.5102411731177964e-11,4.917372819807193e-08
1.6098974775848503e-06,0.45700430169960743,3.76,0.0,0.4454610089940286,0.9987952243580407,0.0015444361787127752,4.3435063969963265e-05,0.0002193338123740354,0.04497295129039814,0.04516535837107851,1.721899219132347e-10,0.008085735218423533,1.0575575328457992e-06,1.4081681046084167e-05,7.800997521974784e-05,0.00022683716872273644,1.0982360385546628e-06,5.495493770244269e-05,0.0012650875090732924,0.010253839386533514,3.365904756559465e-05,2.608060148441296e-05,4.029660657912427e-05,9.434258304817949e-05,4.1170813186754574e-05,2.2865875861755073e-06,6.025475136501376e-06,2.486261417487259e-08,1.5777340063279225e-06,2.586516264545092e-11,1.73761095386139e-06,2.225316595053799e-06,1.4463166337893554e-06,9.208177234117734e-10,5.057757472507016e-10,5.990678701687407e-05,5.408459243714867e-06,3.615203423209475e-05,4.2801871043683385e-08,2.7970946903998323e-12,1.001694545444762e-10,7.900719036541707e-06,1.8382154532004585e-10,7.478333720667728e-09,2.0394609190182428e-09,7.099496144293324e-13,7.374476592038711e-10,3.030006570268039e-13,2.5244691985311077e-13,2.6613402109395216e-11,5.0700520109527585e-08
1.6193447048425935e-06,0.4570515238321941,3.76,0.0,0.44490866194840006,0.9987597297509003,0.001591452636285037,4.3871239713848246e-05,0.00022578888412894482,0.04521476430856963,0.045413635204929824,1.7378082829121114e-10,0.008323177915220204,1.068928764763798e-06,1.448880609122001e-05,8.016753289669862e-05,0.00023255817881729954,1.133980966966784e-06,5.64837520423235e-05,0.0013010299340878997,0.010553979874623554,3.4613195900968525e-05,2.697383611906918e-05,4.1737283518761586e-05,9.771611463513729e-05,4.240836794425342e-05,2.422352542643192e-06,6.389517849108002e-06,2.555095900845914e-08,1.6736433318636186e-06,2.7424381204125725e-11,1.8301412113419222e-06,2.3572788529113158e-06,1.5334477547474388e-06,9.774096345725713e-10,5.361806551682894e-10,6.033334390748959e-05,5.5253501462926565e-06,3.652366922925664e-05,4.448497686550366e-08,2.9696473312340904e-12,1.0366018963465029e-10,7.988290919309007e-06,1.966031687568565e-10,7.962023709427096e-09,2.0908902110984573e-09,7.601742793548203e-13,8.072368602277769e-10,3.408767338025362e-13,2.676285681326218e-13,2.821349622420068e-11,5.2285663709518714e-08
1.6287919321003367e-06,0.45709942685063526,3.76,0.0,0.4443483298848106,0.9987232175773685,0.0016398178962429193,4.4311443938395705e-05,0.00023242982615769332,0.04545607160095887,0.045661620947584344,1.7541463303012718e-10,0.008567076245635031,1.0806630677396616e-06,1.4909150307748762e-05,8.239500766087546e-05,0.0002384234064585704,1.1710176162395367e-06,5.805312340354029e-05,0.0013379480913977178,0.010862267463661902,3.559370761428102e-05,2.7895546017468713e-05,4.322528309213629e-05,0.00010120368539373715,4.368296937513029e-05,2.5659530870627565e-06,6.774853594714107e-06,2.6257403950306818e-08,1.7753501202099918e-06,2.9074507434057576e-11,1.9277311065471203e-06,2.4968356238340985e-06,1.6256594063926915e-06,1.0373924380246013e-09,5.683529238744329e-10,6.076975239217997e-05,5.646776765162379e-06,3.690788276100873e-05,4.623671299093054e-08,3.152825854914527e-12,1.0726626418629659e-10,8.076524287507384e-06,2.1026571057242796e-10,8.475894166522386e-09,2.1444638227041696e-09,8.142521813926743e-13,8.83640523466802e-10,3.8348870425943214e-13,2.8370518138131947e-13,2.990786864125872e-11,5.393186291434489e-08
1.63823915935808e-06,0.45714802841148566,3.76,0.0,0.4437798066161571,0.9986856591186771,0.0016895693418291025,4.475581486785527e-05,0.0002392619724797592,0.04569686239419551,0.04590931180621034,1.7709395819609e-10,0.008817592750377483,1.0927825476628542e-06,1.5343153672506075e-05,8.469505332708996e-05,0.0002444361508237733,1.2093982376775153e-06,5.966406569419433e-05,0.001375867105644717,0.011178906844455197,3.660130109311899e-05,2.884656974521215e-05,4.476200357650886e-05,0.00010480893559341081,4.4995757888005174e-05,2.7178295993787092e-06,7.1826916073727966e-06,2.698239339788476e-08,1.8832039910867391e-06,3.082067985513926e-11,2.0306583065323624e-06,2.6444116393226967e-06,1.7232391596525427e-06,1.1009654999282752e-09,6.023921303971558e-10,6.121664831768665e-05,5.772992735980008e-06,3.730521764304358e-05,4.806025826724465e-08,3.3472863088853236e-12,1.109913302177448e-10,8.165438411132215e-06,2.2487037726648551e-10,9.021752469986296e-09,2.2002893618777e-09,8.725152946462321e-13,9.672889269737197e-10,4.3142927428786984e-13,3.007287391212866e-13,3.170199085078867e-11,5.564196347549226e-08
1.647686386615823e-06,0.45719734657067207,3.76,0.0,0.44320288132659824,0.998647024859119,0.0017407453636245412,4.520449661506632e-05,0.00024629081013218175,0.04593712561021632,0.04615670390334559,1.788215768342416e-10,0.009074893547663006,1.105310587010278e-06,1.579127055599317e-05,8.707043294551347e-05,0.0002505997612726932,1.249177355476933e-06,6.131761506571293e-05,0.0014148126820938884,0.011504107182940102,3.763671385642556e-05,2.9827767606143393e-05,4.634887778615197e-05,0.00010853561401548513,4.634791098702119e-05,2.878446507464841e-06,7.614307737384365e-06,2.7726381060728562e-08,1.9975756858166185e-06,3.2668318075048365e-11,2.1392154855474297e-06,2.8004546411727746e-06,1.8264903716279971e-06,1.168339745656667e-09,6.384032799900368e-10,6.167470367687112e-05,5.90426616046428e-06,3.7716239655155126e-05,4.995897072345779e-08,3.553725546088669e-12,1.1483915010558649e-10,8.255053828849293e-06,2.404827558698476e-10,9.601508790300451e-09,2.2584804340148794e-09,9.35327938326653e-13,1.0588729047331734e-09,4.853654557862718e-13,3.187542048616498e-13,3.360164812008325e-11,5.7418961161247634e-08
1.6571336138735663e-06,0.4572473997898588,3.76,0.0,0.44261733849951646,0.9986072844645664,0.001793385385276883,4.565763942118291e-05,0.00025352198347783074,0.046176849858558466,0.04640379327591517,1.8060042115868742e-10,0.009339148384433841,1.1182719144602022e-06,1.625397017633853e-05,8.952402354898366e-05,0.00025691763657639496,1.2904118675557882e-06,6.301483022089407e-05,0.0014548111163105296,0.011838082181908953,3.870070302786486e-05,3.084002204726831e-05,4.7987373570578354e-05,0.00011238758086550068,4.774064457533058e-05,3.0482935522024333e-06,8.071047987056331e-06,2.848983006270925e-08,2.1188583511080775e-06,3.462313754368458e-11,2.2537111107029327e-06,2.9654365767541555e-06,1.935733020258991e-06,1.2397383227368777e-09,6.764970899931517e-10,6.214462858849405e-05,6.040880408973445e-06,3.8141538598457574e-05,5.1936399866078093e-08,3.772883792120595e-12,1.1881359964793935e-10,8.345392424591754e-06,2.571731451033951e-10,1.0217181531605279e-08,2.3191570010994835e-09,1.0030902634642065e-12,1.1591497217041582e-09,5.460479034896313e-13,3.37839695569628e-13,3.561295728996972e-11,5.9266010446734956e-08
1.6665808411313095e-06,0.45729820694275186,3.76,0.0,0.4420229578462948,0.9985664067604499,0.001847529889791398,4.6115399905948086e-05,0.0002609612986219721,0.04641602342850423,0.046650575874301985,1.8243359114730135e-10,0.009610530686629908,1.1316926779806487e-06,1.6731737065553956e-05,9.205882111541521e-05,0.0002633932240265195,1.333161150604766e-06,6.47567927141856e-05,0.0014958893037615893,0.012181050141332235,3.979404581762703e-05,3.1884238061151035e-05,4.967899429762954e-05,0.00011636881074758309,4.917521430808041e-05,3.2278871153981135e-06,8.554332224205858e-06,2.927321303909985e-08,2.247468901552618e-06,3.669116503557241e-11,2.374470266587348e-06,3.139854852427479e-06,2.051304580773494e-06,1.3153973014251249e-09,7.1679028764218e-10,6.262717338025957e-05,6.1831349663218955e-06,3.858172940328931e-05,5.3996299953002336e-08,4.0055473758921726e-12,1.2291867119349677e-10,8.436477508828124e-06,2.750169136285726e-10,1.0870903030267246e-08,2.3824457630394875e-09,1.0762421420647563e-12,1.268949524227441e-09,6.143214276993091e-13,3.5804666063994966e-13,3.774238556696146e-11,6.11864337456532e-08
1.6760280683890527e-06,0.45734978732133147,3.76,0.0,0.44141951423606685,0.998524359709182,0.0019032204463895232,4.65779413289888e-05,0.0002686147279383813,0.04665463428107703,0.04689704756147612,1.8432436355805177e-10,0.009889217608373484,1.1456005215382411e-06,1.7225071548194542e-05,9.467794575510268e-05,0.00027003001841840215,1.3774871694982128e-06,6.654460724312749e-05,0.0015380747493209843,0.012533234017091967,4.091754001251481e-05,3.296134358492211e-05,5.14252793195765e-05,0.00012048339570125935,5.065291699684718e-05,3.417771613351109e-06,9.065658081535876e-06,3.0077012227889446e-08,2.383849465698357e-06,3.887875489236267e-11,2.501835520582425e-06,3.3242336475978575e-06,2.1735609458235764e-06,1.3955664150238617e-09,7.594059224387574e-10,6.312313078013012e-05,6.331346323063093e-06,3.903745329028679e-05,5.614264433114464e-08,4.252551634286156e-12,1.2715847683613877e-10,8.528333904791215e-06,2.9409488782493823e-10,1.1564925520652871e-08,2.4484805624518864e-09,1.1552675070783274e-12,1.3891824225335448e-09,6.911368312310531e-13,3.7944007088341405e-13,3.9996770365564834e-11,6.318373121924652e-08
1.685475295646796e-06,0.45740216064199757,3.76,0.0,0.44080677762660503,0.9984811103870187,0.0019604997379395694,4.704543386262342e-05,0.0002764884147061146,0.046892670040889005,0.047143204112189654,1.8627620138386265e-10,0.010175390079923418,1.1600246655771267e-06,1.7734490232507356e-05,9.738464713312106e-05,0.0002768315609010197,1.4234545912051155e-06,6.83794019298127e-05,0.0015813955766573575,0.012894861477928664,4.2072004474117535e-05,3.407228989496875e-05,5.322780442028209e-05,0.00012473554830104972,5.217509206754044e-05,3.6185209589771996e-06,9.606605050318511e-06,3.090171955476053e-08,2.5284689208608183e-06,4.119260605865472e-11,2.6361678306872248e-06,3.5191252919831772e-06,2.302877391282206e-06,1.4805098421646361e-09,8.044736937158702e-10,6.363333822112968e-05,6.485848914570582e-06,3.950937898723206e-05,5.837964093134258e-08,4.5147840019673244e-12,1.3153725167470063e-10,8.620988039976079e-06,3.144937717709408e-10,1.2301627378161166e-08,2.517402814320602e-09,1.2406991974833366e-12,1.5208462676919245e-09,7.775642375985929e-13,4.0208861808268064e-13,4.2383340258053153e-11,6.526159120044597e-08
1.694922522904539e-06,0.45745534705161367,3.76,0.0,0.44018451299652256,0.9984366249603454,0.0020194115889634397,4.7518054876695346e-05,0.0002845886778578805,0.047130117987840954,0.04738904121224372,1.8829276376336516e-10,0.010469232854245768,1.1749959914210293e-06,1.826052651412641e-05,0.00010018231013746367,0.00028380143768655635,1.471130903340215e-06,7.026232859114542e-05,0.0016258805374812153,0.013266164960392846,4.325827964483876e-05,3.52180519963097e-05,5.508818224137142e-05,0.00012912960481909427,5.374312307386938e-05,3.8307400954948e-06,1.0178838777126334e-05,3.1747836711108996e-08,2.681824522149588e-06,4.36397799454561e-11,2.777847497724299e-06,3.725111708752485e-06,2.4396495897460888e-06,1.5705070334018096e-09,8.521302940529152e-10,6.415868026507011e-05,6.6469961103585115e-06,3.9998204004401864e-05,6.071174902276901e-08,4.7931872982138514e-12,1.3605935713730012e-10,8.714468043234773e-06,3.363066023705354e-10,1.3083519649758978e-08,2.589361962033766e-09,1.3331243694612202e-12,1.66503519149731e-09,8.748080984999862e-13,4.2606492569196104e-13,4.490973709199938e-11,6.742390127369549e-08
1.7043697501622823e-06,0.4575093671334346,3.76,0.0,0.4395524802789795,0.9983908686613762,0.002080000994222502,4.799598923596847e-05,0.0002929220168407745,0.04736696504867509,0.047634554457835966,1.903779163652109e-10,0.010770934552039028,1.190547129754657e-06,1.8803731092340207e-05,0.00010307446080400206,0.00029094327861215645,1.5205865374949926e-06,7.21945629965945e-05,0.001671559020626773,0.013647381721579617,4.44772280615013e-05,3.639962900558582e-05,5.7008062685249326e-05,0.00013367002845100066,5.535843926853996e-05,4.0550666047770374e-06,1.0784115572662757e-05,3.26158752244486e-08,2.8444436315260157e-06,4.62277191566919e-11,2.927275163865315e-06,3.942805926266896e-06,2.584294673862527e-06,1.66585358458998e-09,9.025197692159172e-10,6.470009115085774e-05,6.815161256196729e-06,4.050465597127539e-05,6.314369733859487e-08,5.088763223389296e-12,1.4072928436940683e-10,8.80880384781676e-06,3.596332428633859e-10,1.3913252882445753e-08,2.6645159613924184e-09,1.433190542132405e-12,1.8229489845480537e-09,9.842240923658501e-13,4.5144577128722284e-13,4.758403933897771e-11,6.967476005372564e-08
1.7138169774200255e-06,0.4575642419129012,3.76,0.0,0.43891043429708826,0.9983438057632574,0.002142314147884938,4.8479429610643475e-05,0.0003014951165899235,0.047603197788381964,0.047879739354995954,1.9253574226389018e-10,0.011080687705042684,1.20671255334368e-06,1.9364672498923522e-05,0.00010606477250981669,0.000298260755546216,1.5718949974873198e-06,7.417730511205523e-05,0.0017184610609421419,0.014038753889411993,4.572973487620678e-05,3.7618044526522285e-05,5.898913329269531e-05,0.0001383614126050172,5.702251723442728e-05,4.292172393571932e-06,1.1424287142057067e-05,3.350635652050188e-08,3.016885553063738e-06,4.8964267115269634e-11,3.084872859477681e-06,4.172853661231241e-06,2.737252351671558e-06,1.7668621596522354e-09,9.557938953192402e-10,6.525855747326768e-05,6.990738771693498e-06,4.102949403759283e-05,6.568050369507159e-08,5.402576078472718e-12,1.4555165768459858e-10,8.90402730072607e-06,3.845809182835203e-10,1.4793624260244367e-08,2.7430317942726324e-09,1.5416123547475047e-12,1.995903395191657e-09,1.107338152391208e-12,4.783123214047947e-13,5.041478674110402e-11,7.201848970947811e-08
1.7232642046777687e-06,0.45761999286328364,3.76,0.0,0.4382581247012337,0.9982953995545626,0.002206398473275992,4.896857680057846e-05,0.0003103148526153643,0.04783880240146309,0.04812459131911753,1.9477055332523508e-10,0.011398688797448162,1.2235286741550918e-06,1.9943937639486882e-05,0.00010915707244692113,0.0003057575806313504,1.6251329926669425e-06,7.621177932834238e-05,0.0017666173479597045,0.014440528510225207,4.7016708384075714e-05,3.8874347016640006e-05,6.103311959265493e-05,0.00014320848425455096,5.8736882578044585e-05,4.542765460890514e-06,1.2101305546305911e-05,3.441981197623828e-08,3.1997434809614707e-06,5.185768862629114e-11,3.2510851003580754e-06,4.415934976138623e-06,2.8989860762286028e-06,1.8738634654875336e-09,1.0121125739258271e-09,6.583512099830626e-05,7.174145306141135e-06,4.157351034189708e-05,6.832749623762106e-08,5.735756721910161e-12,1.505312380766931e-10,9.000172278790025e-06,4.112647967940579e-10,1.5727585060471678e-08,2.8250860137172897e-09,1.6591791216913197e-12,2.185341440157885e-09,1.2458678924747339e-12,5.067503794390053e-13,5.3411006325493424e-11,7.445964928252639e-08
1.732711431935512e-06,0.4576766419111567,3.76,0.0,0.4375952959085266,0.9982456123131689,0.0022723026532115755,4.946364007382178e-05,0.0003193882962022112,0.048073764703050574,0.0483691056745973,1.9708690211996804e-10,0.01172513830522123,1.2410339450420629e-06,2.054213234725402e-05,0.00011235534838889555,0.0003134375043559825,1.6803805764116236e-06,7.829923467274435e-05,0.0018160592343166454,0.014852957593390349,4.833908055743957e-05,4.016961014391069e-05,6.314178542173318e-05,0.00014821610735395546,6.050311168770981e-05,4.807591749959309e-06,1.2817228404860788e-05,3.5356782963076163e-08,3.39364656725746e-06,5.491669141607617e-11,3.426380037483178e-06,4.672766013961962e-06,3.0699842718471478e-06,1.9872072819138462e-09,1.071644245823493e-09,6.643088162152344e-05,7.365820955546299e-06,4.213753155083711e-05,7.10903364600288e-08,6.08950677894712e-12,1.5567292679165647e-10,9.097274811859942e-06,4.398086212281195e-10,1.6718248440184677e-08,2.9108653223324166e-09,1.7867632822894292e-12,2.392845826639252e-09,1.4017467332442897e-12,5.368506473036426e-13,5.658223986027102e-11,7.700304885269493e-08
1.742158659193255e-06,0.457734211441684,3.76,0.0,0.43692168704463114,0.9981944052795045,0.0023400766609145878,4.996483752009119e-05,0.000328722719723887,0.048308070119886595,0.04861327765458935,1.994895943837886e-10,0.012060240733134433,1.259268966159249e-06,2.1159881949130608e-05,0.00011566375576344868,0.00032130431344628744,1.7377212899456006e-06,8.044094500196827e-05,0.0018668187438936324,0.015276298152701045,4.9697807585996336e-05,4.1504933131963356e-05,6.531693321078051e-05,0.00015338928631741282,6.232283355888928e-05,5.087437088228612e-06,1.357422434967886e-05,3.631782087942118e-08,3.5992621166182576e-06,5.815044868671609e-11,3.6112506614719055e-06,4.944100813115454e-06,3.2507616193753606e-06,2.1072635496995373e-09,1.1345663242349529e-09,6.704700047588012e-05,7.566230543897604e-06,4.272242047266352e-05,7.397504415653738e-08,6.465103119551034e-12,1.6098176895738306e-10,9.195373213590955e-06,4.703453956128332e-10,1.7768897563824833e-08,3.000567185966098e-09,1.9253298543511774e-12,2.6201525953876983e-09,1.5771510683198528e-12,5.687090015976869e-13,5.993857282948421e-11,7.965376460716752e-08
1.7516058864509983e-06,0.45779272430369566,3.76,0.0,0.436237031888213,0.9981417386291577,0.0024097717915121586,5.0472396419860446e-05,0.0003383256020678692,0.048541703681164644,0.04885710240088638,2.0198370204255044e-10,0.01240420464929734,1.2782765962758906e-06,2.1797831843875213e-05,0.00011908662504444948,0.0003293618285700577,1.7972423116079896e-06,8.263820917470351e-05,0.0019189285796375648,0.015710812244231914,5.1093870422375886e-05,4.2881441092359034e-05,6.756040423584553e-05,0.00015873316956062982,6.419773168928037e-05,5.383129219020712e-06,1.4374578741371189e-05,3.730348717166471e-08,3.817297916022433e-06,6.156862272690518e-11,3.806216064016871e-06,5.23073320577443e-06,3.44186040299475e-06,2.2344235198990904e-09,1.2010656482389645e-09,6.768470319602655e-05,7.775864971858266e-06,4.332907774850488e-05,7.698802448164314e-08,6.863902622037963e-12,1.6646295726910313e-10,9.294508220277216e-06,5.030181319495926e-10,1.888299408319255e-08,3.0944004847557302e-09,2.075947013799096e-12,2.869166105157428e-09,1.7745308536742717e-12,6.024267850529865e-13,6.349066500813656e-11,8.241715487320925e-08
1.7610531137087415e-06,0.45785220381453184,3.76,0.0,0.4355410588182743,0.998087571444835,0.0024814406941106927,5.0986553629741704e-05,0.0003482046341730502,0.048774650009236,0.049100574963939055,2.0457457682107657e-10,0.012757242716961173,1.2981020691548909e-06,2.2456648092126098e-05,0.0001226284694775017,0.0003376139018438752,1.8590346116937289e-06,8.489235120192079e-05,0.0019724221310321315,0.016156767000361845,5.252827533249164e-05,4.430028534235527e-05,6.987407883065102e-05,0.000164253053104951,6.612954604627462e-05,5.695539928491943e-06,1.5220699658396383e-05,3.831435334271758e-08,4.048504707633585e-06,6.518138962079208e-11,4.011822758605261e-06,5.533498802703362e-06,3.643851921102653e-06,2.3691009678810383e-09,1.2713389571990608e-09,6.834528334610031e-05,7.995242636210952e-06,4.395844362517765e-05,8.013609730883714e-08,7.287347240581402e-12,1.7212183572780983e-10,9.394723138249166e-06,5.379806630751352e-10,2.0064186980974717e-08,3.192586203741749e-09,2.2397979378029846e-12,3.1419754906269234e-09,1.9966440509816806e-12,6.381111140802917e-13,6.724978272259579e-11,8.529887717872164e-08
1.7705003409664847e-06,0.45791267376463296,3.76,0.0,0.4348334907646519,0.9980318616876594,0.0025551374044442366,5.1507555984881445e-05,0.00035836772467742213,0.0490068933101844,0.049343690303025455,2.0726786445406584e-10,0.013119571723362778,1.3187931151662549e-06,2.3137018017974468e-05,0.00012629399315368365,0.0003460644141348212,1.9231931129835616e-06,8.720472037291185e-05,0.0020273334811776243,0.016614434659638924,5.400205444997899e-05,4.576264370648234e-05,7.225987655763227e-05,0.00016995438424337013,6.812007510952575e-05,6.025587271668541e-06,1.6115124170557683e-05,3.935100094710236e-08,4.293678813657941e-06,6.89994650975491e-11,4.22864606291048e-06,5.853277067798126e-06,3.857337963913115e-06,2.5117334756161973e-09,1.3455933870147255e-09,6.903010601840993e-05,8.224910923525639e-06,4.4611499813452315e-05,8.342652909753036e-08,7.736969395906137e-12,1.779639034286975e-10,9.496064000372536e-06,5.753985280410015e-10,2.131632178911953e-08,3.2953581653630877e-09,2.418194065758093e-12,3.4408727388760933e-09,2.2465954098457046e-12,6.758752032704079e-13,7.122783288582452e-11,8.830490640922687e-08
1.779947568224228e-06,0.4579741584218512,3.76,0.0,0.4341140451619741,0.9979745661678039,0.0026309173780901147,5.20356607191168e-05,0.0003688230056743703,0.049238417364273326,0.04958644328658329,2.1006951951736613e-10,0.013491412605360999,1.3404000883028118e-06,2.3839650821705657e-05,0.00013008809944663668,0.0003547172721478133,1.9898168570723112e-06,8.957669135495326e-05,0.0020836974134390705,0.01708409259214701,5.5516266333938995e-05,4.726972080014894e-05,7.471975633445768e-05,0.00017584276526779166,7.017117799142797e-05,6.374237901397661e-06,1.706052490836499e-05,4.041402157157371e-08,4.553664922511224e-06,7.303413156526091e-11,4.4572915452953365e-06,6.190993485599092e-06,4.082952360482276e-06,2.6627837859832927e-09,1.424046989027325e-09,6.974061161063142e-05,8.465447781669004e-06,4.528927143587567e-05,8.686706749711624e-08,8.21439770965939e-12,1.839948183961754e-10,9.598579732223488e-06,6.154499371306948e-10,2.264345019340342e-08,3.4029638062714435e-09,2.6125899514462254e-12,3.768372543683719e-09,2.527880134505903e-12,7.158387077492247e-13,7.5437398901247e-11,9.144155413455068e-08
1.789394795481971e-06,0.4580366825354558,3.76,0.0,0.4333824339073844,0.9979156405144399,0.002708837524244162,5.2571135903670074e-05,0.0003795788385753864,0.04946920551626984,0.04982882869271902,2.129858208976019e-10,0.013872990471606027,1.3629760987648587e-06,2.4565278203254636e-05,0.00013401589982876,0.0003635764052895402,2.0590091765961316e-06,9.200966426435544e-05,0.002141549417619233,0.0175660233200166,5.707199652911707e-05,4.882274829338641e-05,7.725571651283507e-05,0.0001819239572567541,7.228477663839234e-05,6.742509504130844e-06,1.8059716940119215e-05,4.1504016800180846e-08,4.829359046178671e-06,7.729726637357889e-11,4.6983965379247815e-06,6.547621825075292e-06,4.321362597934085e-06,2.8227412330471895e-09,1.5069292724294823e-09,7.04783197894064e-05,8.717463372925779e-06,4.5992829068431653e-05,9.046597893870669e-08,8.721363104207701e-12,1.9022040146155182e-10,9.702322328551563e-06,6.583268243923989e-10,2.4049840035563236e-08,3.515665001028047e-09,2.824599901047684e-12,4.127234112462032e-09,2.8444330488492294e-12,7.581280843289408e-13,7.989177853359625e-11,9.471548918346526e-08
1.7988420227397143e-06,0.4581002713398075,3.76,0.0,0.4326383633223575,0.9978550391450063,0.0027889562400460403,5.311426090519093e-05,0.0003906438200765012,0.04969924066565032,0.050070841209908214,2.1602338791774476e-10,0.014264534620969688,1.3865771512782402e-06,2.5314654995839707e-05,0.0001380827230828556,0.0003726457622998614,2.130877873449537e-06,9.450506470652512e-05,0.002200925695610384,0.018060514532704703,5.867035812755149e-05,5.0422985152727325e-05,7.986979490628956e-05,0.0001882038839226806,7.446285811588885e-05,7.131473346526496e-06,1.9115664968861563e-05,4.2621598162627626e-08,5.121711659242556e-06,8.180137135036118e-11,4.952631719040821e-06,6.924186503015918e-06,4.573271515729758e-06,2.9921232524725173e-09,1.5944817710416684e-09,7.124483364849622e-05,8.981601812658043e-06,4.672329088051286e-05,9.423208948870729e-08,9.259705290934585e-12,1.966466401789796e-10,9.807347040681675e-06,7.042359964094284e-10,2.5539985724372158e-08,3.6337389353780023e-09,3.056016615612248e-12,4.520485117685205e-09,3.200683950218989e-12,8.028769724430699e-13,8.460502384978694e-11,9.813375954988414e-08
1.8082892499974575e-06,0.4581649505576732,3.76,0.0,0.43188153411895047,0.9977927152337791,0.0028713334454431925,5.3665326863987925e-05,0.0004020267882251738,0.04992850525669339,0.05031247543790285,2.191891971356924e-10,0.014666278556951507,1.4112622893072394e-06,2.6088559809149162e-05,0.0001422941249261666,0.00038192930764146556,2.2055354030715286e-06,9.706434378253472e-05,0.0022618631664760333,0.01856785909664992,6.031249233062337e-05,5.207171785909603e-05,8.256406876348462e-05,0.00019468863551756307,7.6707476980303e-05,7.542256936919562e-06,2.0231490861602626e-05,4.376738706472533e-08,5.43173103067463e-06,8.655960365820723e-11,5.220702767003514e-06,7.321765050392221e-06,4.839419077889051e-06,3.171476976452872e-09,1.6869586353333666e-09,7.204184406991059e-05,9.258542997587883e-06,4.748182487787031e-05,9.817482926426277e-08,9.831379671513373e-12,2.032796927747105e-10,9.913712575548741e-06,7.534003869707326e-10,2.7118619067019325e-08,3.757479031933235e-09,3.30883208346302e-12,4.9514480033338775e-09,3.601619928639781e-12,8.502265958997057e-13,8.959198333773107e-11,1.0170381571989297e-07
1.8177364772552007e-06,0.4582307464031488,3.76,0.0,0.4311116413708477,0.9977286206797414,0.002956030618579881,5.4224637193325204e-05,0.000413736828583759,0.05015698126846639,0.05055372588886208,2.2249059983225166e-10,0.015078459997761782,1.4370937453194704e-06,2.6887795681358334e-05,0.00014665589806435992,0.0003914310176385307,2.283099064867132e-06,9.968897805954982e-05,0.0023243994709109053,0.019088355058889703,6.199956901032924e-05,5.3770260599466094e-05,8.534065468354553e-05,0.0002013844727958235,7.902075774073275e-05,7.976046805759006e-06,2.141048152350358e-05,4.494201469967182e-08,5.760486760148077e-06,9.158580801739295e-11,5.503352088749538e-06,7.741490685069737e-06,5.120584226132803e-06,3.3613809177632153e-09,1.7846272505780355e-09,7.287113429669444e-05,9.549004527951694e-06,4.8269651253411674e-05,1.0230428073891323e-07,1.0438464678105005e-11,2.1012589212411686e-10,1.002148130710351e-05,8.060604283509828e-10,2.879072053210941e-08,3.8871959312358585e-09,3.5852609981489513e-12,5.423768877317131e-09,4.0528555248067245e-12,9.003261865360301e-13,9.486834631605202e-11,1.054335355149755e-07
1.827183704512944e-06,0.4582976855841619,3.76,0.0,0.43032837448957856,0.9976627060737417,0.003043110831695465,5.479250810069397e-05,0.0004257832804850066,0.05038465020471225,0.050794586988724244,2.2593534020410247e-10,0.01550132088176933,1.464137097254533e-06,2.77131907391496e-05,0.00015117408269362434,0.0004011548763551133,2.3636911988158e-06,0.00010238046950231739,0.002388572975024457,0.01962230564420736,6.373278726847951e-05,5.5519955429911824e-05,8.820170846973503e-05,0.00020829783103291485,8.140489741392894e-05,8.434091409156033e-06,2.2656097129919435e-05,4.614612193882462e-08,6.1091135313162285e-06,9.689455034219466e-11,5.801360625362822e-06,8.184554994256014e-06,5.41758681697347e-06,3.5624467477810736e-09,1.8877688820409184e-09,7.373458472632009e-05,9.853743727940313e-06,4.908804485092654e-05,1.0663123129777704e-07,1.108316957998506e-11,2.1719174975030653e-10,1.0130719500875987e-05,8.624755510766586e-10,3.056153095552952e-08,4.023218531318802e-09,3.887767011371768e-12,5.9414492432078225e-09,4.560711708797565e-12,9.53333430907249e-13,1.0045068975286038e-10,1.0933125055327914e-07
1.8366309317706871e-06,0.45836579530451843,3.76,0.0,0.42953141720630156,0.9975949206649395,0.0031326387875135987,5.5369269132004644e-05,0.0004381757433743208,0.050611493083643946,0.051035053078838634,2.2953157427632465e-10,0.01593510736798719,1.4924614313414786e-06,2.8565598864793765e-05,0.00015585497746968018,0.0004111048712040029,2.4474393883014563e-06,0.00010514034536276338,0.002454422773390112,0.020170019245356028,6.551337599239762e-05,5.732217240754867e-05,9.114942491772675e-05,0.00021543532409804266,8.386216817565541e-05,8.917704159716006e-06,2.39719797294314e-05,4.738035920056973e-08,6.478815095235016e-06,1.0250115283794969e-10,6.115549737489536e-06,8.652210730061325e-06,5.731289645832703e-06,3.7753211735708024e-09,1.9966793481063234e-09,7.46341779338923e-05,1.0173559769008175e-05,4.9938337747032255e-05,1.1116723043546629e-07,1.1767842785740355e-11,2.2448395983747544e-10,1.0241497552534311e-05,9.229258253551498e-10,3.243656370033557e-08,4.165895089030089e-09,4.21909216822769e-12,6.508880849111566e-09,5.132304783382e-12,1.0094149411948377e-12,1.063565276171226e-10,1.1340577443768457e-07
1.8460781590284303e-06,0.45843510326546144,3.76,0.0,0.42872044755957167,0.9975252123265288,0.0032246808561014087,5.5955263739680745e-05,0.0004509240832327149,0.05083749042765545,0.05127511841787732,2.332878895478936e-10,0.016380069831255197,1.5221395114019208e-06,2.9445900369228803e-05,0.00016070515096313368,0.00042128498827683663,2.5344766691801893e-06,0.00010797015802458841,0.00252198869129912,0.020731809405886155,6.734259440555843e-05,5.917830968872011e-05,9.41860375346225e-05,0.0002228037485791861,8.639492011181522e-05,9.428266588843835e-06,2.536196223118587e-05,4.864538629581801e-08,6.870868497874197e-06,1.0842173060641816e-10,6.446783173361584e-06,9.145774721527542e-06,6.062600561312045e-06,4.0006879193849275e-09,2.1116697222559788e-09,7.557200393463037e-05,1.0509295900805783e-05,5.082192195685496e-05,1.1592465202700596e-07,1.2494980671896356e-11,2.3200940325141217e-10,1.0353890241330944e-05,9.877137587940007e-10,3.4421617281688743e-08,4.315594386540661e-09,4.582289914610347e-12,7.130883958272999e-09,5.775646452613327e-12,1.068746751572348e-12,1.1260436289168621e-10,1.1766643278682558e-07
1.8545806635603992e-06,0.45849852822224546,3.76,0.0,0.4279783236133352,0.9974607864979348,0.0033097245121516032,5.6490849130984794e-05,0.0004627102380554615,0.05104014859893757,0.051490829770740314,2.368129040326831e-10,0.016790301832721392,1.5500704776295472e-06,3.026276997138155e-05,0.00016522069625835915,0.00043064713768628955,2.6157369126985407e-06,0.00011057808852385667,0.0025842988052204173,0.02124971928376659,6.903153498517465e-05,6.089611337140014e-05,9.69968720277472e-05,0.00022963854488905808,8.874094063754512e-05,9.912014075437582e-06,2.6679630989093664e-05,4.981078875134136e-08,7.243945452583408e-06,1.1403268755964031e-10,6.7602158243139645e-06,9.613276254473064e-06,6.376623679535032e-06,4.214795497508695e-09,2.2206293515566296e-09,7.645055468796096e-05,1.0825804406772382e-05,5.164681285175599e-05,1.2040659221537457e-07,1.3187901959255796e-11,2.389875574727027e-10,1.0456489725232949e-05,1.0500012477273706e-09,3.6307265897037296e-08,4.456650510019408e-09,4.939223092342144e-12,7.741707621827826e-09,6.423431270495723e-12,1.125077885668516e-12,1.1853595534735794e-10,1.2166831564925738e-07
1.863083168092368e-06,0.4585629674933979,3.76,0.0,0.4272243415113118,0.9973947197196249,0.0033969105495517972,5.703447486151954e-05,0.0004748004469841561,0.05124209078109096,0.05170620750242734,2.4048181667392767e-10,0.017209981022503658,1.5792186291762957e-06,3.110364859034888e-05,0.00016988409979468968,0.00044020180337874817,2.6998787804016625e-06,0.0001132451120959781,0.002648061891772804,0.021779525069490498,7.076187241851229e-05,6.265980675905378e-05,9.98832346129756e-05,0.00023667127298475363,9.11518987984631e-05,1.0419877647272541e-05,2.8063670114353332e-05,5.100216672996957e-08,7.637268409781065e-06,1.1992463514338375e-10,7.0888836676989345e-06,1.0103941002575882e-05,6.706412869477159e-06,4.440162299127359e-09,2.3350284102227578e-09,7.736354486146068e-05,1.1156610529074473e-05,5.2500953212509185e-05,1.2508895501499864e-07,1.391941709730708e-11,2.4616564602321267e-10,1.0560522658063444e-05,1.116323342566775e-09,3.8291625801843534e-08,4.6040117300696885e-09,5.3274716469873204e-12,8.405226250288544e-09,7.143980200785752e-12,1.1843350980195472e-12,1.2477539490511046e-10,1.2583654851399176e-07
1.8715856726243369e-06,0.45862844230763966,3.76,0.0,0.426458254710205,0.9973269709912229,0.0034862909658027767,5.758642262638957e-05,0.00048720248211554795,0.051443301703377416,0.05192124726534847,2.4430186721735323e-10,0.0176392986262522,1.6096453686299776e-06,3.19692355894883e-05,0.00017470075977940084,0.0004499518679986283,2.787011456246978e-06,0.00011597241170475817,0.0027133085050221216,0.02232146591727616,7.253458985091938e-05,6.447046763575686e-05,0.00010284683234485345,0.00024390728394740494,9.362968130498505e-05,1.095301944426442e-05,2.951730872315289e-05,5.222001996840774e-08,8.051939160243395e-06,1.261111245165496e-10,7.433512836276266e-06,1.0618874438819984e-05,7.05273258565504e-06,4.6773722828210095e-09,2.4551283546654586e-09,7.831274388371442e-05,1.1502430197631856e-05,5.338549397302753e-05,1.2998275885755614e-07,1.4691692236029426e-11,2.535490889080681e-10,1.066605377542016e-05,1.186955508816543e-09,4.0379569922276254e-08,4.757994630937186e-09,5.750067275052516e-12,9.126021723563977e-09,7.945477801973172e-12,1.2466684469734587e-12,1.3133845054477658e-10,1.301791261589077e-07
1.8800881771563057e-06,0.45869497422340366,3.76,0.0,0.4256798129419384,0.9972574983198067,0.0035779189467390602,5.814698481498974e-05,0.000499924306825457,0.0516437657437116,0.05213594466434941,2.4828063193500376e-10,0.018078448587940422,1.641414973358153e-06,3.286024937093667e-05,0.00017967628319271172,0.00045990019992300194,2.877248259578991e-06,0.00011876118610978552,0.0027800696785930798,0.022875784268233466,7.435069165266054e-05,6.632919223304164e-05,0.000105889396519044,0.00025135205930973094,9.617623347504549e-05,1.151265501074554e-05,3.104392599876683e-05,5.346485382403164e-08,8.489119747782793e-06,1.326063278142394e-10,7.794862702341642e-06,1.1159232065727525e-05,7.416382684858666e-06,4.9270393207165285e-09,2.581202581922004e-09,7.930000632855262e-05,1.1864014520693713e-05,5.430163294050807e-05,1.3509975415786025e-07,1.5507016128532622e-11,2.6114343856844407e-10,1.077315142059222e-05,1.2621935432608862e-09,4.257619263151383e-08,4.918932601247044e-09,6.210355167595151e-12,9.909076873718876e-09,8.837029278109471e-12,1.3122355765886595e-12,1.3824168722419288e-10,1.347044665926608e-07
1.8885906816882746e-06,0.45876258512362045,3.76,0.0,0.42488876222695077,0.9971862586976168,0.0036718488893910804,5.8716464922213566e-05,0.0005129740797227026,0.051843466922430796,0.05235029525881186,2.524260375214358e-10,0.018527627549096197,1.6745947146568826e-06,3.377742777871641e-05,0.00018481649408790636,0.00047004964964880025,2.970706785826768e-06,0.00012161264961915217,0.002848376924203711,0.023442725815223803,7.621120371602737e-05,6.823709516873226e-05,0.00010901268227917228,0.0002590112136205155,9.879356116821227e-05,1.2100055566815022e-05,3.264705768844927e-05,5.4737179103751553e-08,8.950035779834732e-06,1.3942506442258313e-10,8.173727294600315e-06,1.1726221488704663e-05,7.79819995383402e-06,5.189808710512828e-09,2.7135369331335052e-09,8.03272757757994e-05,1.2242151446360636e-05,5.525061678993653e-05,1.4045247862157618e-07,1.6367807072559206e-11,2.689543821767807e-10,1.0881887744382193e-05,1.3423552261739817e-09,4.488681859793029e-08,5.087176737220855e-09,6.712027125061449e-12,1.0759810740030235e-08,9.828764407271429e-12,1.381202087850582e-12,1.455025052157991e-10,1.3942143505938252e-07
1.8970931862202435e-06,0.4588312972170354,3.76,0.0,0.424084844892278,0.9971132080793628,0.0037681364250116652,5.9295177976341964e-05,0.0005263601586207831,0.05204238889605248,0.052564294564982426,2.5674637505603347e-10,0.018987034823895077,1.709254980770722e-06,3.472152850049655e-05,0.0001901274422260788,0.00048040304599858354,3.0675090504742722e-06,0.00012452803180671817,0.002918262229541478,0.024022539461956746,7.811717374127497e-05,7.019530935797067e-05,0.00011221846817261258,0.00026689049702995684,0.00010148373278418366,1.2716550364348701e-05,3.4330402854961275e-05,5.603751187613018e-08,9.435979924035418e-06,1.4658282814104826e-10,8.570936769470028e-06,1.232110456331502e-05,8.199059696717642e-06,5.466358764383234e-09,2.8524302146767147e-09,8.139658883581422e-05,1.2637667499829757e-05,5.623374314587376e-05,1.460543171313096e-07,1.7276620368563028e-11,2.769877439866299e-10,1.0992338916526517e-05,1.427782122615163e-09,4.731701192694903e-08,5.263096792061059e-09,7.259158987859702e-12,1.1684116981072809e-08,1.0931952405529887e-11,1.4537419415887398e-12,1.5313918137073257e-10,1.4433936950158588e-07
1.9055956907522123e-06,0.45890113303553376,3.76,0.0,0.4232677995943757,0.997038301359162,0.003866838442223873,5.988345098295607e-05,0.000540091104515396,0.05224051495102975,0.05277793805853149,2.6125031454912635e-10,0.019456872370180255,1.7454694034525565e-06,3.56933294666479e-05,0.00019561541203360242,0.0004909631921559422,3.167781635887826e-06,0.00012750857719464212,0.0029897580554752697,0.024615477276402425,8.006967151153706e-05,7.220498589583362e-05,0.00011550855565683962,0.00027499579789211646,0.0001042488813243576,1.3363529123330792e-05,3.6097830870401564e-05,5.7366373265853786e-08,9.948315588977462e-06,1.540958153192417e-10,8.987358933885813e-06,1.2945199611976922e-05,8.619877379362729e-06,5.757402473347027e-09,2.9981947373796655e-09,8.251007933131568e-05,1.3051429594045373e-05,5.725236274940735e-05,1.5191956635106108e-07,1.8236156073301325e-11,2.8524948757127646e-10,1.1104585348642143e-05,1.518841541463868e-09,4.9872585568124674e-08,5.447082173557103e-09,7.856252367359716e-12,1.2688405547868566e-08,1.2159129870168129e-11,1.530037867198353e-12,1.611709122382003e-10,1.494681074813215e-07
1.914098195284181e-06,0.45897211543260974,3.76,0.0,0.4224373613470357,0.9969614923471014,0.003968013110273423,6.048162338581909e-05,0.0005541756855618368,0.05243782799751128,0.0529912211773596,2.6594692013399827e-10,0.019937344756120474,1.7833149881597998e-06,3.6693629245618985e-05,0.0002012869318997487,0.000501732861523107,3.2716558409955274e-06,0.0001305555448962667,0.003062897332551237,0.025221794438117427,8.206978915759778e-05,7.42672939094773e-05,0.00011888476855333506,0.0002833331453832565,0.000107091206519346,1.4042444551827708e-05,3.795338866351412e-05,5.872428922825715e-08,1.0488480801971308e-05,1.6198095401482405e-10,9.42390082203517e-06,1.3599883712738084e-05,9.06161033320162e-06,6.063689251994457e-09,3.151156874975593e-09,8.366998264481362e-05,1.3484346917919649e-05,5.830788171509135e-05,1.580635045046413e-07,1.924926714605648e-11,2.937457179885619e-10,1.1218711929560694e-05,1.6159286686285431e-09,5.2559611004273136e-08,5.639542991935158e-09,8.508280357979615e-12,1.3779647944483151e-08,1.352424288410828e-11,1.6102817861635004e-12,1.696178591800149e-10,1.5481801467039966e-07
1.9226006998161503e-06,0.4590442675807383,3.76,0.0,0.421593261554752,0.9968827337454211,0.004071719902364748,6.109004754560779e-05,0.0005686228810454917,0.05263431056311264,0.05320413932467099,2.7084566525329467e-10,0.02042865912221631,1.8228722480086305e-06,3.772324743437715e-05,0.00020714878383231876,0.0005127147933944068,3.379267833767422e-06,0.0001336702082161118,0.0031377134567155307,0.025841749179074083,8.411864140969655e-05,7.63834203772496e-05,0.00012234895244618682,0.0002919087121348821,0.00011001297702609851,1.475481495367067e-05,3.990130823117464e-05,6.011179030304514e-08,1.105799229774509e-05,1.7025593406789714e-10,9.881510328206028e-06,1.4286595062939726e-05,9.525259521183363e-06,6.38600676879894e-09,3.3116576410269794e-09,8.48786402397543e-05,1.3937372906506952e-05,5.940176388323369e-05,1.645024668426487e-07,2.0318968209938665e-11,3.024826839995362e-10,1.1334808273968521e-05,1.7194688943720208e-09,5.538442823146877e-08,5.840911161712798e-09,9.220738174784875e-12,1.496542643995146e-08,1.504280513675938e-11,1.6946752742866128e-12,1.7850119565450087e-10,1.6040001503188545e-07
1.9311032043481193e-06,0.4591176129685962,3.76,0.0,0.4207352280519027,0.9968019771243146,0.004178019619058015,6.170908923741995e-05,0.0005834418853388694,0.052829944786706495,0.053416687872333536,2.759564483502725e-10,0.02093102513836045,1.8642253415451468e-06,3.8783025042682966e-05,0.00021320801348855464,0.000523911688439281,3.490758806434354e-06,0.00013685385420642636,0.0032142402842076116,0.026475602717579937,8.62173658334331e-05,7.855456991252906e-05,0.0001259029740225087,0.0003007288168799358,0.00011301653269682588,1.5502226926815973e-05,4.194601442448718e-05,6.152941134631477e-08,1.1658449831743968e-05,1.789392382108953e-10,1.03611778979272e-05,1.5006835420089877e-05,1.0011871368246195e-05,6.725182867136188e-09,3.4800532854420543e-09,8.613850436337795e-05,1.4411507297324116e-05,6.0535533272507853e-05,1.7125392732513943e-07,2.1448444709372833e-11,3.114667801820252e-10,1.1452968985280745e-05,1.829920354914022e-09,5.835365604237675e-08,6.0516415596041965e-09,9.999699583802172e-12,1.6253987607532817e-08,1.6732073603589794e-11,1.7834300340845307e-12,1.8784315672954472e-10,1.6622562281406187e-07
1.9396057088800884e-06,0.4591921753976221,3.76,0.0,0.41986298514801856,0.9967191728973511,0.004286974411695542,6.233912816762235e-05,0.0005986421118361839,0.053024712412241305,0.05362886216454119,2.8128960934086313e-10,0.021444654955736532,1.907462214250941e-06,3.987382486976732e-05,0.0002194719405915559,0.0005353262039934688,3.606275133256869e-06,0.0001401077831780333,0.0032925121255790468,0.027123619184982833,8.836712304888634e-05,8.07819645104223e-05,0.00012954872035296448,0.00030979992710972025,0.00011610428692057458,1.6286338152966775e-05,4.409213301398577e-05,6.297769124000106e-08,1.2291540728567792e-05,1.8805017430490024e-10,1.0863938278222991e-05,1.5762172620198554e-05,1.0522539657395831e-05,7.082087580700299e-09,3.656715911807031e-09,8.745214293569301e-05,1.490779827543649e-05,6.171077663618668e-05,1.783365870118911e-07,2.264106248575139e-11,3.207045489059131e-10,1.1573293933495284e-05,1.947776708526086e-09,6.14742026118767e-08,6.272213240328727e-09,1.0851879509279337e-11,1.7654300543813718e-08,1.8611243696905745e-11,1.8767683778709405e-12,1.9766709085912893e-10,1.7230697645669026e-07
1.9481082134120575e-06,0.4592679789781136,3.76,0.0,0.4189762536794165,0.9966342702965367,0.004398647805823478,6.298055851059567e-05,0.0006142331968549799,0.053218594782598015,0.05384065752179547,2.8685594601118705e-10,0.02196976315334194,1.952674743673041e-06,4.099653187189636e-05,0.0002259481697419624,0.0005469609491576268,3.7259685306274574e-06,0.00014343330816162973,0.003372563738793588,0.02778606554486002,9.056909693187054e-05,8.306684325543977e-05,0.00013328809811080053,0.00031912866173891183,0.00011927872903856989,1.7108880278722185e-05,4.634449903765557e-05,6.44571725777619e-08,1.2959044676221111e-05,1.9760890858635615e-10,1.1390872327665175e-05,1.6554243173480106e-05,1.105840749229524e-05,7.457635246991318e-09,3.842034114908577e-09,8.882224462869596e-05,1.5427344709819245e-05,6.29291461251969e-05,1.8577046968387792e-07,2.3900378076134855e-11,3.302026823333878e-10,1.1695888548795857e-05,2.073570168054881e-09,6.475327638592549e-08,6.503130712811286e-09,1.178470328411626e-11,1.9176120143666665e-08,2.070166605014321e-11,1.974923756172098e-12,2.0799751403621782e-10,1.7865687451244856e-07
1.9566107179440265e-06,0.45934504812473154,3.76,0.0,0.4180747510675032,0.9965472173470149,0.004513104724573125,6.363378946601245e-05,0.0006302250034934488,0.05341157283349548,0.05405206924522369,2.926667307566791e-10,0.022506566678896996,1.9999588880965082e-06,4.2152053519168114e-05,0.00023264460163651326,0.0005588184797021581,3.849996219282962e-06,0.00014683175431724332,0.0034544303213575617,0.028463211504353454,9.282449479472301e-05,8.54104619879818e-05,0.0001371230327276192,0.0003287217937760987,0.0001225424268351945,1.7971661889176786e-05,4.87081654363394e-05,6.59684013256485e-08,1.36628387783493e-05,2.0763649993311936e-10,1.1943108887086131e-05,1.7384754937670363e-05,1.1620669327483565e-05,7.852786723117504e-09,4.036413638162052e-09,9.025162414069709e-05,1.5971298483951592e-05,6.419236206179499e-05,1.9357702528664693e-07,2.523014952230668e-11,3.399680243309018e-10,1.1820864131774432e-05,2.207874814963468e-09,6.819839727547496e-08,6.744925279817681e-09,1.2806383437002033e-11,2.0830055853704397e-08,2.30270874036859e-11,2.078141303242825e-12,2.1886016645633128e-10,1.8528881370042896e-07
1.9651132224759956e-06,0.45942340755144545,3.76,0.0,0.417158191384092,0.9964579608414208,0.004630411511965381,6.429924583741258e-05,0.0006466276254320615,0.053603627087455016,0.054263092621255386,2.9873372823922636e-10,0.023055284783871206,2.0494148387003536e-06,4.3341320139782547e-05,0.00023956944470746524,0.0005709012927760723,3.978521088409092e-06,0.0001503044582900002,0.0035381475014224424,0.029155329417267613,9.513454754414552e-05,8.78140929272386e-05,0.0001410554674838387,0.00033858625299733195,0.00012589802910666258,1.8876571575444005e-05,5.118841198252178e-05,6.751192645627095e-08,1.4404902878327913e-05,2.181549352790692e-10,1.2521826712134116e-05,1.8255489869629802e-05,1.2210573067677583e-05,8.268551708830582e-09,4.240278052107607e-09,9.174322767166279e-05,1.65408669241505e-05,6.550221582832139e-05,2.0177924185887184e-07,2.663434761236991e-11,3.5000757218027397e-10,1.1948338181263607e-05,2.351310223196173e-09,7.181740816120539e-08,6.998156443761169e-09,1.392600493882e-11,2.262764637840548e-08,2.5613918224161855e-11,2.18667838791146e-12,2.3028207178164796e-10,1.9221702922405285e-07
1.9736157270079647e-06,0.4595030822658652,3.76,0.0,0.41622628542408957,0.996366446313893,0.004750635956098988,6.497736863286676e-05,0.0006634513906676306,0.05379473764783522,0.054473722926677716,3.050692129322229e-10,0.023616138952348945,2.101147175113442e-06,4.4565285249904254e-05,0.00024673122719715847,0.0005832118214180497,4.111711861393012e-06,0.00015385276750891735,0.003623751327800015,0.029862694178534727,9.750050981434157e-05,9.027902424805056e-05,0.00014508736253181887,0.00034872912862001556,0.0001293482683090834,1.9825581097312776e-05,5.379075450832066e-05,6.908829955587269e-08,1.5187325169728565e-05,2.291871661258759e-10,1.3128256468796713e-05,1.91683068557186e-05,1.2829422237570273e-05,8.705991181915664e-09,4.454069454311504e-09,9.330013860552307e-05,1.7137315329224607e-05,6.686057287561832e-05,2.104017666641508e-07,2.8117167949737403e-11,3.6032847825817925e-10,1.2078434740828013e-05,2.504545424054308e-09,7.561848671370157e-08,7.263413381123606e-09,1.5153619703479454e-11,2.458144085226837e-08,2.8491529916039466e-11,2.300805214967606e-12,2.4229159908320227e-10,1.9945653749366501e-07
1.9821182315399337e-06,0.4595840975629407,3.76,0.0,0.4152787407859052,0.9962726180137552,0.0048738473121797575,6.566861568850197e-05,0.0006807068651667374,0.05398488419294916,0.05468395543409212,3.1168598676251844e-10,0.024189352823459832,2.155265024241779e-06,4.582492586711612e-05,0.00025413880968137305,0.0005957524288688165,4.249743262940173e-06,0.00015747803942525515,0.0037112782588307517,0.030585583109656412,9.992366007324247e-05,9.280655960928952e-05,0.0001492206938498217,0.0003591576719741822,0.00013289596328731044,2.0820748641642382e-05,5.652095443756092e-05,7.06980744029439e-08,1.6012308107860577e-05,2.407571460974394e-10,1.3763682792799541e-05,2.0125144620946442e-05,1.3478578223321724e-05,9.166219951040197e-09,4.678249190189618e-09,9.492558340496758e-05,1.776196960487603e-05,6.826937585556955e-05,2.1947103729176574e-07,2.968304368923681e-11,3.709380516411716e-10,1.2211284764995603e-05,2.6683032461173186e-09,7.961015753262805e-08,7.5413164881182e-09,1.650035126650803e-11,2.670508702554221e-08,3.169258480570113e-11,2.4208054537616045e-12,2.5491852757087887e-10,2.0702318139851657e-07
1.990620736071903e-06,0.4596664790179857,3.76,0.0,0.41431526195994056,0.9961764188788809,0.005000116325344256,6.637346231564549e-05,0.0006984048564239839,0.05417404597027686,0.05489378541779513,3.1859739778529046e-10,0.024775152107101066,2.211882222201638e-06,4.7121242805321095e-05,0.00026180139805461757,0.0006085254026848776,4.392796187231027e-06,0.00016118164068785275,0.003800765150044586,0.03132427583473201,0.00010240530069892906,9.539801763128205e-05,0.00015345745212516865,0.0003698792991679608,0.00013654402208596722,2.1864222176651316e-05,5.938502862582851e-05,7.234180651641686e-08,1.688217463739809e-05,2.5288986964069614e-10,1.4429446413570501e-05,2.1128024716458984e-05,1.4159462586719733e-05,9.650409331209002e-09,4.913298595142144e-09,9.662293772386606e-05,1.841621900616142e-05,6.973064788216236e-05,2.2901542354705984e-07,3.1336658731795115e-11,3.818437594596929e-10,1.2347026506349841e-05,2.843365067571322e-09,8.380130460709547e-08,7.832519000553933e-09,1.797851080965827e-11,2.9013427050097483e-08,3.525340247262008e-11,2.5469768662380913e-12,2.68194114234857e-10,2.1493367827866122e-07
1.998272990150675e-06,0.45974181174977863,3.76,0.0,0.41343426061838573,0.9960877643538903,0.005116432423349432,6.701985936821754e-05,0.0007147205301397533,0.054343432089778786,0.05508228434587542,3.250810693461403e-10,0.02531332013674083,2.2650726538421455e-06,4.832013287147965e-05,0.0002689236551461979,0.0006202215772558639,4.525991834911093e-06,0.0001645829896652347,0.0038830098886509824,0.032002844391419066,0.00010468988224541988,9.778608517202636e-05,0.00015736062084681162,0.00037978561462211833,0.00013991556373152384,2.284650033968881e-05,6.208234463651519e-05,7.38506590418401e-08,1.770545213732739e-05,2.643119945370861e-10,1.5055727097677188e-05,2.2071722963233112e-05,1.4800611566750033e-05,1.0107681922623246e-08,5.1345511593086946e-09,9.821495442989157e-05,1.9031548809853287e-05,7.10923933502401e-05,2.3803671974156902e-07,3.290401378064222e-11,3.9191839134982314e-10,1.2471786959255436e-05,3.0112826819723376e-09,8.775153146194789e-08,8.106539955185985e-09,1.943246012189091e-11,3.1262157093003304e-08,3.879902120947191e-11,2.666065487377884e-12,2.8072382545151945e-10,2.223616811444976e-07
2.005925244229447e-06,0.45981829103033833,3.76,0.0,0.4125398911817303,0.9959970986471123,0.005235337470580656,6.76780442863622e-05,0.0007314118208482037,0.05451198763714521,0.05527044997901959,3.3182520443889586e-10,0.025862034047462838,2.320473673774004e-06,4.955032458036763e-05,0.00027626743984659634,0.0006321093036857394,4.663547484176644e-06,0.0001680499065033289,0.003966899757251958,0.03269464908317846,0.00010702389850576633,0.00010022799093953708,0.00016135065826397893,0.0003899411145755238,0.0001433730818023677,2.3871421210205213e-05,6.489795470302331e-05,7.538787435634576e-08,1.856894665571547e-05,2.7623083211851565e-10,1.570877513380516e-05,2.3056019251142517e-05,1.5469788705437762e-05,1.0586298732379799e-08,5.365395481319712e-09,9.987076225080222e-05,1.9673137515734612e-05,7.249994063339265e-05,2.474912541017704e-07,3.45502434137429e-11,4.022447382573998e-10,1.259911984986979e-05,3.18970415309633e-09,9.187784071798116e-08,8.392416529596311e-09,2.1014825066785765e-11,3.368628377475828e-08,4.270125001362107e-11,2.790644259134083e-12,2.9383053738674566e-10,2.300960202102377e-07
2.013577498308219e-06,0.4598959360539434,3.76,0.0,0.41163193217483834,0.9959043773275327,0.005356886224855344,6.834840261838276e-05,0.0007484871224268561,0.05467969656637392,0.05545827890213075,3.388407426124583e-10,0.02642146230195293,2.378178716076632e-06,5.081259799657181e-05,0.00028384023556146117,0.000644190067624513,4.8056084978788755e-06,0.00017158340287508618,0.004052462391099526,0.033399897980887064,0.00010940834867699458,0.00010272472485517439,0.00016542904122292734,0.0004003515582659421,0.00014691889332884734,2.4940751175520998e-05,6.783681704074328e-05,7.695385904121733e-08,1.9474628971397613e-05,2.8866692729720696e-10,1.63896933424375e-05,2.408257177720793e-05,1.616816504376616e-05,1.1087242556952469e-08,5.606227085023539e-09,0.00010159315781694934,2.0342141168162737e-05,7.39549456233174e-05,2.574043669241277e-07,3.627934128971955e-11,4.1282857677961614e-10,1.2729142816492405e-05,3.3793427726137453e-09,9.618750723519614e-08,8.690700113469818e-09,2.2737592004588232e-11,3.629954589840855e-08,4.699589344010515e-11,2.9209623126932006e-12,3.0754039569372154e-10,2.3815090944799796e-07
2.0212297523869913e-06,0.45997476617607885,3.76,0.0,0.41071016035560076,0.9958095550356094,0.005481134476646783,6.903133313895141e-05,0.0007659549953421277,0.054846542535081484,0.05564576771865173,3.4613902856238344e-10,0.0269917744688692,2.438284724032641e-06,5.210774939690976e-05,0.00029164978749815767,0.0006564652892366848,4.952324707684562e-06,0.0001751844940294124,0.0041397256474608075,0.03411880029727324,0.00011184424762354439,0.00010527728502363307,0.00016959725300434196,0.0004110228196144343,0.00015055538137362563,2.605632445064399e-05,7.09040838288202e-05,7.854901950397469e-08,2.0424566481302797e-05,3.016416107918263e-10,1.7099627026997097e-05,2.515310097805408e-05,1.6896957309101777e-05,1.1611540718917765e-08,5.857456584953494e-09,0.00010338505221611454,2.1039764884742772e-05,7.545912593995028e-05,2.6780309393836316e-07,3.809550339699798e-11,4.236757896220161e-10,1.286197938716783e-05,3.5809650218264686e-09,1.0068807464305059e-07,9.001968160464775e-09,2.4613903302138802e-11,3.911675690172687e-08,5.172233581133281e-11,3.057279822465742e-12,3.218807027753173e-10,2.46541273887506e-07
2.0288820064657634e-06,0.4600548009108978,3.76,0.0,0.4097743507934361,0.9957125854667769,0.005608139061528615,6.972724830559842e-05,0.0007838241683439316,0.05501250890147558,0.05583291305545687,3.537318238298428e-10,0.02757314115149466,2.500892253002671e-06,5.343659137145391e-05,0.0002997041117665864,0.0006689363191649298,5.103850513147212e-06,0.00017885419809058253,0.004228717594330562,0.03485156628335777,0.00011433262581891325,0.00010788667725845256,0.0001738567824492307,0.0004219608887530097,0.00015428499693425471,2.7220045331175574e-05,7.41051079252893e-05,8.017376161210379e-08,2.1420927917948278e-05,3.1517702530748824e-10,1.78397654169186e-05,2.6269391510580017e-05,1.7657429495747087e-05,1.2160267043629046e-08,6.119510188249865e-09,0.00010524947526691157,2.17672648129188e-05,7.701426326264467e-05,2.787162889789936e-07,4.0003138206647876e-11,4.347923661636318e-10,1.2997759278404326e-05,3.795394933742097e-09,1.0538736364486681e-07,9.326825370537495e-09,2.6658162897642733e-11,4.2153888897561055e-08,5.692389146427491e-11,3.1998684802848013e-12,3.368799668383752e-10,2.5528278706877965e-07
2.0365342605445355e-06,0.46013605991898343,3.76,0.0,0.4088242769523718,0.9956134213548586,0.005737957872372944,7.04365747274966e-05,0.0008021035400535968,0.0551775787214136,0.05601971156800891,3.61631318054418e-10,0.028165733912681915,2.566105573788086e-06,5.4799952908098235e-05,0.0003080115047256702,0.0006816044344160635,5.260344979894129e-06,0.00018259353532798031,0.004319466498404981,0.035598407119619195,0.00011687452926056032,0.0001105539145722621,0.0001782091230510505,0.0004331718735407046,0.00015811026089597568,2.8433890488358735e-05,7.744544972365093e-05,8.182849031023038e-08,2.2465988258957737e-05,3.292961520383541e-10,1.8611343139300216e-05,2.7433294263024517e-05,1.8450894479392357e-05,1.2734543908061457e-08,6.392830204137951e-09,0.00010718957990121747,2.252595014454887e-05,7.862220573392167e-05,2.901747545922599e-07,4.200687720659368e-11,4.4618440270379975e-10,1.3136618707070012e-05,4.0235188078557945e-09,1.1029348046934678e-07,9.665904932086812e-09,2.888615846101567e-11,4.542816230471816e-08,6.264819952577395e-11,3.3490119705386543e-12,3.5256795275037804e-10,2.6439191023994023e-07
2.0441865146233077e-06,0.4602185630056883,3.76,0.0,0.40785971078131483,0.9955120144553424,0.005870649871170002,7.115975365434309e-05,0.0008208021804340534,0.055341734745584806,0.0562061599459087,3.698501402649323e-10,0.028769725193924758,2.6340327773890226e-06,5.619867945506185e-05,0.00031658055269910654,0.0006944708341114633,5.421971936966341e-06,0.00018640352737448607,0.004412000811954949,0.036359534798914336,0.00011947101935168179,0.00011328001662742551,0.0001826557719928637,0.0004446620010590792,0.00016203376603100025,2.9699911325739463e-05,8.093088423120959e-05,8.35136092133737e-08,2.356213391937141e-05,3.4402283780708557e-10,1.941564173726596e-05,2.8646728415575754e-05,1.9278715683904705e-05,1.3335544395793628e-08,6.677875566523301e-09,0.0001092086467163867,2.3317185217842556e-05,8.028487046798013e-05,3.022113841672152e-07,4.4111586088263035e-11,4.578581021814805e-10,1.3278700721896295e-05,4.2662903906136034e-09,1.1541482556268745e-07,1.0019869802834294e-08,3.1315194987943145e-11,4.8958143654799094e-08,6.894764517828738e-11,3.505006476532501e-12,3.6897573486172846e-10,2.738859340974272e-07
2.0518387687020798e-06,0.46030233010854515,3.76,0.0,0.40688042280855846,0.9954083155286134,0.006006275100553289,7.189724147628254e-05,0.0008399293321382849,0.05550495941678839,0.05639225491870207,3.784013707705911e-10,0.029385288231039128,2.7047858794663467e-06,5.763363296551257e-05,0.0003254201419098154,0.0007075366351831197,5.588900072588387e-06,0.00019028519640377082,0.00450634915901317,0.037135162004568525,0.00012212317275833262,0.00011606600915238729,0.00018719822915662382,0.00045643761909223003,0.00016605817904004452,3.10202363651164e-05,8.45674082613027e-05,8.522952018740277e-08,2.4711868127289803e-05,3.5938182272529164e-10,2.0253991210757093e-05,2.9911683520449075e-05,2.014230877566317e-05,1.3964494519484027e-08,6.975122364571448e-09,0.00011131008862154199,2.414239167085183e-05,8.200424612548673e-05,3.148613123967601e-07,4.632237643831919e-11,4.698197742847596e-10,1.3424155547902999e-05,4.524736448926583e-09,1.2076010238220184e-07,1.0389414051012044e-08,3.3964244808126984e-11,5.276384927023006e-08,7.587983173838293e-11,3.6681612234041774e-12,3.8613575175103425e-10,2.8378302224791026e-07
2.059491022780852e-06,0.46038738129321,3.76,0.0,0.405886182243127,0.9953022743231063,0.006144894694901685,7.264951024255355e-05,0.0008594944117160849,0.05566723486734344,0.05657799326207103,3.8729855268596603e-10,0.03001259696430325,2.7784809254578894e-06,5.910569191899656e-05,0.0003345394687557433,0.0007208028679568353,5.761303028437126e-06,0.0001942395642491171,0.004602540320496101,0.03792550198066547,0.00012483208123810268,0.00011891292331892779,0.00019183799608371997,0.00046850519758325523,0.0001701862426415189,3.239707368408393e-05,8.836124781836055e-05,8.697662290054452e-08,2.591781657336549e-05,3.753987686262289e-10,2.1127771597796073e-05,3.123022162164631e-05,2.104314340366387e-05,1.4622675544967878e-08,7.285064388248454e-09,0.00011349745563781619,2.500305067578429e-05,8.378239558675346e-05,3.2816207766496e-07,4.864461783875025e-11,4.820758356315036e-10,1.3573140950143103e-05,4.799962849047065e-09,1.263383264177539e-07,1.0775264242891375e-08,3.685410614926077e-11,5.686685740401466e-08,8.350808975666748e-11,3.838799008605111e-12,4.040818631450444e-10,2.9410225718713467e-07
2.067143276859624e-06,0.46047373674120284,3.76,0.0,0.40487675708143933,0.9951938395584177,0.006286570891045291,7.341704819392631e-05,0.0008795070106661489,0.055828542916623196,0.05676337180435026,3.965557025750732e-10,0.030651825944359445,2.8552380953352828e-06,6.061575131940853e-05,0.0003439480503550184,0.0007342704716722262,5.9393594917290726e-06,0.00019826765148380418,0.004700603218444269,0.03873076839627997,0.0001275988514356119,0.00012182179507792078,0.00019657657490185793,0.00048087133006966107,0.00017442077770991738,3.383271338888037e-05,9.23188656175862e-05,8.875531435124583e-08,2.7182733291214383e-05,3.921002875455982e-10,2.2038414582449867e-05,3.2604479397100266e-05,2.1982744972285555e-05,1.531142640001084e-08,7.608213678666338e-09,0.0001157744398131452,2.590070523694202e-05,8.562145870686747e-05,3.4215379530199433e-07,5.108395051887974e-11,4.946328088764092e-10,1.3725822613914544e-05,5.093161152373074e-09,1.321588343410223e-07,1.1178180890657315e-08,4.0007579752367914e-11,6.129042805044859e-08,9.190204467763898e-11,4.01725674708242e-12,4.228494088754573e-10,3.0486368847235923e-07
2.074795530938396e-06,0.460561416743839,3.76,0.0,0.40385191422141664,0.9950829589083685,0.0064313670384612805,7.420036031523018e-05,0.0008999768963190871,0.05598886506874292,0.05694838743347109,4.061873223182936e-10,0.03130315023211817,2.935181808649042e-06,6.216472266568877e-05,0.00035365573545654026,0.0007479402898918963,6.1232532851524415e-06,0.0002023704764427801,0.004800566899082497,0.03955117520124121,0.00013042460464067766,0.00012479366445138657,0.00020141546720168569,0.0004935427350904867,0.00017876468546444696,3.532953013903713e-05,9.644696880094351e-05,9.056598837267682e-08,2.8509506840878147e-05,4.0951397092629124e-10,2.298740514382975e-05,3.403667033896487e-05,2.296269646086191e-05,1.6032146194807037e-08,7.945101090665227e-09,0.00011814488029886535,2.6836962575256297e-05,8.75236551774989e-05,3.568793446991132e-07,5.364629889067991e-11,5.074973219320711e-10,1.3882374546634803e-05,5.405615820311809e-09,1.3823129340565212e-07,1.1598959949437864e-08,4.344966114718836e-11,6.605963258022477e-08,1.0113823125436294e-10,4.2038860944538315e-12,4.424752700266332e-10,3.160883837279215e-07
2.0824477850171683e-06,0.4606504416897816,3.76,0.0,0.40281141958270816,0.9949695789840477,0.006579347608972116,7.499996890370845e-05,0.0009209140125399536,0.05614818251039771,0.05713303710428409,4.1620841114682197e-10,0.031966745293804395,3.0184408288779607e-06,6.375353389447103e-05,0.00036367271565245944,0.0007618130658461687,6.313173453926454e-06,0.00020654905418946077,0.004902460514870029,0.04038693647496428,0.00013331047651113855,0.0001278295747790263,0.000206356172876772,0.0005065262575661947,0.00018322094970469832,3.68899857065487e-05,0.0001007525167964832,9.240903511921228e-08,2.9901166759091735e-05,4.276684196065735e-10,2.3976283233486827e-05,3.552908695506021e-05,2.3984640278051603e-05,1.6786296839508804e-08,8.29627686688374e-09,0.00012061276855301546,2.78134965841129e-05,8.949128748096841e-05,3.7238456957678275e-07,5.633788545698814e-11,5.206761081237168e-10,1.404297949906143e-05,5.738712054886415e-09,1.4456571098241238e-07,1.2038434374728709e-08,4.720775308483317e-11,7.120149266521068e-08,1.1130077293403485e-10,4.399054055779457e-12,4.6299793224398853e-10,3.2779848222535625e-07
2.0901000390959404e-06,0.4607408320570007,3.76,0.0,0.4017550382344277,0.9948536453168555,0.006730578205856236,7.58164141573274e-05,0.0009423284802353722,0.056306476108871455,0.057317317846326106,4.266344752023087e-10,0.03264278688999866,3.1051483672596985e-06,6.538312929265787e-05,0.0003740095369495191,0.0007758894376840577,6.509314349894315e-06,0.0002108043954222286,0.005006313305341036,0.041238266266779594,0.00013625761675644153,0.00013093057191960352,0.00021140018891707338,0.0005198288701454392,0.00018779263909321755,3.851663157732505e-05,0.0001052427293558063,9.428484051967339e-08,3.136089032173751e-05,4.465932740936368e-10,2.500664548970302e-05,3.708410299972413e-05,2.505028015894675e-05,1.7575405775532984e-08,8.66231122243175e-09,0.00012318225369865846,2.8832050370051464e-05,9.152674395074441e-05,3.887184935298584e-07,5.916524515813403e-11,5.341760049898281e-10,1.420782940929081e-05,6.093944343770007e-09,1.511724443368843e-07,1.2497475734566408e-08,5.1311895524859195e-11,7.674513002146274e-08,1.2248212022034355e-10,4.60314355210666e-12,4.844575513869812e-10,3.400172514536083e-07
2.0977522931747125e-06,0.4608326083997996,3.76,0.0,0.4006825345294149,0.9947351023415772,0.006885125572365929,7.665025477980238e-05,0.0009642305976483261,0.056463726410218296,0.05750122677200095,4.3748153814598644e-10,0.033331450959534416,3.1954421852745708e-06,6.705446937815021e-05,0.00038467711165283524,0.0007901699336699526,6.711875711918533e-06,0.00021513750533056145,0.005112154576848574,0.04210537842890407,0.0001392671887786339,0.00013409770340437003,0.0002165490081668916,0.0005334576745187184,0.00019248290948399244,4.0212111580674124e-05,0.00010992509472655752,9.61937857032081e-08,3.289200959521869e-05,4.663192448690615e-10,2.6080146978296342e-05,3.8704175719454504e-05,2.6161383095238043e-05,1.8401068810811306e-08,9.043794933542345e-09,0.000125857648010083,2.989443886703336e-05,9.363250192857711e-05,4.059335507215949e-07,6.21352408883949e-11,5.480039520275984e-10,1.4377125868158352e-05,6.472925760725906e-09,1.580622105356004e-07,1.2976995884586194e-08,5.57950190738011e-11,8.272192684490795e-08,1.3478386494234882e-10,4.81655411505394e-12,5.068960214703578e-10,3.527691465403355e-07
2.1054045472534846e-06,0.46092579133899453,3.76,0.0,0.3995936722462147,0.9946138933795011,0.0070430575995664105,7.750206860579337e-05,0.0009866308404236968,0.056619913637636285,0.05768476108523202,4.4876615435244934e-10,0.03403291349727576,3.2894646958270937e-06,6.876853074672754e-05,0.00039568673060983665,0.0008046549673028507,6.921062742404383e-06,0.00021954938238613803,0.005220013681043248,0.042988486440719856,0.00014234036926884816,0.0001373320175423361,0.00022180411803960642,0.0005474199026937235,0.00019729500629780535,4.19791645532731e-05,0.00011480737798665318,9.813624640349044e-08,3.449801881669904e-05,4.868781436959567e-10,2.71985029666086e-05,4.039184811958999e-05,2.7319781304597686e-05,1.9264953073673294e-08,9.441339937787476e-09,0.00012864343254984935,3.10025515356227e-05,9.58111310303698e-05,4.2408583376779736e-07,6.525507968058202e-11,5.621669904327929e-10,1.4551080609131556e-05,6.877398097645847e-09,1.652460965966352e-07,1.3477948701080247e-08,6.069322156145345e-11,8.916569840014807e-08,1.4831762816702747e-10,5.039702628160386e-12,5.303570449990862e-10,3.6607987290228736e-07
2.1130568013322568e-06,0.46102040154823787,3.76,0.0,0.3984882147381901,0.9944899606216123,0.0072044433334705026,7.837245324424171e-05,0.0010095398614264975,0.05677501769004014,0.0578679180905764,4.60505417543899e-10,0.03474735042630679,3.387363062481442e-06,7.052630588236483e-05,0.0004070500757875248,0.0008193448323886822,7.137086179233013e-06,0.00022404101707140456,0.005329919992142266,0.043887803225047664,0.00014547834775815988,0.0001406345624738964,0.00022716699919701888,0.0005617229182312209,0.00020223226694296645,4.382062702685655e-05,0.00011989762950925346,1.001125923386011e-07,3.61825820945117e-05,5.083029153541746e-10,2.8363490723035563e-05,4.214975124058389e-05,2.8527374232375415e-05,2.0168800081013235e-08,9.855579943586515e-09,0.00013154426293878453,3.215835514039546e-05,9.806529651618231e-05,4.432353593260279e-07,6.853232877721658e-11,5.766722623468031e-10,1.4729916022375725e-05,7.3092429048361544e-09,1.7273556977519944e-07,1.4001331877214364e-08,6.60460715234012e-11,9.611287809557698e-08,1.6320603612995166e-10,5.2730239017088e-12,5.548862056820831e-10,3.799764521188083e-07
2.120709055411029e-06,0.4611164597425008,3.76,0.0,0.3973659250907288,0.9943632451118837,0.007369352981386944,7.926202674258489e-05,0.0010329684902959917,0.056929018140851134,0.058050695202848966,4.727169677385932e-10,0.03547493746375385,3.489289296604548e-06,7.232880292920568e-05,0.00041877923321921936,0.0008342396980494962,7.360162362842605e-06,0.0002286133905434008,0.005441902882843638,0.04480354095534282,0.00014868232611864126,0.00014400638517277816,0.00023263912418799732,0.0005763742174366129,0.00020729812328086012,4.5739435942821566e-05,0.00012520419357609123,1.0212318655367053e-07,3.7949541461576915e-05,5.306276690583037e-10,2.9576951346651128e-05,4.398060644728092e-05,2.9786130589693443e-05,2.111442893261537e-08,1.028717104471531e-08,0.00013456497527567852,3.3363896614071094e-05,0.00010039776277361202,4.634463533111974e-07,7.197493312641584e-11,5.915270068276086e-10,1.4913865695657538e-05,7.770493522914403e-09,1.8054248810201075e-07,1.454818877981301e-08,7.189693873981679e-11,1.0360271641115362e-07,1.795837850422791e-10,5.5169713775139445e-12,5.805310436482323e-10,3.9448729135578306e-07
2.128361309489801e-06,0.4612139866634706,3.76,0.0,0.3962265662861151,0.9942336867306949,0.0075378579174454384,8.017142827034261e-05,0.0010569277327155402,0.05708189423701336,0.05823308995725381,4.854190057737246e-10,0.036215849980641916,3.595400351775423e-06,7.417704542232538e-05,0.0004308867063002392,0.0008493396036968112,7.590513297726516e-06,0.0002332674732350518,0.005555991698921281,0.04573591085432664,0.0001519535180113172,0.00014744853039328477,0.00023822195605324175,0.0005913814305052084,0.0002124961041341428,4.773863138301102e-05,0.000130735717111625,1.0416838473560222e-07,3.980292527829525e-05,5.53887710389145e-10,3.084079162016628e-05,4.588722772027191e-05,3.1098090421795654e-05,2.210373962915046e-08,1.073679233906482e-08,0.00013771059219186215,3.4621306003074794e-05,0.00010281139691138202,4.847875565734009e-07,7.55912344391814e-11,6.067385579200694e-10,1.510317498220676e-05,8.26334819885854e-09,1.8867911105832915e-07,1.511961037108303e-08,7.829335645019687e-11,1.1167749423566277e-07,1.9759880875069174e-10,5.772018083276397e-12,6.073411331534785e-10,4.096422563868742e-07
2.136013563568573e-06,0.46131300306636375,3.76,0.0,0.39506990137679554,0.9941012241784087,0.0077100306872202465,8.110131882409598e-05,0.0010814287693790394,0.057233624898253385,0.05841510002006223,4.98630303394449e-10,0.036970262855204654,3.705858215132408e-06,7.607207197565348e-05,0.0004433854294572906,0.0008646444539601708,7.828366707989666e-06,0.0002380042233840924,0.005672215732393547,0.04668512298325835,0.0001552931482790992,0.0001509620395628644,0.0002439169468933269,0.0006067523226166591,0.00021782983783673367,4.9821359316712075e-05,0.00013650115854608314,1.0624853450466695e-07,4.174695701088857e-05,5.781195742681686e-10,3.215698588860158e-05,4.787252394972617e-05,3.24653672085735e-05,2.313871652300034e-08,1.120514655764639e-08,0.00014098632905119025,3.593279950016849e-05,0.00010530917246958204,5.073325528720425e-07,7.938998937869256e-11,6.22314345216261e-10,1.5298101597800134e-05,8.79018438039923e-09,1.9715811050799898e-07,1.5716737193712686e-08,8.528741682698275e-11,1.203827519057014e-07,2.1741355379554763e-10,6.0386572688299e-12,6.353681628541275e-10,4.2547274849267653e-07
2.1436658176473452e-06,0.46141352970422755,3.76,0.0,0.39389569366675764,0.9939657949591437,0.00788594501140446,8.20523819528132e-05,0.0011064829546314112,0.05738418871659459,0.05859672319984216,5.123702028072016e-10,0.0377383503199293,3.820829995034065e-06,7.801493592396129e-05,0.00045628878217716283,0.0008801540135952521,8.07395608621644e-06,0.00024282458549234842,0.005790604193276348,0.04765138602219278,0.00015870245228196748,0.00015454794961711739,0.000249725536406001,0.0006224947949760152,0.00022330305482349278,5.199087435380993e-05,0.0001425097967826875,1.0836397467432133e-07,4.378606438681348e-05,6.03361057369521e-10,3.35275779576894e-05,4.993950122139084e-05,3.389014999179263e-05,2.4221431901319733e-08,1.1692960697423895e-08,0.00014439760028338227,3.730068256022068e-05,0.00010789417324490797,5.311601203231618e-07,8.338038854251481e-11,6.38261888876681e-10,1.5498916247629183e-05,9.353574300576392e-09,2.0599258176486956e-07,1.6340761421949136e-08,9.293620361565319e-11,1.2976753474050842e-07,2.392063758787146e-10,6.3174029631687935e-12,6.646660186380403e-10,4.4201178533909555e-07
2.1513180717261174e-06,0.4615155873131023,3.76,0.0,0.3927037069016244,0.9938273353647673,0.008065675788455738,8.302532450514769e-05,0.0011321018147625128,0.057533563956143244,0.05877795745927479,5.266586298286873e-10,0.03852028580186518,3.940488004601409e-06,8.000670491710973e-05,0.00046961060341394335,0.000895867902367187,8.327520735208548e-06,0.00024772948871383077,0.005911186179821518,0.04863490704056775,0.00016218267517056675,0.0001582072917769225,0.0002556491503914271,0.0006386168857969548,0.00022891959025817432,5.425054250232432e-05,0.00014877124027125007,1.1051503447238483e-07,4.592488895050094e-05,6.296512501744991e-10,3.495468301301677e-05,5.209126509324342e-05,3.5374705529644754e-05,2.535404970936301e-08,1.2200986654303107e-08,0.00014795002585768762,3.872735310328519e-05,0.00011056959723614344,5.563546082381818e-07,8.757207898531904e-11,6.545887938121843e-10,1.5705903285107356e-05,9.956301965239737e-09,2.1519605492532942e-07,1.6992928977448214e-08,1.013022640420703e-10,1.3988465641238438e-07,2.6317306490543856e-10,6.60879118986811e-12,6.952908690856263e-10,4.5929408610640955e-07
2.1589703258048895e-06,0.46161919659510364,3.76,0.0,0.3914937054673131,0.9936857804591616,0.008249299096155191,8.402087739806327e-05,0.0011582970459304259,0.05768172855315977,0.05895880092756947,5.415161117746476e-10,0.03931624175637266,4.065009840513912e-06,8.204846046331242e-05,0.00048336520636545503,0.000911785589930883,8.589305801830874e-06,0.0002527198451699901,0.006033990647236574,0.04963589125832777,0.00016573507109500106,0.0001619410902650174,0.0002616891992306693,0.0006551267712241011,0.00023468338669688847,5.660384392055182e-05,0.00015529543616559275,1.1270203273505099e-07,4.81682960254793e-05,6.570305702895755e-10,3.644048955452745e-05,5.433102285290706e-05,3.6921380473631e-05,2.6538829415105786e-08,1.2730001860192414e-08,0.00015164943788703396,4.021530480215005e-05,0.00011333876070943215,5.830063408665092e-07,9.197518563255948e-11,6.713027514073713e-10,1.5919361403581372e-05,1.0601381676868221e-08,2.2478250633629367e-07,1.767454171168822e-08,1.1045412447615582e-10,1.5079098117614066e-07,2.8952851292445354e-10,6.91338089415606e-12,7.273012535564837e-10,4.773561610199632e-07
2.1666225798836616e-06,0.4617243782019372,3.76,0.0,0.3902654545977502,0.9935410640627846,0.00843689219199852,8.503979640807478e-05,0.0011850805116917168,0.0578286601164325,0.059139251913509876,5.569637672191682e-10,0.040126389493938465,4.19457845651773e-06,8.414129741951253e-05,0.0004975673936329203,0.0009279063907082335,8.85956230244542e-06,0.0002577965481861227,0.006159046374803501,0.050654541797062,0.0001693609023462108,0.0001657503609616185,0.00026784707633754836,0.0006720327661899243,0.00024059849678481488,5.9054375659901834e-05,0.0001620926795614266,1.1492527707360186e-07,5.0521385103658455e-05,6.855407958109768e-10,3.7987261346099425e-05,5.6662085752365e-05,3.8532603567139617e-05,2.777813002214081e-08,1.3280809925343564e-08,0.0001555018873663054,4.1767130457104736e-05,0.00011620510238741242,6.112120500764293e-07,9.660033080089514e-11,6.884115364237432e-10,1.6139604363025953e-05,1.1292078229170947e-08,2.3476637033995778e-07,1.838695965425602e-08,1.204668530215261e-10,1.625477263641698e-07,3.1850853495082815e-10,7.231754111190842e-12,7.607581729463287e-10,4.962364055482558e-07
2.1742748339624337e-06,0.46183115271663777,3.76,0.0,0.38901872059155795,0.9933931187375853,0.00862853351235277,8.60828629846837e-05,0.0012124642401125862,0.05797433592796868,0.05931930891914595,5.730233071840306e-10,0.040950899000180035,4.329382230968555e-06,8.628632342563626e-05,0.0005122324727566242,0.0009442294587828696,9.138547139147753e-06,0.0002629604704511639,0.0062863819313789294,0.05169105942128696,0.0001730614384262112,0.00016963610999677444,0.00027412415658908035,0.0006893433252027201,0.00024666908598292226,6.160585438811328e-05,0.00016917362279210852,1.1718506300328325e-07,5.2989500670116216e-05,7.152250971210722e-10,3.959733937493435e-05,5.9087871209802534e-05,4.021088786072989e-05,2.9074414232686455e-08,1.3854241277004366e-08,0.00015951365103560118,4.3385525455409366e-05,0.00011917218776215957,6.410753387715648e-07,1.014586599164561e-10,7.059229951697282e-10,1.6366961752959928e-05,1.2031928929100282e-08,2.4516255115175135e-07,1.913160332797619e-08,1.3142267362549336e-10,1.752207863603715e-07,3.5037185829624623e-10,7.564517263535904e-12,7.95725183101571e-10,5.159751994526546e-07
2.181927088041206e-06,0.4619395406354188,3.76,0.0,0.3877532710381064,0.9932418757723022,0.00882430267029532,8.715088508700491e-05,0.0012404604204363204,0.05811873294402027,0.05949897065416226,5.897170707346523e-10,0.04178993874875181,4.469615027762888e-06,8.84846582807199e-05,0.0005273762721369874,0.0009607537828162171,9.426523106211875e-06,0.00026821246209880647,0.006416025639202045,0.0527456422694654,0.00017683795504351248,0.00017359933227893167,0.00028052179473594485,0.0007070670430610635,0.0002528994353217622,6.42621190868896e-05,0.00017654928477352209,1.1948167303457336e-07,5.5578243482102924e-05,7.461280693913094e-10,4.1273143819255e-05,6.16119049731841e-05,4.19588329422791e-05,3.043025276679606e-08,1.4451153794964574e-08,0.00016369123836905566,4.507329131690119e-05,0.00012224371353491671,6.72707177234354e-07,1.0656186870783999e-10,7.238450452346563e-10,1.660177979363183e-05,1.2824767606714383e-08,2.559864350288657e-07,1.9909956130098686e-08,1.434116355741292e-10,1.88881079552509e-07,3.854022932978152e-10,7.912302913021223e-12,8.322684909198872e-10,5.366150109542579e-07
2.189579342119978e-06,0.4620495623479749,3.76,0.0,0.38646887505289507,0.9930872651682074,0.009024280452060633,8.824469804332615e-05,0.0012690813992791493,0.05826182779646091,0.05967823605093991,6.070680123029605e-10,0.04264367550723806,4.615476249928774e-06,9.073743325767887e-05,0.0005430151573351362,0.0009774781810048504,9.723758885932229e-06,0.00027355334870724396,0.006548005535988932,0.05381848557484467,0.00018069173303036717,0.00017764100995770372,0.00028704132379829274,0.0007252126554908898,0.0002592939441784129,6.702713371304465e-05,0.00018423106037465973,1.2181537573706106e-07,5.829348231241333e-05,7.782957662750884e-10,4.301717601899258e-05,6.423782323494712e-05,4.377912717681143e-05,3.184832884022784e-08,1.507243344863418e-08,0.0001680413986802643,4.6833339323334944e-05,0.00012542351218277478,7.062264344881147e-07,1.1192222257997525e-10,7.421856789179802e-10,1.684442217696306e-05,1.3674750797127248e-08,2.672539025670163e-07,2.0723566779713824e-08,1.565323436027336e-10,2.0360491966808535e-07,4.2391110265788343e-10,8.275769428975924e-12,8.704570531157617e-10,5.582005062332718e-07
2.19723159619875e-06,0.46216123811764565,3.76,0.0,0.38516530352258677,0.9929292156253373,0.009228548812007638,8.936516543438233e-05,0.001298339676328042,0.05840359679453224,0.059857104280341654,6.250996665982081e-10,0.04351227413581011,4.767170885145516e-06,9.304579035461094e-05,0.0005591660477589975,0.0009944012960860235,1.0030529033203779e-05,0.00027898392921451605,0.006682349335248049,0.05490978137579362,0.0001846240571785734,0.00018176211082026215,0.0002936840534495142,0.0007437890397004181,0.00026585713307272345,6.990498981539137e-05,0.00019223072980046932,1.2418642477066115e-07,6.114136617456605e-05,8.117757315123269e-10,4.4832020446913e-05,6.696937469073432e-05,4.567454995311858e-05,3.333144280649334e-08,1.5718994930279075e-08,0.0001725711283423724,4.866869423183768e-05,0.00012871555665453784,7.417604470827636e-07,1.1755258279013073e-10,7.609529463265623e-10,1.709527094933642e-05,1.4586386286152806e-08,2.789813413061157e-07,2.1574051830495772e-08,1.7089275343357134e-10,2.194744131222097e-07,4.662395851013127e-10,8.655601594146555e-12,9.103626776554568e-10,5.807786645350888e-07
2.2048838502775222e-06,0.46227458806020233,3.76,0.0,0.38384232935968843,0.9927676545292621,0.009437190866026004,9.051318000019561e-05,0.0013282478995108153,0.0585440159269765,0.06003557476823942,6.43836206046186e-10,0.044395897378709664,4.924909542399854e-06,9.541088147945012e-05,0.0005758464337295172,0.0010115215904110538,1.0347113948004059e-05,0.00028450497375085283,0.006819084384786753,0.05601971821568735,0.000188636214989699,0.0001859635866196386,0.0003004512683935137,0.0007628052148487682,0.00027259364647816794,7.289990909555968e-05,0.00020056046796202776,1.2659505787606751e-07,6.412833704111916e-05,8.46617029346483e-10,4.6720346674647214e-05,6.981042253087532e-05,4.7647973931664015e-05,3.4882516965949914e-08,1.6391782276967368e-08,0.0001772876781135844,5.058249806995493e-05,0.0001321239651958922,7.794456276982412e-07,1.2346644336323006e-10,7.801549452989496e-10,1.735472743794402e-05,1.5564564236216625e-08,2.911856584564013e-07,2.2463098248276936e-08,1.8661103850622446e-10,2.3657788397503965e-07,5.127618926353793e-10,9.052513951239814e-12,9.520601278250103e-10,6.043988991268104e-07
2.2125361043562943e-06,0.46238963212230483,3.76,0.0,0.38249972776713403,0.9926025079384615,0.009650290883290114,9.168966457107834e-05,0.0013588188596100358,0.05868306086457504,0.06021364721281232,6.63302459533317e-10,0.04529470564839605,5.088908478959624e-06,9.783386756582488e-05,0.0005930743939298371,0.0010288373410962345,1.0673799835061e-05,0.00029011722138556374,0.0069582376233506636,0.05714848083209917,0.0001927294953360749,0.0001902463713343894,0.0003073442267391724,0.000782270342423244,0.00027950825564250145,7.6016245903052e-05,0.00020923285381597485,1.2904149583003013e-07,6.726114307141538e-05,8.828702771125355e-10,4.868491133005943e-05,7.276494635583175e-05,4.970236728982526e-05,3.650460054691467e-08,1.7091769486400604e-08,0.00018219856056370787,5.2578014011615866e-05,0.0001356530063052855,8.194281162149608e-07,1.2967795253055726e-10,7.997998346437562e-10,1.762321322284546e-05,1.6614591120374594e-08,3.0388429395757514e-07,2.339246605218217e-08,2.038165335723585e-10,2.5501032827276396e-07,5.638881002341857e-10,9.467250635803521e-12,9.956272289127415e-10,6.291131843896103e-07
2.2201883584350665e-06,0.46250639005870614,3.76,0.0,0.3811372765127767,0.9924337005723523,0.009867934276272484,9.289557302269444e-05,0.0013900654842893291,0.05882070696311029,0.06039132160263603,6.835238053241479e-10,0.046208856802413475,5.259389616800025e-06,0.00010031591761704582,0.0006108686132315556,0.0010463466352710938,1.10108786498467e-05,0.00029582137778624655,0.007099835535366762,0.05829624983534628,0.0001969051870289184,0.00019461137935826385,0.0003143641583780732,0.0008021937265208742,0.0002866058614126146,7.92584896515351e-05,0.00021826087964589726,1.315259413715632e-07,7.054685236052518e-05,9.205876767058846e-10,5.072856004001501e-05,7.58370440033928e-05,5.184079595842454e-05,3.8200874861793455e-08,1.7819961127012188e-08,0.00018731155759163978,5.46586303310903e-05,0.00013930710382040553,8.618644759526265e-07,1.3620193217605845e-10,8.198958206802489e-10,1.790117115664204e-05,1.774222671875265e-08,3.1709523364545495e-07,2.4363991018095257e-08,2.226507617435483e-10,2.7487389955902484e-07,6.200675498317884e-10,9.900583537630125e-12,1.0411449774497567e-09,6.549761893151532e-07
2.2278406125138386e-06,0.46262488140898683,3.76,0.0,0.3797547562139817,0.9922611558000414,0.010090207588921105,9.41318912556069e-05,0.0014220008315016478,0.05895692926677133,0.06056859823559012,7.045262195155343e-10,0.047138505912871866,5.436580547579664e-06,0.00010285820767609756,0.0006292484008978611,0.0010640473654361638,1.1358648030132692e-05,0.00030161811278926976,0.007243904103737616,0.05946320137622314,0.00020116457728983268,0.00019905950361941594,0.0003215122633702407,0.0008225848140289159,0.00029389149705769314,8.263126714475857e-05,0.00022765796026293252,1.3404857809107472e-07,7.399286722440313e-05,9.598230422775825e-10,5.285422935398376e-05,7.903093327713694e-05,5.4066425844563626e-05,3.9974658642672255e-08,1.8577392932283777e-08,0.00019263472802699696,5.6827864433200954e-05,0.0001430908421358506,9.069224380015318e-07,1.4305392710480834e-10,8.40451126427047e-10,1.8189066433999284e-05,1.8953724447444595e-08,3.308370227829456e-07,2.5379587442721182e-08,2.4326855168143984e-10,2.9627842749141386e-07,6.817924907700309e-10,1.0353317495686844e-11,1.088697652961112e-09,6.820454177048796e-07
2.2354928665926107e-06,0.46274512547312247,3.76,0.0,0.37835195063232263,0.992084795629864,0.01031719848290645,9.539963819921243e-05,0.0014546380822464766,0.0590917025120215,0.06074547773860476,7.263364052299502e-10,0.04808380502860416,5.620714525225995e-06,0.00010546191971870045,0.000648233709156622,0.0010819372249504433,1.1717411212227648e-05,0.0003075080578821977,0.0073904687606551975,0.06064950680297734,0.00020550895012148846,0.0002035916136281349,0.00032878971034446203,0.0008434531946996889,0.0003013703310840628,8.61393447977321e-05,0.0002374379420953268,1.366095692792305e-07,7.760693903306081e-05,1.0006318293536623e-09,5.506494864201356e-05,8.235095356285662e-05,5.638252503405025e-05,4.182941355932221e-08,1.936513237732773e-08,0.0001981764153045797,5.908936695627562e-05,0.0001470089715513197,9.54781696670361e-07,1.5025023877503915e-10,8.61474009069779e-10,1.848738771310133e-05,2.0255875318452687e-08,3.4512877967780994e-07,2.64412509662433e-08,2.658392523675218e-10,3.1934197154272075e-07,7.496020415616715e-10,1.0826292926409864e-11,1.138372932145722e-09,7.103813553633776e-07
2.243145120671383e-06,0.4628671412864819,3.76,0.0,0.3769286469785173,0.9919045406997808,0.0105489957218382,9.669986684033583e-05,0.0014879905326437475,0.05922500113194922,0.06092196108827235,7.48981599747505e-10,0.049044902929945726,5.812030445148174e-06,0.0001081282404674079,0.0006678451521403191,0.0011000137036628536,1.208747693109605e-05,0.0003134918035960334,0.007539554336389355,0.061855332307434494,0.00020993958457382947,0.0002082085534528245,0.0003361976349190249,0.0008648086011141269,0.0003090476700345939,8.978763073961184e-05,0.0002476151121395413,1.3920905674330845e-07,8.139718360558142e-05,1.0430711655004177e-09,5.736384196153173e-05,8.580156732078527e-05,5.879246596735619e-05,4.3768749923536185e-08,2.0184279243842525e-08,0.00020394525520248116,6.144692594502079e-05,0.0001510664137501188,1.0056347592790505e-06,1.5780792683743104e-10,8.829727687536198e-10,1.8796648291367967e-05,2.1656055849729278e-08,3.599902097065786e-07,2.7551061451191802e-08,2.9054805317685403e-10,3.4419141189547386e-07,8.240864986971374e-10,1.1320379117468583e-11,1.1902620054066516e-09,7.400476246000585e-07
2.250797374750155e-06,0.4629909475937286,3.76,0.0,0.3754846362275871,0.9917203102687063,0.010785689153351945,9.803366527635243e-05,0.0015220715852899687,0.05935679926112119,0.06109804963234515,7.724894919706157e-10,0.05002194487621508,6.010772809062984e-06,0.00011085836012400412,0.0006881040251843222,0.0011182740837083875,1.2469159303466826e-05,0.0003195698968062788,0.007691185006022642,0.06308083856035349,0.00021445775290196789,0.0002129111396235701,0.000343737138150221,0.000886660908529243,0.00031692896126486866,9.358117678239337e-05,0.00025820420673920366,1.418471595923272e-07,8.53720971780709e-05,1.0871998756013294e-09,5.97541298858741e-05,8.93873614391063e-05,6.129972758161527e-05,4.579643258252712e-08,2.1035966166507354e-08,0.00020995018363097442,6.390447108903183e-05,0.00015526826740676778,1.0596878536586305e-06,1.657448634796783e-10,9.04955692011897e-10,1.9117387337679492e-05,2.3162280275535605e-08,3.754416193929538e-07,2.8711185914767026e-08,3.1759741772675724e-10,3.7096307970386864e-07,9.058920207845126e-10,1.1836478846256812e-11,1.2444596956182663e-09,7.71111146351737e-07
2.258449628828927e-06,0.4631165628220746,3.76,0.0,0.3740197134443179,0.9915320222088415,0.011027369688961787,9.940215779295877e-05,0.0015568947398627235,0.0594870707409584,0.061273745112143056,7.968885751056152e-10,0.05101507234589402,6.217191674374421e-06,0.00011365347101835343,0.000709032324477413,0.0011367154354851108,1.2862777693105758e-05,0.00032574283794301355,0.00784538423409178,0.06432618033598939,0.00021906471861184,0.00021770015896324985,0.00035140928501532136,0.0009090201346035163,0.00032501979568763455,9.75251802398519e-05,0.0002692204201596876,1.445239729834544e-07,8.954057295687776e-05,1.1330785050216343e-09,6.223913128801198e-05,9.311304843488767e-05,6.390789741152165e-05,4.791638700470114e-08,2.1921359151196956e-08,0.0002162004444605241,6.646607802296143e-05,0.00015961981392240214,1.117161896913976e-06,1.7407980338495394e-10,9.274310491515907e-10,1.9450171183542735e-05,2.478325743283884e-08,3.915039309492819e-07,2.992388151146806e-08,3.472086403881777e-10,3.998034290122131e-07,9.957257176734067e-10,1.2375539543722146e-11,1.3010645790149815e-09,8.03642310256035e-07
2.266101882907699e-06,0.46324400505264285,3.76,0.0,0.37253367811777666,0.9913395929989742,0.011274129281843202,0.00010080650596360986,0.0015924735830097959,0.059615789125600525,0.06144904968579219,8.222079270035293e-10,0.052024422770451516,6.431542588035149e-06,0.00011651476618087362,0.0007306527670195128,0.0011553346138144973,1.326865655930665e-05,0.0003320110781334119,0.00800217471736457,0.0655915061272338,0.00022376173439544943,0.00022257636635118535,0.00035921510293414214,0.0009318964390090948,0.0003333259104832088,0.00010162498558880503,0.00028067941294847987,1.4723956684079648e-07,9.391191820327835e-05,1.1807693475327748e-09,6.482226507713204e-05,9.698346750014574e-05,6.662067364671826e-05,5.013270553947373e-08,2.284165807135904e-08,0.00022270559737240785,6.913597267636886e-05,0.00016412652327255352,1.1782935222791137e-06,1.8283235295340733e-10,9.504071523069775e-10,1.979559466908987e-05,2.6528452245276257e-08,4.0819869681145925e-07,3.119149856899563e-08,3.7962355206738747e-10,4.308697479567717e-07,1.0943611796721691e-09,1.293853908898332e-11,1.3601791078786047e-09,8.377151521372622e-07
2.2737541369864713e-06,0.463373291995582,3.76,0.0,0.3710263345093728,0.9911429377192807,0.011526060901449095,0.00010224790978094214,0.0016288217772162368,0.05974292768848646,0.061623965952688986,8.484769332361458e-10,0.053050129258738095,6.654086499837228e-06,0.00011944343780039877,0.000752988811009994,0.0011741282543733255,1.3687125280498923e-05,0.0003383750161746751,0.008161578324790005,0.06687695774673828,0.00022855003993320578,0.00022754048240023806,0.00036715558035143843,0.0009553001228736416,0.0003418531917442107,0.00010588608591927099,0.00029259731994442844,1.499939845162432e-07,9.849587210016316e-05,1.2303364671245321e-09,6.75070518608774e-05,0.00010100358532680242,6.944186711622282e-05,5.2449653931384904e-08,2.3798097136681948e-08,0.00022947552572666956,7.191853569401866e-05,0.0001687940600157715,1.2433361934968917e-06,1.9202304155887377e-10,9.738922633362566e-10,2.0154282570667122e-05,2.8408154038562252e-08,4.2554811467238104e-07,3.2516483641293683e-08,4.151063001657596e-10,4.64330929346615e-07,1.2026444637284545e-09,1.3526491921289899e-11,1.4219097357218194e-09,8.734075424941397e-07
2.280641165657366e-06,0.4634912417840632,3.76,0.0,0.36965134902966995,0.9909622633612623,0.011757299078510692,0.00010357787945619392,0.0016622042909758565,0.05985597933734564,0.061781061114538155,8.729558583198435e-10,0.053987355841931164,6.8616009817239e-06,0.00012213783252231243,0.0007737230916214909,0.0011911887362118093,1.4074787498737277e-05,0.00034418466711262684,0.008307293151451265,0.06805118329107314,0.00023293857994061232,0.00023208391484169072,0.00037441792836009213,0.0009768229751333968,0.0003497218291090639,0.0001098636442295871,0.00030372953165103367,1.525061681377633e-07,0.00010281162298570624,1.2766054817815362e-09,7.001326627894732e-05,0.00010475389204658119,7.207687991677008e-05,5.462461664527622e-08,2.4690840208013747e-08,0.00023580327988285033,7.452292265526503e-05,0.00017313719388357344,1.305442518349083e-06,2.0068702782729192e-10,9.954708566996118e-10,2.0488984428126094e-05,3.022411541281378e-08,4.4174119661512854e-07,3.376012193717571e-08,4.4990165659479843e-10,4.966431807028697e-07,1.3091110792928473e-09,1.4077859173883023e-11,1.4797953730869674e-09,9.069830123343159e-07
2.287528194328261e-06,0.46361071212771543,3.76,0.0,0.3682588142143285,0.9907780320808751,0.01199287185178691,0.0001049397995446818,0.0016962311394387488,0.059967709596203164,0.0619378468003538,8.982507281021843e-10,0.05493802529144204,7.0761650732687466e-06,0.00012488863041201233,0.0007950748153802624,0.001208384859067717,1.4473164760964133e-05,0.000350072322201168,0.008455156250004396,0.06924191301234708,0.00023740293693309917,0.00023669957942030022,0.00038179078143528276,0.0009987891700288616,0.00035777900777567677,0.0001139806385587487,0.000315259369635706,1.5504980292860487e-07,0.00010731558675227197,1.3244968571733137e-09,7.26074680216011e-05,0.00010863338311878445,7.480583093029382e-05,5.68880584747475e-08,2.561483365237831e-08,0.0002423614532727497,7.722566884616154e-05,0.0001776197649697189,1.3711476241288827e-06,2.097396799884409e-10,1.0174743854695882e-09,2.08354626991933e-05,3.216690608690039e-08,4.585001843435075e-07,3.505421602433721e-08,4.876438736476935e-10,5.311832976460752e-07,1.4248742610749386e-09,1.465109475427895e-11,1.539973121925632e-09,9.419992337374634e-07
2.2944152229991558e-06,0.46373171504024013,3.76,0.0,0.366848598726837,0.9905901790524971,0.012232848991735192,0.00010633462929997167,0.0017309123907601539,0.060078098427786934,0.06209432592480417,9.243840901122147e-10,0.05590222452737576,7.297979771412436e-06,0.00012769669218822937,0.0008170627061623456,0.0012257137022914169,1.4882506583795173e-05,0.00035603815110131173,0.008605181591813683,0.07044923476774946,0.00024194397807462422,0.0002413879205983548,0.0003892747739097518,0.0010212065079526949,0.0003660293382247002,0.00011824138661330534,0.00032719961151063127,1.5762485983651838e-07,0.00011201583523562296,1.3740610492906554e-09,7.529244109623077e-05,0.00011264594621193354,7.763173975944842e-05,5.9243476454355404e-08,2.657105019385282e-08,0.00024915795456432934,8.003030701088819e-05,0.00018224633158833638,1.440676118028489e-06,2.1919804076125482e-10,1.0399087880346722e-09,2.1194241109409938e-05,3.424604821105951e-08,4.758426617264743e-07,3.6400761863544904e-08,5.285802888529307e-10,5.681018670233836e-07,1.5507286348982672e-09,1.5247023634922215e-11,1.6025294052512966e-09,9.785217437079686e-07
2.3013022516700506e-06,0.4638542622138271,3.76,0.0,0.36542057528380584,0.9903986385273621,0.012477300857790592,0.00010776335613127142,0.001766258130151182,0.060187125630391136,0.06225050175844468,9.51378882630594e-10,0.056880036909919295,7.52724928871954e-06,0.0001305628736820902,0.0008397060266126025,0.0012431721940102643,1.5303065155027514e-05,0.0003620822812059818,0.008757382443617765,0.07167323098211761,0.00024656255578165765,0.000246149354165091,0.0003968705113949785,0.0010440828799229526,0.00037447753482276237,0.00012265030594062304,0.0003395633640114174,1.6023128888941034e-07,0.00011692077156870484,1.4253497192655412e-09,7.807103994515538e-05,0.00011679555347650074,8.055770442916219e-05,6.169449871014652e-08,2.7560486044037533e-08,0.0002562009242519628,8.294048261421075e-05,0.0001870215953246141,1.5142668520145388e-06,2.2907986720702584e-10,1.0627799490312233e-09,2.1565866961586405e-05,3.647181148270875e-08,4.93786674737452e-07,3.780182640713729e-08,5.729784241847246e-10,6.075592938043294e-07,1.687534555965799e-09,1.586650125216989e-11,1.6675535903935907e-09,1.016619116161949e-06
2.3081892803409454e-06,0.46397836500009676,3.76,0.0,0.3639746208875985,0.9902033438344318,0.012726298375848561,0.00010922699633510223,0.0018022784507650898,0.060294770843468445,0.06240637794489555,9.792583750352355e-10,0.057871542058429266,7.764180944035353e-06,0.00013348802467644534,0.0008630245909726935,0.0012607571097897356,1.573509516945044e-05,0.0003682047956468893,0.008911771326087491,0.07291397838510527,0.00025125950605857746,0.0002509842656720305,0.0004045785701557862,0.0010674262668441733,0.000383128417153956,0.0001272119141131531,0.0003523640666134143,1.628690183255902e-07,0.00012203914243549127,1.4784157404299066e-09,8.094619019103734e-05,0.00012108626138499913,8.358690232212645e-05,6.424488885313796e-08,2.8584161069418752e-08,0.0002634987391850429,8.595995653350496e-05,0.0001919504048872136,1.5921738027673035e-06,2.394036422974163e-10,1.0860937123947465e-09,2.195091217328201e-05,3.8855272797641225e-08,5.123507410646152e-07,3.925954949036957e-08,6.211275762268653e-10,6.49726403867129e-07,1.836223279766944e-09,1.651041101863458e-11,1.7351380659213525e-09,1.0563630995720088e-06
2.3150763090118403e-06,0.46410403439038334,3.76,0.0,0.36251061706406573,0.9900042273822071,0.012979913014079024,0.00011072659583878586,0.0018389834440221214,0.0604010135535955,0.06256195851858291,1.0080460322626623e-09,0.05887681566724841,8.008985039604575e-06,0.0001364729876946582,0.0008870387780366306,0.0012784650714805727,1.6178853651497858e-05,0.0003744057312465606,0.009068359971206082,0.07417154774339392,0.00025603564676062395,0.0002558930088307154,0.00041239949654289066,0.0010912447386773976,0.00039198691128215,0.0001319308287424164,0.0003656154948499434,1.6553795371739532e-07,0.0001273800506681924,1.5333132046105672e-09,8.392088931973384e-05,0.00012552221041241832,8.67225910499236e-05,6.689855048145197e-08,2.9643118932952135e-08,0.00027106001704056996,8.909260775324165e-05,0.00019703776001258114,1.6746670028862355e-06,2.5018860522811804e-10,1.1098558604225107e-09,2.2349974356982795e-05,4.140838071494199e-08,5.315538598338904e-07,4.0776145735521156e-08,6.733405231538585e-10,6.947850804864e-07,1.997802539813287e-09,1.717966516580195e-11,1.8053783186639623e-09,1.097828760410336e-06
2.321963337682735e-06,0.4642312809956924,3.76,0.0,0.36102845010496804,0.9898012206614925,0.013238216757106368,0.00011226323095466886,0.0018763831893864695,0.060505833100799974,0.06271724792301622,1.0377656263775366e-09,0.05989592931858511,8.26187472483445e-06,0.0001395185967412437,0.0009117695442147395,0.0012962925462528159,1.6634599765113083e-05,0.00038068507641612296,0.009227159278541154,0.07544600358843043,0.0002608917757880087,0.00026087590387681686,0.0004203338064859298,0.0011155464535208617,0.0004010580509400703,0.00013681176732080344,0.0003793317633191829,1.6823797707367318e-07,0.0001329529681680419,1.5900974261719314e-09,8.699820729826954e-05,0.0001301076245552904,8.996810925669212e-05,6.965953178413347e-08,3.0738427208972115e-08,0.0002788936207299031,9.234243605628554e-05,0.0002022888154142101,1.762033523171133e-06,2.614547852687608e-10,1.1340720978234567e-09,2.2763677941993026e-05,4.414402484960107e-08,5.514155214378919e-07,4.235390645161921e-08,7.299553256080091e-10,7.429289342433362e-07,2.173362516597683e-09,1.7875207811480672e-11,1.8783730108256768e-09,1.1410946322600344e-06
2.32885036635363e-06,0.46436011502629515,3.76,0.0,0.35952801131511136,0.989594254249165,0.013501282078481546,0.00011383800914503292,0.001914487743573703,0.06060920868526238,0.06287225102961486,1.0684411928425185e-09,0.0609289502924817,8.5230658461397e-06,0.00014262567599315927,0.0009372384367002675,0.00131423584582692,1.7102594610356338e-05,0.00038704276901783464,0.009388179270366937,0.07673740393969539,0.0002658286692028448,0.00026593323590212514,0.00042838198505195676,0.0011403396565974385,0.00041034697863930844,0.00014185954688145403,0.00039352732835354874,1.7096894592251376e-07,0.00013876774915572967,1.648824944233839e-09,9.018128712279476e-05,0.0001348468106799231,9.33268773494831e-05,7.253203024809113e-08,3.187117746734508e-08,0.0002870086627295082,9.571356470837873e-05,0.0002077088847749232,1.854578508892625e-06,2.732230205639884e-10,1.15874805433617e-09,2.3192675339854434e-05,4.7076110557292675e-08,5.719557175198379e-07,4.399520152486054e-08,7.913372498396629e-10,7.943640080946091e-07,2.364082210672273e-09,1.8598013723200884e-11,1.954224057018994e-09,1.1862428708410032e-06
2.3357373950245247e-06,0.4644905462708994,3.76,0.0,0.35800919726429026,0.9893832578130395,0.013769181911332395,0.00011545206979780806,0.001953307129151277,0.060711119374415874,0.06302697315710912,1.1000969282201537e-09,0.06197594137386405,8.792776781802475e-06,0.0001457950384400142,0.0009634676067334735,0.0013322911259179408,1.7583101005961754e-05,0.0003934786941926128,0.009551429045593307,0.07804580002347454,0.00027084707926449243,0.0002710652531539887,0.0004365444860765175,0.0011656326791425016,0.00041985894669178383,0.00014707908345876016,0.00040821699031574026,1.7373069238782598e-07,0.00014483464376389252,1.7095535235714827e-09,9.347334528919912e-05,0.00013974415768448108,9.680239814727356e-05,7.552039747163418e-08,3.304248532451559e-08,0.0002954145093226355,9.921024313116462e-05,0.00021330344478076818,1.952626274339131e-06,2.855149878888353e-10,1.1838892715914748e-09,2.3637648156144452e-05,5.0219639444109806e-08,5.931949511322978e-07,4.570248130342255e-08,8.578808411033155e-10,8.493095202006266e-07,2.571236265132499e-09,1.9349088967992486e-11,2.03303670092521e-09,1.2333594153406135e-06
2.3426244236954196e-06,0.4646225840754194,3.76,0.0,0.3564719100438692,0.9891681601178958,0.014041989617126696,0.00011710658501261145,0.0019928513225097697,0.060811544110456736,0.06318142009151974,1.1327572488218356e-09,0.06303696065685047,9.071228261013088e-06,0.00014902748447356235,0.0009904798229494734,0.0013504543859055435,1.8076383257440213e-05,0.00039999268214309294,0.009716916732521078,0.07937123598738839,0.00027594773238589945,0.00027627216530257516,0.00044482173187395264,0.001191433937188215,0.00042959931813193656,0.00015247539133298637,0.0004234158954881471,1.765230222594175e-07,0.0001511643119702674,1.772342153463421e-09,9.687767217962311e-05,0.00014480413546142285,0.00010039825744105339,7.862914408354123e-08,3.425349046009144e-08,0.0003041207847372178,0.00010283684955706972,0.00021907813919187056,2.056521458727509e-06,2.9835323605060556e-10,1.2095011865592593e-09,2.4099308450270185e-05,5.359079618530656e-08,6.151542470430717e-07,4.747827847491996e-08,9.300121452044719e-10,9.079986462926924e-07,2.79620227959155e-09,2.012947317836077e-11,2.1149195913357217e-09,1.282534156275913e-06
2.3495114523663144e-06,0.4647562373213891,3.76,0.0,0.3549160575276874,0.9889488890327176,0.014319778952522764,0.00011880276039626638,0.0020331302411972776,0.06091046171826994,0.06333559810670479,1.1664467518763972e-09,0.06411206134659983,9.358643166631535e-06,0.00015232380042811078,0.001018298484791562,0.0013687214687379567,1.8582706910677347e-05,0.0004065845058755728,0.009884649440466443,0.08071374861108284,0.00028113132701188025,0.0002815541416779509,0.00045321411303237454,0.0012177519302422994,0.000439573567529916,0.00015805358204681072,0.00043913953752730485,1.7934571404815876e-07,0.0001577678378601702,1.8372510442219246e-09,0.00010039763235930902,0.00015003129365047307,0.00010411812445847302,8.186294476335887e-08,3.550535659633654e-08,0.000313137375165549,0.00010659789365872038,0.00022503878294361594,2.166630245440523e-06,3.117612098384998e-10,1.2355891265040367e-09,2.457840004383746e-05,5.720704205722906e-08,6.37855162165787e-07,4.9325209927547555e-08,1.0081910735595935e-09,9.706793425856285e-07,3.0404686386026096e-09,2.0940239075873513e-11,2.1999848573831002e-09,1.3338611099734104e-06
2.356398481037209e-06,0.46489151440404924,3.76,0.0,0.3533415536370401,0.9887253715391952,0.01460262403426968,0.00012054183586709334,0.0020741537306065675,0.06100785091377462,0.0634895139854666,1.2011901331809965e-09,0.06520129155892768,9.65524632122687e-06,0.0001556847570729491,0.0010469476359737393,0.0013870880610780752,1.9102338490909565e-05,0.0004132538789098796,0.010054633210277768,0.08207336701339941,0.00028639853141678427,0.0002869113094793674,0.0004617219882988146,0.0012445952398587084,0.0004497872816866522,0.0001638188631823117,0.0004554037584539846,1.8219851802926674e-07,0.00016465674420985062,1.9043416217145773e-09,0.00010403666477808369,0.00015543026017235013,0.00010796575222631088,8.522664335957124e-08,3.679927143774564e-08,0.0003224744326514325,0.00011049801914601597,0.00023119136627211044,2.2833416469250535e-06,3.2576328030358097e-10,1.2621582979896932e-09,2.5075699878497912e-05,6.108721561906918e-08,6.613197961260592e-07,5.12459785868043e-08,1.0929139249897518e-09,1.0376152104505895e-06,3.3056428731726015e-09,2.178249304217739e-11,2.288348182734089e-09,1.3874385997945097e-06
2.363285509708104e-06,0.46502842321010474,3.76,0.0,0.3517483186095772,0.9884975337415599,0.014890599302093334,0.0001223250864674408,0.002115931549995889,0.06110369031270116,0.06364317504122033,1.2370122092777969e-09,0.0663046941178635,9.961264255759088e-06,0.00015911110805727857,0.0010764519779780971,0.001405549693702356,1.9635545226777586e-05,0.00042000045295839883,0.01022687296375334,0.08345011235626941,0.00029174998142009726,0.00029234375195857904,0.0004703456845608407,0.00127197252809624,0.0004602461602008359,0.00016977653688435526,0.00047222474914498686,1.8508115528199068e-07,0.00017184300738724398,1.9736765196563114e-09,0.00010779828286978993,0.00016100573953114756,0.0001119449778230084,8.872525810386816e-08,3.813644656857143e-08,0.0003321423788295191,0.00011454200632396718,0.0002375420588585402,2.407068858414933e-06,3.403847781584894e-10,1.2892137709757331e-09,2.5592019424845787e-05,6.525164107214725e-08,6.855708019788823e-07,5.324337522392799e-08,1.1847160811472707e-09,1.1090864045746963e-06,3.593460584996198e-09,2.2657376829339967e-11,2.380128878451337e-09,1.4433694443249825e-06
2.370172538378999e-06,0.46516697109516936,3.76,0.0,0.35013627927191976,0.9882653008778295,0.015183779479504328,0.00012415382318382251,0.002158473357823812,0.06119795843981119,0.06379658914022326,1.273937878185402e-09,0.0674223063513569,1.0276924960198806e-05,0.0001626035883085018,0.0011068368835709253,0.0014241017421637479,2.018259475917252e-05,0.0004268238155728397,0.010401372451979163,0.08484399754562677,0.0002971862780206056,0.00029785150657879537,0.00047908549693137113,0.0012998925358609133,0.0004709560158964957,0.00017593199811449315,0.0004896190492905037,1.879933167254583e-07,0.00017933907256488171,2.045319569303301e-09,0.00011168607454250195,0.00016676251087210952,0.00011605972251298589,9.236398691915023e-08,3.951811730587784e-08,0.00034215190850028494,0.00011873477460359006,0.00024409721398631102,2.5382506837792735e-06,3.556520213035674e-10,1.3167604688712214e-09,2.6128206143947606e-05,6.972224487604193e-08,7.106313970702534e-07,5.53202802324352e-08,1.2841748828201287e-09,1.1853905863850392e-06,3.905794971231107e-09,2.356606752155091e-11,2.475449954210059e-09,1.5017611527500209e-06
2.3770595670498937e-06,0.4653071648609178,3.76,0.0,0.34850536931569787,0.9880285973325236,0.01548223953248015,0.00012602939377381246,0.0022017886963838903,0.06129063373856912,0.063949764724357,1.3119920479035171e-09,0.06855415988540316,1.0602457615474654e-05,0.00016616291238551013,0.00113812841031838,0.001442739427728437,2.0743754834740433e-05,0.0004337234877625928,0.010578134202621506,0.08625502692972861,0.0003027079849494454,0.0003034345631512939,0.0004879416889432177,0.0013283640811286412,0.00048192277509914044,0.00018229073261981902,0.0005076035467813834,1.9093466214758874e-07,0.0001871578692344593,2.11933578655408e-09,0.00011570370205250826,0.00017270542578215267,0.00012031399175450889,9.614821281719518e-08,4.094554250516638e-08,0.00035251399302336465,0.00012308138495730844,0.0002508633727035656,2.677353036442152e-06,3.7159234596908966e-10,1.3448031570646776e-09,2.668514500268191e-05,7.452268120857578e-08,7.365253740253164e-07,5.747966536624141e-08,1.3919126917756081e-09,1.2668439242318797e-06,4.2446669855143096e-09,2.450977805520282e-11,2.5744381875603198e-09,1.562726127582877e-06
2.3839465957207885e-06,0.46544901073198425,3.76,0.0,0.3468555295766933,0.987787346650921,0.015786054625980768,0.0001279531835987479,0.002245886975728113,0.06138169458127174,0.06410271083444945,1.3511996323039754e-09,0.06970028043688135,1.0938092306230201e-05,0.00016978977278893663,0.0011703533140812095,0.0014614578185950567,2.1319292983999085e-05,0.00044069892159033215,0.010757159466215539,0.08768319599530719,0.00030831562614165613,0.00030909286195224,0.0004969144928596864,0.0013573960570449155,0.0004931524777482745,0.00018885831460205087,0.00052619547649071,1.939048192304061e-07,0.00019531282700987977,2.1957913563964267e-09,0.00011985490175513842,0.00017883940582113473,0.0001247118750728612,1.0008350938102381e-07,4.2420004315851485e-08,0.0003632398835115447,0.00012758704230993406,0.00025784726798294526,2.8248705181864496e-06,3.882341403126757e-10,1.3733464274181086e-09,2.726376004388652e-05,7.967846687274153e-08,7.632771118568341e-07,5.972459543142132e-08,1.5086001485937264e-09,1.3537821416861106e-06,4.612256166316645e-09,2.5489758523789653e-11,2.67722419090919e-09,1.6263818748908014e-06
2.3908336243916833e-06,0.4655925143326297,3.76,0.0,0.3451867083167698,0.9875414715549258,0.01609530007825197,0.00012992661646128923,0.0022907774568670684,0.061471119279643015,0.06425543713412642,1.3915855080265119e-09,0.07086068760539242,1.1284059713877078e-05,0.00017348483823032142,0.0012035390624678714,0.0014802518314050157,2.1909476184013813e-05,0.000447749497747729,0.01093844816149001,0.08912849106196874,0.00031400968312646286,0.00031482629182246857,0.0005060041101076775,0.0013869974298978997,0.0005046512773338059,0.00019564040407191782,0.0005454124184126032,1.9690338257677987e-07,0.0002038178917055885,2.274753614436046e-09,0.00012414348372524184,0.0001851694397715772,0.00012925754579022015,1.0417564632697448e-07,4.3942807884056076e-08,0.00037434111380711503,0.00013225709785606604,0.0002650558288702177,2.9813280788630043e-06,4.056068743807719e-10,1.402394685230264e-09,2.7865016012432308e-05,8.521712629860134e-08,7.909115871969912e-07,6.205822992460447e-08,1.6349596392195352e-09,1.4465616153929594e-06,5.01091216427771e-09,2.650729636512992e-11,2.783942475861452e-09,1.6928512221780866e-06
2.397720653062578e-06,0.46573768066320154,3.76,0.0,0.3434988615082765,0.9872908939606203,0.016410051312867234,0.00013195115544684604,0.0023364692342338926,0.06155888609590248,0.0644079539341785,1.4331744475371048e-09,0.07203539466439063,1.1640590789409603e-05,0.00017724875186226962,0.001237713848224641,0.0014991162330528639,2.2514570505583084e-05,0.00045487452311370917,0.011121998819769156,0.09059088897526765,0.00031979059233724514,0.00032063468825297965,0.000515210711839944,0.0014171772369609816,0.0005164254406432,0.00020264274387310358,0.0005652722951194203,1.9992991273929085e-07,0.0002126875416762719,2.3562910253614583e-09,0.00012857333123978014,0.00019170058059393805,0.00013395526060320576,1.0843059514124113e-07,4.551528099989872e-08,0.0003858295032214408,0.0001370970512942989,0.00027249618461296126,3.1472827602105432e-06,4.2374113205740384e-10,1.431952136267571e-09,2.8489920038424434e-05,9.116834734034193e-08,8.194543856484339e-07,6.448382461168269e-08,1.7717689800316636e-09,1.5455605239918497e-06,5.443167004132756e-09,2.756371682383308e-11,2.894731514528576e-09,1.762262544097568e-06
2.404607681733473e-06,0.4658845140764136,3.76,0.0,0.3417919531205669,0.987035534997574,0.01673038380846358,0.00013402830376776258,0.002382971217400686,0.061644973254314235,0.06456027221742937,1.4759910951877475e-09,0.07322440835193297,1.200791640546806e-05,0.00018108212947209168,0.001272906602539662,0.0015180456428051125,2.313484074494679e-05,0.00046207322829983874,0.011307808528500288,0.09207035679892803,0.0003256587423421972,0.00032651783145904,0.0005245344396331981,0.0014479445842008848,0.0005284813473054395,0.00020987115635954192,0.0005857933684976802,2.0298393525133264e-07,0.00022193680440137748,2.440473158267098e-09,0.00013314840011484195,0.00019843794207436157,0.00013880935899883586,1.128545347847635e-07,4.713877368626648e-08,0.0003977171590178155,0.00014211255296799893,0.00028017566875967895,3.323325526963663e-06,4.42668644798519e-10,1.462022771068097e-09,2.913952337862109e-05,9.756414860925626e-08,8.489317132404741e-07,6.700473303970498e-08,1.9198653299521377e-09,1.651180049531668e-06,5.9117481189137455e-09,2.8660383938376553e-11,3.009733797397241e-09,1.8347499961478065e-06
2.411494710404368e-06,0.46603301825348353,3.76,0.0,0.34006595540823087,0.9867753150299877,0.01705637304613294,0.00013615960560904065,0.0024302921120386593,0.061729358953222895,0.06471240366408414,1.520059918209974e-09,0.07442772866139825,1.238626698719484e-05,0.00018498555764182706,0.0013091470082362787,0.0015370345347351124,2.377055004011244e-05,0.00046934476518808305,0.011495872873964724,0.09356685150672989,0.0003316144709967751,0.00033247544444607504,0.0005339754063286243,0.0014793086438475418,0.0005408254891172235,0.00021733153970996777,0.0006069942357226753,2.0606493966377655e-07,0.00023158127329493144,2.527370658652563e-09,0.0001378727178893615,0.00020538669515205913,0.000143824262499493,1.1745385745937375e-07,4.881465772619846e-08,0.00041001647861702343,0.00014730940590184345,0.0002881018232188529,3.510083188328591e-06,4.624223230761236e-10,1.4926103498528787e-09,2.9814923216995917e-05,1.0443905911778786e-07,8.793704079769503e-07,6.962440797377908e-08,2.080149339974106e-09,1.7638456326783869e-06,6.419592193202558e-09,2.9798700806055734e-11,3.129095887327617e-09,1.910453756491695e-06
2.4183817390752626e-06,0.46618319618016035,3.76,0.0,0.338320849200627,0.9865101536797496,0.01738809445443348,0.00013834664697428794,0.002478440400114895,0.06181202137758157,0.0648643606775359,1.5654051399949556e-09,0.07564534863254417,1.2775872121480279e-05,0.0001889595918778212,0.001346465512829817,0.0015560772404809,2.4421959471952296e-05,0.00047668820446540534,0.011686185883235356,0.09508031967460444,0.0003376580625195487,0.00033850719107082777,0.0005435336970212682,0.0015112786518218836,0.0005534644691363896,0.00022502986386381175,0.0006288938244311182,2.0917237859090764e-07,0.00024163712471895132,2.617055216916327e-09,0.0001427503828477472,0.00021255206391366128,0.0001490044737273236,1.2223517442737474e-07,5.0544326126022836e-08,0.00042274015150444837,0.00015269356772287527,0.0002962824022667592,3.7082204128917295e-06,4.830362887982429e-10,1.5237183878177346e-09,3.051726452528747e-05,1.1183031105003803e-07,9.107979514674373e-07,7.234640275056544e-08,2.2535895514614963e-09,1.8840082829324988e-06,6.969859851132628e-09,3.098010995898575e-11,3.2529684692236838e-09,1.98952027602111e-06
2.4252687677461574e-06,0.4663350501226801,3.76,0.0,0.336556624192274,0.9862399698514714,0.01772562335198624,0.0001405910565305112,0.0025274243193195776,0.06189293871197703,0.06501615641060517,1.6120507004040097e-09,0.07687725414328438,1.3176960144231666e-05,0.0001930047547132533,0.0013848933414209671,0.001575167952332464,2.50893276502683e-05,0.000484102533159888,0.011878739965447666,0.0966106971735024,0.0003437897444935569,0.0003446126741014684,0.0005532093702047163,0.0015438639050175452,0.0005664050005270242,0.000232972166062476,0.0006515113870503063,2.1230566676740047e-07,0.0002521211351769101,2.7095995332238057e-09,0.00014778556287348583,0.00021993932124187901,0.0001543545752782482,1.2720532187609892e-07,5.2329192511250273e-08,0.0004359011608169202,0.00015827115245438476,0.00030472537649221164,3.918441840061456e-06,5.045459088851746e-10,1.5553501387585574e-09,3.12477419843392e-05,1.1977804652153289e-07,9.432424806322486e-07,7.517437254010065e-08,2.441227053550017e-09,2.01214594502424e-06,7.56595122529725e-09,3.220609407513946e-11,3.3815063948896293e-09,2.0721025367870286e-06
2.4321557964170523e-06,0.46648858160368695,3.76,0.0,0.3347732792336434,0.9859646817595964,0.018069034887625266,0.00014289450645027187,0.0025772518417189706,0.06197208915415665,0.06516780479218376,1.6600201996441706e-09,0.078123423702584,1.3589757705338371e-05,0.00019712153378732537,0.0014244625093976344,0.0015943007266543494,2.577291028507819e-05,0.000491586652184057,0.012073525852456505,0.09815790886362934,0.0003500096847955182,0.0003507914332805112,0.00056300245907741,0.0015770737584324046,0.0005796539051401307,0.000241164545979912,0.0006748664942415953,2.154641801182413e-07,0.00026305069866136436,2.8050772786022317e-09,0.00015298249412567638,0.00022755378410583695,0.00015987922839555082,1.3237136681821e-07,5.417069045219157e-08,0.0004495127845868382,0.00016404843217041656,0.00031343893666565257,4.141494291131018e-06,5.269878272946803e-10,1.5875085784737222e-09,3.200760196694928e-05,1.2832553923926786e-07,9.767327994653105e-07,7.811207550745986e-08,2.6441804092810413e-09,2.148764922566956e-06,8.211522443655366e-09,3.3478176211000304e-11,3.514868722560864e-09,2.158360318903524e-06
2.439042825087947e-06,0.4666437913781586,3.76,0.0,0.332970822621858,0.9856842069576429,0.018418403978074312,0.0001452587132496137,0.002627930651631569,0.06204945092906062,0.06531932055425216,1.7093368288662503e-09,0.0793838282448976,1.401448931106088e-05,0.00020131037990518485,0.0014652058349156874,0.0016134694876487295,2.6472959743448695e-05,0.0004991393738914673,0.012270532538958764,0.09972186829067915,0.0003563179884555801,0.00035704294339460583,0.0005729129730167636,0.0016109176221458488,0.000593218111813086,0.00024961316042648794,0.000698979027415591,2.1864725484502662e-07,0.00027444384412700097,2.9035630520879875e-09,0.00015834547953040852,0.00023540080848063986,0.00016558317143286984,1.3774061301755848e-07,5.607027271631801e-08,0.0004635885966205154,0.00017003183849816737,0.00032243149751914776,4.378169082973968e-06,5.503999973416251e-10,1.620196388414393e-09,3.279814458281218e-05,1.3751943201907702e-07,1.0112983908357505e-06,8.116337386522485e-08,2.8636508605324973e-09,2.294401359912807e-06,8.910503071427307e-09,3.479792004840005e-11,3.653218750572695e-09,2.248460476015897e-06
2.445929853758842e-06,0.4668006794093816,3.76,0.0,0.33114927239077446,0.9853984623696755,0.018773805243127682,0.00014768543862005715,0.0026794681227272263,0.0621250023033623,0.06547071925923309,1.7600233173793003e-09,0.0806584309265919,1.4451376843637675e-05,0.00020557170508299922,0.0015071569511276295,0.0016326680314632208,2.7189724592276473e-05,0.0005067594196525768,0.012469747222169592,0.10130247738473083,0.00036271469445081015,0.00036336661235552404,0.0005829408992270441,0.001645404958137638,0.0006071046543705656,0.0002583242176103995,0.0007238691702762563,2.2185418653210656e-07,0.000286319253057486,3.005132333781168e-09,0.00016387888707889917,0.0002434857838840642,0.00017147121809630274,1.4332060692943717e-07,5.802941044437669e-08,0.00047814246698716045,0.00017622796395504487,0.00033171170142299927,4.6293044472920904e-06,5.748217145915173e-10,1.6534159383606182e-09,3.362072578598918e-05,1.4740999116347242e-07,1.0469694283101487e-06,8.43322348073336e-08,3.100927821985222e-09,2.4496227830045426e-06,9.66711454389133e-09,3.6166930337848196e-11,3.7967240446021756e-09,2.342577219403855e-06
2.4528168824297367e-06,0.4669592448450226,3.76,0.0,0.32930865659990455,0.9851073643240729,0.019135312938317196,0.0001501764902528529,0.002731871294351196,0.06219872160051833,0.06562201732764358,1.8121018687936692e-09,0.08194718692481465,1.490063905797194e-05,0.00020990588058290318,0.001550350318126952,0.0016518900306468813,2.7923449127487222e-05,0.000514445417456323,0.012671155241146145,0.10289962616250128,0.00036919977243612533,0.00036976177929690877,0.0005930862045667317,0.0016805452769441589,0.000621320669309106,0.0002673039709412127,0.0007495573993509158,2.2508422927528729e-07,0.0002986962770917512,3.1098614336689007e-09,0.0001695871479242992,0.00025181412751862977,0.00017754825545522308,1.491191436431553e-07,6.00495922472488e-08,0.0004931885620944211,0.0001826435631067021,0.00034128842194385814,4.895788058252093e-06,6.002936485290909e-10,1.6871692686047233e-09,3.447675954521334e-05,1.5805137875155837e-07,1.0837767879770899e-06,8.762273131474523e-08,3.357394673691792e-09,2.6150296998676567e-06,1.0485889624830897e-08,3.758685300940351e-11,3.9455564578907615e-09,2.4408924107728206e-06
2.4597039111006316e-06,0.4671194859933407,3.76,0.0,0.32744901362160006,0.9848108285896757,0.01950300088505143,0.00015273372265357457,0.0027851468470772725,0.06227058721632979,0.06577323206600078,1.865594087105383e-09,0.08325004323928692,1.5362491055329903e-05,0.0002143132349428509,0.0015948212345746461,0.0016711290389569674,2.8674372890194278e-05,0.0005221958995444003,0.012874740015859025,0.1045131924336765,0.0003757731194167674,0.0003762277126915698,0.0006033488375608079,0.001716348134147803,0.0006358733931469856,0.0002765587123604565,0.000776064473463027,2.2833659483607848e-07,0.00031159495567251893,3.2178274360619168e-09,0.00017547475426910036,0.0002603912780076847,0.00018381924171131578,1.5514427281388612e-07,6.21323232205675e-08,0.0005087413443259532,0.00018928555353190537,0.0003511707672683743,5.178559671249696e-06,6.268578739963034e-10,1.721458072182913e-09,3.5367720077192394e-05,1.6950194394281724e-07,1.1217520602516359e-06,9.10390428232029e-08,3.6345348611075353e-09,2.7912572612229684e-06,1.1371692924418344e-08,3.905937523783084e-11,4.099892143828477e-09,2.5435958637673217e-06
2.4665909397715264e-06,0.46728140029959225,3.76,0.0,0.3255703924259047,0.9845087704143923,0.019876942398218415,0.00015535903794501607,0.0028393010774967796,0.06234057763501411,0.065924381694935,1.9205209126682154e-09,0.08456693849751558,1.583714373405825e-05,0.0002187940520067339,0.0016406058489729603,0.001690378496518115,2.944273017043434e-05,0.0005300093000855803,0.013080482986119196,0.10614304151207456,0.00038243455636689403,0.0003827636084943195,0.0006137287306031126,0.0017528231266951174,0.0006507701594205785,0.00028609476518459535,0.0008034114221046736,2.3161045182519248e-07,0.0003250360336767859,3.3291081394965513e-09,0.00018154625703512388,0.00026922268871460206,0.00019028920371528033,1.614043045697026e-07,6.427912387415842e-08,0.0005248155712160578,0.00019616101657963397,0.0003613680834755271,5.478613875405818e-06,6.545579026503727e-10,1.7562836765391852e-09,3.629514414290693e-05,1.8182453444678987e-07,1.1609275616332729e-06,9.458545574310781e-08,3.93393831110102e-09,2.978976981505545e-06,1.2329742509058312e-08,4.058622560160219e-11,4.2599115602536164e-09,2.650885654217828e-06
2.4734779684424212e-06,0.46744498432267795,3.76,0.0,0.323672852862445,0.9842011045663402,0.020257210211249148,0.00015805438665623362,0.0028943398722529492,0.062408671445786955,0.06607548537745783,1.976902550472939e-09,0.08589780276394192,1.632480321741284e-05,0.0002233485689604619,0.001687741170550143,0.0017096317353345839,3.0228749499180326e-05,0.0005378839528976514,0.013288363550476035,0.10778902593242572,0.0003891838247994056,0.00038936858831556756,0.00062422580235353,0.0017899798890393694,0.0006660183953078637,0.00029591847644624947,0.0008316195326660398,2.349049249190085e-07,0.0003390409789847414,3.4437819919679117e-09,0.00018780626330817447,0.0002783138206347645,0.00019696323422064107,1.679078153786108e-07,6.649152897340135e-08,0.0005414262941360933,0.0002032771979033701,0.00037188995763986414,5.797002962232334e-06,6.834387132355181e-10,1.7916470246937657e-09,3.726063340671045e-05,1.950868293603907e-07,1.20133634638933e-06,9.82663638212418e-08,4.257308171988394e-09,3.1788985203544963e-06,1.3365632633756117e-08,4.2169173992374154e-11,4.42579946479518e-09,2.7629684391065013e-06
2.480364997113316e-06,0.4676102337120899,3.76,0.0,0.3217564659387049,0.9838877453775987,0.02064387639864482,0.0001608217684954494,0.002950268681333256,0.06247484735995175,0.0662265632473289,2.034758390740236e-09,0.0872425573535583,1.6825670258682166e-05,0.00022797697438001386,0.0017362650797185322,0.0017288819851551365,3.103265312941291e-05,0.0005458180892249494,0.013498359005209666,0.10945098517358458,0.0003960205832926772,0.0003960416976311176,0.0006348399603343417,0.0018278280891030857,0.0006816256178593272,0.0003060362087202152,0.0008607103364795816,2.382190941124835e-07,0.00035363199994029764,3.561928021357724e-09,0.00019425943354957695,0.00028767013485068895,0.0002038464888641291,1.7466365385926505e-07,6.877108628966377e-08,0.0005585888564670899,0.0002106415077571302,0.000382746220746945,6.134839912716126e-06,7.135467811553789e-10,1.8275486563282484e-09,3.8265856857838555e-05,2.093616946242549e-07,1.2430122181347871e-06,1.0208626833390837e-07,4.606467884729919e-09,3.391771524397791e-06,1.4485357625032357e-08,4.381003143822965e-11,4.597744900558703e-09,2.8800597842100193e-06
2.487252025784211e-06,0.4677771431852108,3.76,0.0,0.31982131409400655,0.9835686067906504,0.021037012295977108,0.00016366323310440956,0.0030070924906353234,0.06253908422849373,0.06637763643746036,2.094106935134353e-09,0.0886011146505427,1.7339939623886057e-05,0.00023267940629776907,0.0017862163380670789,0.00174812237968903,3.185465650711518e-05,0.0005538098355798962,0.013710444483548252,0.11112874538901737,0.00040294440398039674,0.00040278190403382664,0.0006455711037296197,0.0018663774240560947,0.0006975994298161171,0.0003164543314216113,0.0008907055936372531,2.41551994012236e-07,0.000368832062653073,3.6836257609227466e-09,0.00020091047856697806,0.0002972970845414056,0.0002109441828621559,1.8168094651790243e-07,7.111935525703935e-08,0.0005763188912327898,0.00021826152103741347,0.00039394695040136655,6.493301504859385e-06,7.449301075182466e-10,1.8639886885390775e-09,3.93125532937235e-05,2.247275623992263e-07,1.285989741276311e-06,1.0604977810094865e-07,4.983368591360385e-09,3.6183875288962617e-06,1.5695336939514503e-08,4.551064994277082e-11,4.775941171430717e-09,3.0023845003485066e-06
2.4941390544551057e-06,0.4679457065050263,3.76,0.0,0.3178674914684934,0.983243602407584,0.02143668841737722,0.00016658088079165982,0.003064815793825275,0.0626013610601737,0.06652872710829333,2.154965717488609e-09,0.08997337793247458,1.7867799452431796e-05,0.00023745595029371668,0.0018376345978480275,0.0017673459631704618,3.2694967733138404e-05,0.0005618572116572936,0.013924592895248633,0.11282211914543466,0.00040995476901127054,0.00040958809553299065,0.0006564191263910104,0.0019056376159045315,0.0007139475149949622,0.0003271792115643528,0.0009216272765399774,2.449026131738746e-07,0.00038466490808822224,3.808955169721445e-09,0.00020776415623700376,0.00030720010653804096,0.00021826158741299992,1.889691033928425e-07,7.353790553271452e-08,0.0005946323181672008,0.00022614497705489254,0.00040550247330680046,6.873631543473216e-06,7.776382468269209e-10,1.900966796204832e-09,4.040253386428208e-05,2.4126883571327067e-07,1.3303042522842248e-06,1.1016160930997342e-07,5.390096885692708e-09,3.85958191852578e-06,1.7002441420071128e-08,4.727292211704268e-11,4.960585806252547e-09,3.1301769881381507e-06
2.5010260831260005e-06,0.46811591645775397,3.76,0.0,0.31589510416543004,0.9829126455426864,0.021842974370025976,0.00016957686323678474,0.003123442563342239,0.06266165704020628,0.0666798584760669,2.217351219128628e-09,0.09135924120188757,1.840943059278816e-05,0.00024230663762166976,0.001890560410807433,0.001786545697336629,3.355378701524497e-05,0.0005699581282956514,0.014140774866709848,0.11453090517209524,0.0004170510669670724,0.00041645907891632366,0.0006673839200946092,0.001945618406852387,0.000730677633181376,0.0003382172038902412,0.0009534975518798798,2.4826989347809803e-07,0.0004011550688457636,3.937996546515923e-09,0.00021482526792161995,0.0003173846123402628,0.00022580402573437423,1.9653782356802734e-07,7.602831543342802e-08,0.000613545340071271,0.00023429977896698384,0.00041742336745263434,7.2771442375412376e-06,8.117223336561025e-10,1.938482192319733e-09,4.153768468761e-05,2.590763245275525e-07,1.3759918709124863e-06,1.1442658514712417e-07,5.8288828644758745e-09,4.1162359578661805e-06,1.841402079822218e-08,4.909878072785789e-11,5.151880512362739e-09,3.2636815927112467e-06
2.5079131117968953e-06,0.4682877648342117,3.76,0.0,0.31390427051012276,0.9825756492760679,0.02225593876793655,0.0001726533841855439,0.0031829762213287987,0.06271995154911791,0.06683105484092101,2.281278784384683e-09,0.09275858902069001,1.8965005929471248e-05,0.0002472314433653461,0.0019450352367852202,0.0018057144685062795,3.443130611947124e-05,0.0005781103856733134,0.014358958681681256,0.11625488811469216,0.0004242325893448039,0.0004233935781406189,0.0006784653778649173,0.001986329554578781,0.0007477976146678153,0.0003495746407054055,0.0009863387621561813,2.5165272959959716e-07,0.0004183278857328308,4.0708304432629475e-09,0.000222098654795295,0.000327855978933404,0.00023357686898919613,2.0439710061203376e-07,7.859217035991329e-08,0.000633074438953413,0.00024273399308107402,0.000429720464172594,7.705227621059916e-06,8.472351073628954e-10,1.976533607582429e-09,4.271996948421541e-05,2.7824769416332234e-07,1.4230895104359207e-06,1.1884963517839863e-07,6.302108747057718e-09,4.389278838353939e-06,1.993793239184571e-08,5.099019804842972e-11,5.350031111226683e-09,3.403152961118279e-06
2.51480014046779e-06,0.4684612424045546,3.76,0.0,0.31189512129948305,0.9822325265117955,0.022675649141791456,0.00017581270010200528,0.0032434196094226846,0.06277622418234104,0.06698234161479215,2.3467625391252867e-09,0.09417129635487961,1.953468967880977e-05,0.00025223028464159446,0.002001101451402264,0.0018248450952014332,3.53277078094284e-05,0.0005863116714323227,0.014579110222761333,0.11799383830414147,0.00043149852693434733,0.00043039023281586734,0.0006896633976356514,0.002027780827220874,0.0007653153542196658,0.00036125782094042477,0.0010201734050802578,2.5504996847444575e-07,0.0004362095238833492,4.20753756847369e-09,0.00022958919375948116,0.0003386195389138223,0.00024158553172084495,2.1255722782467304e-07,8.123106103266068e-08,0.0006532363712002752,0.00025145584770260254,0.00044240484980244947,8.159347168893386e-06,8.842309366363545e-10,2.0151192710268697e-09,4.3951432303481905e-05,2.988879554123339e-07,1.471634888632003e-06,1.234357945733865e-07,6.812317504176619e-09,4.679689815859583e-06,2.158257085960389e-08,5.294918521502783e-11,5.555247466185485e-09,3.5488564124783677e-06
2.521687169138685e-06,0.4686363389011854,3.76,0.0,0.3098678000412554,0.9818831900399771,0.023102171845690498,0.00017905712077857469,0.0033047749576891224,0.06283045477042051,0.06713374534888313,2.413815296358366e-09,0.09559722842958131,2.0118636659304526e-05,0.0002573030188736845,0.002058802352869555,0.001843930336195989,3.624316527953131e-05,0.0005945595588713385,0.014801192914204064,0.11974751154075094,0.0004388479661846057,0.00043744759678076157,0.0007009778861890558,0.002069981998088326,0.0007832388044274916,0.00037327299846487893,0.0010550241111378683,2.5846040885727394e-07,0.00045482698829176974,4.3481986831539705e-09,0.0002373017929995355,0.0003496805699954057,0.0002498354668548013,2.2102880325549593e-07,8.394658158551698e-08,0.0006740481618802884,0.0002604737315456707,0.0004554878669266303,8.6410495770717e-06,9.227658424137077e-10,2.0542368897888433e-09,4.52342003220225e-05,3.211099948860028e-07,1.5216665383131861e-06,1.2819020307764622e-07,7.362221892753768e-09,4.988500417737513e-06,2.3356899538865456e-08,5.497779155074516e-11,5.767743399322014e-09,3.7010683182656834e-06
2.52857419780958e-06,0.4688130429992662,3.76,0.0,0.3078224631850776,0.9815275526011965,0.023535571962350475,0.00018238900991467764,0.0033670438532721774,0.06288262339954033,0.06728529376062997,2.482448466274572e-09,0.0970362405915641,2.071699155078163e-05,0.00026244944212757565,0.002118182168183377,0.0018629628987702936,3.717784158907446e-05,0.0006028515054449593,0.015025167665797635,0.12151564888956169,0.0004462798856698796,0.00044456413674235783,0.0007124087632456577,0.002112942840212055,0.0008015759685677715,0.00038562636994659617,0.001090913620043187,2.618828009417126e-07,0.0004742081388070772,4.492894494731173e-09,0.00024524138732981166,0.0003610442841586005,0.0002583321604347889,2.2982273452669625e-07,8.674032760906471e-08,0.0006955270984995299,0.0002697961918488454,0.0004689811153227956,9.151966633960173e-06,9.628975165097401e-10,2.0938836278865672e-09,4.657048667529008e-05,3.450351326501139e-07,1.573223816626627e-06,1.331181037072813e-07,7.954714103786028e-09,5.316796680710679e-06,2.5270483044731392e-08,5.7078103366714745e-11,5.987736585848726e-09,3.860076487441026e-06
2.5354612264804746e-06,0.4689913423002773,3.76,0.0,0.30575928034969285,0.981165526952112,0.023975913207524006,0.0001858107856825092,0.0034302272090811895,0.06293271043221453,0.06743701576041512,2.552671971699512e-09,0.09848817817509571,2.132988814785005e-05,0.0002676692874778578,0.0021792860590280692,0.0018819354470606883,3.813188909660033e-05,0.0006111848514661201,0.015250992817377901,0.12329797648093885,0.00045379315263110586,0.00045173823095907785,0.000723955965625278,0.0021566731208033257,0.0008203348930618231,0.00039832406245446676,0.0011278647566662905,2.6531584604064346e-07,0.0004943817048527023,4.6417055499158665e-09,0.00025341293343893943,0.00037271581661598314,0.00026708112623148524,2.3895024355297735e-07,8.961389417230652e-08,0.0007176907245005431,0.000279431932347422,0.00048289645275162636,9.69381913673805e-06,1.0046853385208589e-09,2.1340560857111175e-09,4.7962593306512256e-05,3.707936935706201e-07,1.626346914343602e-06,1.3822484114666742e-07,8.592875765159778e-09,5.665721403417313e-06,2.7333520688762417e-08,5.925224251031109e-11,6.2154484266783255e-09,4.026180553954314e-06
2.5423482551513695e-06,0.4691712233089318,3.76,0.0,0.3036784345359561,0.9807970259355407,0.024423257831245136,0.0001893249212333528,0.0034943252316110246,0.06298069652859109,0.06758894147750182,2.624494146682452e-09,0.09995287638145132,2.1957448588232807e-05,0.00027296222347589623,0.002242160126554829,0.0019008406108520545,3.91054488922516e-05,0.0006195568186679347,0.01547862408563902,0.12509420533184082,0.0004613865194016734,0.00045896816804667616,0.0007356194517148199,0.0022011825954108485,0.0008395236592773932,0.0004113721202598203,0.0011659004048283224,2.687581964072096e-07,0.0005153772992650759,4.794712114384999e-09,0.00026182140472251204,0.00038470021410277736,0.00027608789984689654,2.484228709251473e-07,9.256887361605921e-08,0.0007405568317216359,0.00028938981071164623,0.0004972459952165873,1.0268420987030229e-05,1.0481903968790194e-09,2.1747502820209302e-09,4.941291388568072e-05,3.9852562740221135e-07,1.6810768642296804e-06,1.4351585999904714e-07,9.279987898472698e-09,6.036476466102613e-06,2.9556881212684722e-08,6.150236575932957e-11,6.451103915167046e-09,4.199692374131974e-06
2.5492352838222643e-06,0.4693526714201159,3.76,0.0,0.30158012232427267,0.9804219625553172,0.024877666515802536,0.00019293394513901946,0.003559337387928141,0.06302656266838731,0.06774110228504145,2.6979216395568074e-09,0.10143016017319847,2.259978255668377e-05,0.0002783278527308786,0.0023068514149315994,0.0019196709948183274,4.009865022949892e-05,0.0006279645089346844,0.015708014513121146,0.12690403118917237,0.0004690586198625896,0.0004662521459254507,0.0007473992062545869,0.0022464810017509777,0.0008591503745903403,0.0004247764907898309,0.001205043478838202,2.722084550580315e-07,0.000537225431123183,4.9519940469379205e-09,0.0002704717856795651,0.0003970024224629956,0.0002853580322814031,2.58252479910448e-07,9.560685320362974e-08,0.0007641434517439675,0.00029967883540730773,0.0005120421166344102,1.0877683473706031e-05,1.0934754999168707e-09,2.215961631758676e-09,5.0923936799467515e-05,4.283811818880164e-07,1.7374555497816277e-06,1.489967027541526e-07,1.0019541235694882e-08,6.430325216050339e-06,3.195213896471277e-08,6.383066312205556e-11,6.694931491690212e-09,4.380936434008816e-06
2.556122312493159e-06,0.46953567090310877,3.76,0.0,0.2994645540604928,0.9800402500541094,0.02533919827198998,0.00019664044178568344,0.0036252623724339537,0.0630702901731614,0.06789353082422218,2.7729593260133158e-09,0.10291984417887459,2.325698648033917e-05,0.0002837657105791049,0.0023734079140298957,0.0019384191879822346,4.1111609961376214e-05,0.0006364049034306124,0.015939114418726325,0.12872713438859823,0.00047680796608614044,0.0004735882708643374,0.0007592952452998168,0.002292578053329766,0.0008792231628526956,0.0004385430100806526,0.0012453168936319625,2.7566517564845147e-07,0.0005599575177399733,5.113630670779436e-09,0.00027936906604322646,0.0004096272738334627,0.00029489708316252024,2.684512601484254e-07,9.872941271333045e-08,0.0007884688465187274,0.0003103081621665456,0.0005272974480779643,1.1523619660836989e-05,1.140605184247672e-09,2.2576849253802143e-09,5.2498248172931605e-05,4.605216121678917e-07,1.795525713485201e-06,1.5467300739669973e-07,1.0815247161652612e-08,6.848594879557409e-06,3.4531611176091366e-08,6.623935573530275e-11,6.947162868101299e-09,4.570250261266477e-06
2.563009341164054e-06,0.4697202048901128,3.76,0.0,0.29733195403763185,0.9796518019918379,0.02580791033531988,0.00020044705175625382,0.0036920980740050087,0.06311186072862583,0.06804626102796968,2.8496102161464168e-09,0.10442173260062133,2.3929142727116774e-05,0.000289275263794199,0.0024418785618600387,0.001957077773157266,4.2144431982345316e-05,0.0006448748619627372,0.016171871349282906,0.1305631797184494,0.0004846329451250788,0.0004809745565656082,0.000771307621191141,0.002339483433003741,0.0008997501544102671,0.00045267738806468625,0.0012867435346534334,2.7912686248663757e-07,0.0005836058962670997,5.279700643616147e-09,0.0002885182348696467,0.00042257947374303647,0.00030471061390328067,2.7903173121284843e-07,1.0193812202595424e-07,0.0008135514988451203,0.0003212870903448399,0.0005430248768626978,1.2208348788162727e-05,1.189645725429483e-09,2.299914310894644e-09,5.413853488793638e-05,4.951199017971069e-07,1.8553309623061636e-06,1.605505046245707e-07,1.1671049024257235e-08,7.292678966890912e-06,3.730839605396629e-08,6.87306941485182e-11,7.208032823814296e-09,4.7679848368106524e-06
2.5698963698349488e-06,0.4699062553544906,3.76,0.0,0.2951825606579596,0.9792565323291555,0.02628385805921764,0.00020435647212729358,0.0037598415424469865,0.06315125640752134,0.06819932814324901,2.9278753344104614e-09,0.1059356191398888,2.4616318784250505e-05,0.00029485590944526905,0.0025123132455284426,0.0019756393368051688,4.3197206675987224e-05,0.0006533711221638371,0.01640623003461633,0.1324118163112351,0.0004925318156605445,0.0004884089234190317,0.0007834364278445313,0.0023872067861947085,0.0009207394753674173,0.0004671851930361077,0.0013293462253069841,2.8259197076488864e-07,0.0006082038339275569,5.4502818125044336e-09,0.00029792427415809025,0.0004358635875179695,0.0003148041802785089,2.900067456578072e-07,1.0523453843067674e-07,0.0008394101015984197,0.0003326250586185115,0.0005592375449214642,1.2934100856362087e-05,1.2406651472752041e-09,2.3426432745278105e-09,5.584758765922828e-05,5.32361544167416e-07,1.916915774683426e-06,1.6663501497343007e-07,1.2591133250906003e-08,7.764039727432685e-06,4.029641189976095e-08,7.130695708331197e-11,7.477778996430102e-09,4.974505014443678e-06
2.5767833985058436e-06,0.47009380310473786,3.76,0.0,0.2930166265747022,0.9788543555155673,0.026767094805887067,0.0002083714566815241,0.003828488954521615,0.06318845969296007,0.06835276875174384,3.0077536449779814e-09,0.10746128694115367,2.531856642364453e-05,0.00030050697391915027,0.0025847628007288547,0.001994096479206944,4.427001037376168e-05,0.0006618902989827459,0.016642132346077396,0.1342726775626163,0.0005005027047549935,0.0004958891979296922,0.0007956818063042914,0.002435757713770429,0.0009421992360401423,0.00048207183531983456,0.0013731476922072211,2.8605890671176656e-07,0.0006337855367297485,5.625451067337273e-09,0.0003075921520507381,0.0004494840260581013,0.00032518332446368004,3.013894915057686e-07,1.0862020383249615e-07,0.0008660635457948057,0.00034433164003318327,0.0005759488464422813,1.3703221369344853e-05,1.2937332166616063e-09,2.3858646184103046e-09,5.7628304150114685e-05,5.724453842965127e-07,1.9803255059018156e-06,1.7293244562587537e-07,1.3579940825336111e-08,8.264210633694798e-06,4.35104375558823e-08,7.397044815163647e-11,7.756641658778033e-09,5.190189946233368e-06
2.5836704271767384e-06,0.47028282777258357,3.76,0.0,0.2908344188189662,0.9784451865805339,0.027257671835943513,0.0002124948160584411,0.0038980355800141793,0.06322345350201844,0.06850662078920557,3.089241956060952e-09,0.10899850854828777,2.6035920865679558e-05,0.00030622771205976234,0.0026592790101889778,0.0020124418247832116,4.536290482525375e-05,0.000670428884633545,0.016879517257400393,0.136145381069532,0.0005085436048980681,0.0005034131122701258,0.0008080439504406288,0.0024851457647023694,0.0009641375187465235,0.0004973425504707006,0.0014181705290161933,2.89526027824041e-07,0.0006603861569923272,5.805284189711866e-09,0.0003175268157683937,0.0004634450312495047,0.00033585356672370545,3.1319349430825205e-07,1.1209664190316697e-07,0.0008935309078815922,0.0003564165366067086,0.0005931724249679688,1.4518176165296713e-05,1.3489214435991097e-09,2.4295704435282415e-09,5.948369210112358e-05,6.155845029626442e-07,2.045606391320034e-06,1.7944878677269532e-07,1.4642179261186455e-08,8.794798868274815e-06,4.6966153666240155e-08,7.672349351961467e-11,8.044863459434351e-09,5.415433509883226e-06
2.5905574558476332e-06,0.47047330780777336,3.76,0.0,0.28863621892183305,0.9780289412254423,0.02775563819783804,0.00021672941788777647,0.003968475748289607,0.06325622120937807,0.06866092356422515,3.172334799463661e-09,0.11054704586454002,2.6768399950227734e-05,0.00031201730634795134,0.002735914601764297,0.0020306680324010673,4.647593667485648e-05,0.0006789832487362671,0.017118320806691633,0.13802952857441386,0.0005166523712424417,0.0005109783038890691,0.0008205231126634746,0.002535380428640674,0.0009865623650659563,0.0005130023823369581,0.0014644371599100553,2.9299164328856735e-07,0.0006880418003766218,5.989855698615327e-09,0.00032773318448474614,0.0004777506613018109,0.00034682039700243274,3.254326190277961e-07,1.156653552039205e-07,0.000921831436811054,0.00036888957378999594,0.0006109221702910956,1.5381556264249243e-05,1.4063030835353824e-09,2.47375213462102e-09,6.141687245442637e-05,6.620071154695612e-07,2.1128055504132525e-06,1.8619010749635916e-07,1.578283472019369e-08,9.357487800877767e-06,5.068018428031627e-08,7.956844023830147e-11,8.342689129663914e-09,5.650644735469862e-06
2.597444484518528e-06,0.4706652204565061,3.76,0.0,0.2864223230060954,0.9776055359215551,0.028261040614783958,0.00022107818678820381,0.004039802814407305,0.06328674667144554,0.06881571777440959,3.2570243441043836e-09,0.11210665013909805,2.751600329412578e-05,0.00031787486631975546,0.0028147232444125157,0.002048767806049634,4.7609136959212205e-05,0.0006875496383751917,0.01735847606429428,0.13992470595032286,0.0005248267186791441,0.0005185823153594356,0.0008331196099600213,0.0025864711280648546,0.001009481762226625,0.0005290561652160006,0.0015119698001470941,2.964540146622215e-07,0.0007167895305981771,6.179238681744176e-09,0.00033821614164351865,0.0004924047753365122,0.00035808926580305596,3.381210710661947e-07,1.1932782198104402e-07,0.0009509845395150762,0.00038176069403584657,0.0006292122142978122,1.6296082900174187e-05,1.4659531211239508e-09,2.5184003380364728e-09,6.343108250770454e-05,7.119575532026553e-07,2.181970987435769e-06,1.931625517194049e-07,1.7007183999154767e-08,9.95403947591904e-06,5.4670139352439637e-08,8.250765248838713e-11,8.650365185518362e-09,5.896248236392389e-06
2.604331513189423e-06,0.4708585417760689,3.76,0.0,0.2841930418697006,0.9771748880093849,0.028773923371621785,0.0002255441043377606,0.004112009125816637,0.06331501425052877,0.0689710455214524,3.3433003437807763e-09,0.11367706195969528,2.827871146477128e-05,0.0003237994280717384,0.0028957595435429753,0.002066733905442287,4.876252061818418e-05,0.000696124178521381,0.017599913102759296,0.14183048319654254,0.0005330642192378622,0.000526222594329652,0.0008458338299325955,0.002638427210278877,0.001032903628777532,0.0005455085057648463,0.001560790416072673,2.9991135651072025e-07,0.0007466673732169114,6.373504633590986e-09,0.00034898052718587333,0.0005074110178653352,0.00036966557490833267,3.5127339696075377e-07,1.2308549303362534e-07,0.00098100976603621,0.00039503995011199323,0.0006480569264288479,1.7264612570255862e-05,1.5279482493118574e-09,2.5635049409090407e-09,6.552967905250994e-05,7.656972719697056e-07,2.2531515952602303e-06,2.0037233342190235e-07,1.8320806807934188e-08,1.0586297073414815e-05,5.8954657895706836e-08,8.554350709707446e-11,8.968139607813286e-09,6.152684638453917e-06
2.6112185418603177e-06,0.47105324660280007,3.76,0.0,0.2819487010338515,0.9767369158044267,0.029294328199166494,0.0002301302088805485,0.004185085988738968,0.06334100883946354,0.06912695032321818,3.4311499919374074e-09,0.11525801127623943,2.905648513638134e-05,0.00032978995401642856,0.0029790790339732963,0.0020845591570477482,4.9936086029365805e-05,0.000704702872993294,0.017842558972285465,0.14374641448018857,0.0005413622996559334,0.0005338964937277263,0.0008586662371982566,0.0026912579389789734,0.0010568357994102248,0.0005623637640313613,0.0016109206819523564,3.033618369270922e-07,0.0007777143167934234,6.5727232804208e-09,0.0003600311291599128,0.0005227728024911712,0.00038155466733028797,3.649044841107794e-07,1.2693978838704027e-07,0.001011926792868508,0.0004087374974420628,0.0006674709079866998,1.8290142276537173e-05,1.592366870620433e-09,2.609055064965264e-09,6.771614153655772e-05,8.235059495631111e-07,2.3263971498830026e-06,2.0782573196709942e-07,1.9729598047614732e-08,1.1256187369503651e-05,6.355345132792054e-08,8.867839268427874e-11,9.296261485482514e-09,6.4204110118165395e-06
2.6181055705312125e-06,0.4712493085812058,3.76,0.0,0.27968964078931874,0.9762915387027356,0.02982229415978667,0.00023483959533769283,0.0042590236355607965,0.06336471588609485,0.06928347712485904,3.5205577796444113e-09,0.11684921742389409,2.9849264282272937e-05,0.000335845332705616,0.003064738172665794,0.0021022364647923994,5.112981456018305e-05,0.0007132816055100301,0.018086337678236517,0.14567203817976074,0.0005497182392775333,0.000541601272038543,0.000871617379620703,0.0027449724857215472,0.0010812860091421405,0.0005796260345088581,0.0016623819371222469,3.0680357848897357e-07,0.0008099703133323411,6.776962401015682e-09,0.0003713726754283168,0.0005384932957784667,0.00039376181729470984,3.790295602686372e-07,1.3089209393493225e-07,0.001043755406398625,0.0004228635863741437,0.0006874689861978279,1.9375814703088964e-05,1.6592890794773966e-09,2.6550390511689457e-09,6.999407517533247e-05,8.856825962666719e-07,2.401758317857746e-06,2.155290864826711e-07,2.1239780316517885e-08,1.1965723133722185e-05,6.848734733458202e-08,9.191470718422495e-11,9.634980632340223e-09,6.699901296744663e-06
2.6249925992021074e-06,0.4714467001253796,3.76,0.0,0.2774162162020711,0.975838677293257,0.030357857530403643,0.00023967541482028453,0.004333811192120507,0.06338612141816069,0.06944067230655333,3.6115055372453894e-09,0.11845038918193333,3.065696734728373e-05,0.00034196437889701705,0.003152794328766226,0.002119758821289301,5.234367014498791e-05,0.0007218561408270574,0.01833117016534991,0.1476068769818205,0.0005581291679190326,0.0005493340938489274,0.0008846878949579502,0.0027995799209879764,0.0011062618766201138,0.000597299126359865,0.0017151951396589377,3.102346596078192e-07,0.0008434762757838157,6.9862876353727125e-09,0.0003830098246813192,0.0005545754003286227,0.00040629221938794487,3.9366419191937597e-07,1.3494375772395245e-07,0.0010765154843322548,0.00043742855339721506,0.0007080662070225711,2.0524923596375603e-05,1.7287965944868962e-09,2.7014444273376214e-09,7.236721408200429e-05,9.525467599277585e-07,2.4792866348701863e-06,2.2348879046876596e-07,2.285791599806404e-08,1.2717005514997601e-05,7.37783331010952e-08,9.525484812696982e-11,9.98454717935491e-09,6.991646730699663e-06
2.631879627873002e-06,0.4716453924628041,3.76,0.0,0.27512879712149463,0.9753782534689835,0.030901051687846858,0.00024464087427340434,0.004409436646365206,0.06340521206789268,0.0695985836901313,3.703972379145373e-09,0.1200612248271605,3.147949047485913e-05,0.00034814583372306515,0.003243305773649326,0.0021371193184622377,5.357759888730225e-05,0.000730422126363126,0.018576974303902385,0.1495504379733879,0.0005665920641733046,0.000557092030468593,0.0008978785171761875,0.0028550892051077918,0.0011317708867659582,0.000615386543806733,0.0017693808210383426,3.136531154995385e-07,0.0008782740747870482,7.200762314790388e-09,0.0003949471577056764,0.0005710217382281361,0.00041915097787566783,4.088242824377706e-07,1.3909608654914531e-07,0.001110226977563283,0.00045244281238125466,0.0007292778277412229,2.1740919009316186e-05,1.8009727418208529e-09,2.7482579022215047e-09,7.483942431082509e-05,1.0244397398205108e-06,2.5590345343534576e-06,2.317112854354748e-07,2.4590919634679325e-08,1.3512226324896462e-05,7.944959925097291e-08,9.870120957957159e-11,1.0345211146003074e-08,7.296156265127286e-06
2.638766656543897e-06,0.47184535558519736,3.76,0.0,0.27282776813706716,0.9749101905462243,0.03145190699103214,0.00024973923586113196,0.004485886816869694,0.063421975097062,0.06975726054164377,3.797934333342895e-09,0.12168141223294786,3.231670670405243e-05,0.000354388365090578,0.0033363316676115226,0.0021543111589410356,5.483152868817327e-05,0.0007389750942722428,0.01882366488333424,0.15150221280067858,0.000575103753757169,0.0005648720608618091,0.00091119008332902,0.0029115091788193895,0.0011578203724967213,0.0006338914655704354,0.0018249590364794472,3.170569390992747e-07,0.0009144065318903695,7.42044726101074e-09,0.00040718916776408845,0.0005878346335323355,0.00043234309499493885,4.245260688788943e-07,1.433503421710343e-07,0.0011449098895026605,0.00046791684455113136,0.0007511193080506046,2.3027412801507466e-05,1.875902488737025e-09,2.795465380379897e-09,7.741470692733315e-05,1.1017259104774707e-06,2.641055275344084e-06,2.402030548675066e-07,2.6446069659575883e-08,1.4353670307749515e-05,8.55255821840661e-08,1.0225618856098301e-10,1.071722197629297e-08,7.613956983330327e-06
2.645653685214792e-06,0.47204655831270914,3.76,0.0,0.270513528544135,0.9744344133813773,0.03201045066688971,0.0002549738164209172,0.00456314732315584,0.06343639842158239,0.0699167535726713,3.893364377626441e-09,0.12331062895592068,3.3168465242974515e-05,0.00036069056826803115,0.003431932046915818,0.0021713276664755603,5.610536890943608e-05,0.0007475104635912323,0.019071153608405937,0.15346167781547887,0.000583660908419466,0.000572671072653582,0.000924623539874258,0.002968848553514657,0.001184417495767029,0.000652816724677244,0.0018819493171625965,3.2044408278777475e-07,0.0009519174119817771,7.64540058556586e-09,0.00041974025144782826,0.0006050160953817397,0.0004458734596008638,4.4078611858945173e-07,1.4770773756274687e-07,0.0011805842563258253,0.00048386118861472245,0.0007736063009766444,2.4388183906647534e-05,1.953672330038237e-09,2.8430519213237225e-09,8.009720094480621e-05,1.1847940494885627e-06,2.725403060398067e-06,2.489706171333314e-07,2.843102051084755e-08,1.5243717258415855e-05,9.203200738595882e-08,1.0592217183796727e-10,1.1100828051576984e-08,7.945594502950147e-06
2.6525407138856867e-06,0.47224896823513274,3.76,0.0,0.26818649225689756,0.9739508484956764,0.032576706693006205,0.00026034798664422625,0.004641202555971702,0.06344847063650569,0.07007711493769399,3.990232924487016e-09,0.12494854236958251,3.403459071070298e-05,0.0003670509665951738,0.0035301678074346407,0.002188162297262442,5.739901005765599e-05,0.0007560235426295084,0.019319349102782893,0.15542829428927452,0.0005922600448265989,0.0005804858634317675,0.0009381799496196802,0.003027115901382226,0.0012115692277667185,0.0006721647874157768,0.0019403706180607834,3.238124602985903e-07,0.0009908514123089223,7.875677493263744e-09,0.0004326046985988536,0.0006225678001811275,0.0004597468347842126,4.5762132444408945e-07,1.5216943283649813e-07,0.0012172701246044404,0.0005002864296571796,0.0007967546423492634,2.5827183866055473e-05,2.0343701386967613e-09,2.8910016971029543e-09,8.289118629308972e-05,1.2740587678878168e-06,2.812132879923451e-06,2.5802051859255413e-07,3.055381358721171e-08,1.6184844130103415e-05,9.899592993362897e-08,1.0970151312790021e-10,1.149627616548152e-08,8.291633379071202e-06
2.6594277425565815e-06,0.4724525517724177,3.76,0.0,0.26584708769981946,0.9734594242016188,0.033150695682729506,0.00026586517016241015,0.004720035649191018,0.0634581810407213,0.07023839822775979,4.0885068087152835e-09,0.12659480981275745,3.491488243736399e-05,0.0003734680124753713,0.003631100686660662,0.002204808650738713,5.8712323518333104e-05,0.0007645095319964786,0.019568156919183198,0.15740150865375754,0.000600897523846679,0.0005883131422737259,0.0009518604984100179,0.003086319645101449,0.00123928232828631,0.0006919377322576132,0.0020002412653616335,3.2715994794418375e-07,0.0010312541486458082,8.111330087882231e-09,0.00044578668221258546,0.0006404910739530773,0.00047396784530035705,4.7504889909226527e-07,1.5673653139824654e-07,0.0012549875284275393,0.0005172031874977345,0.0008205803392637876,2.7348542246804963e-05,2.118085364839633e-09,2.9392980630420936e-09,8.580108665142008e-05,1.3699620030681372e-06,2.9013004837548387e-06,2.6735932624115914e-07,3.282288860878906e-08,1.7179626957857656e-05,1.0644577498033301e-07,1.1359656616990889e-10,1.1903810985344842e-08,8.652657489794642e-06
2.6663147712274763e-06,0.47265727416171477,3.76,0.0,0.26349575768676164,0.9729600707300166,0.03373243477212029,0.0002715288425768528,0.004799628453253151,0.0634655196614,0.07040065846175371,4.188149656878776e-09,0.12824907874593505,3.580911380911585e-05,0.00037994008856808244,0.0037347932447817783,0.0022212604799794443,6.004516132273594e-05,0.0007729635278741634,0.019817479553560995,0.1593807527559937,0.0006095695503479935,0.0005961495314161995,0.0009656665015995824,0.0031464680471488516,0.0012675633243451636,0.0007121372289027421,0.002061578903842148,3.3048438638957815e-07,0.0010731721396412025,8.352407157836788e-09,0.00045929024838161226,0.000658786874905715,0.0004885409649279268,4.930863685735555e-07,1.6141007595070464e-07,0.001293756466307812,0.0005346221047571306,0.0008450995579189614,2.895657195832826e-05,2.2049088160489053e-09,2.9879235108669013e-09,8.883147218021947e-05,1.472974547734689e-06,2.9929625130509717e-06,2.7699361966462657e-07,3.52470941956105e-08,1.8230742650176547e-05,1.1441137700639172e-07,1.1760965722884453e-10,1.2323674476437188e-08,9.029270408442502e-06
2.673201799898371e-06,0.47286309946940946,3.76,0.0,0.2611329592689952,0.9724527203604075,0.034321937507358034,0.00027734253032903706,0.004879961509755416,0.06347047727832439,0.07056395207414146,4.289122230018031e-09,0.1299109869327097,3.6717031637212836e-05,0.00038646550913407047,0.003841308843631581,0.0022375117021698637,6.13973559479264e-05,0.0007813805255030789,0.020067216465825762,0.16136544415264154,0.0006182721731763264,0.0006039915681528756,0.0009795994106007889,0.003207569198985213,0.001296418488120433,0.0007327645171618718,0.002124400442578567,3.3378358296629226e-07,0.0011166527883578815,8.598953965382893e-09,0.00047311930591124033,0.000677455775856697,0.0005034705033923744,5.117515648545515e-07,1.661910442777663e-07,0.001333596876898553,0.000552553834232644,0.0008703286103966222,3.065577457850148e-05,2.2949325036621362e-09,3.036859627642345e-09,9.198706217654887e-05,1.5835976438923687e-06,3.08717646558223e-06,2.8692998278016804e-07,3.783569749649139e-08,1.934097065710079e-05,1.2292401631539343e-07,1.2174306510866668e-10,1.2756105292875888e-08,9.422095763541408e-06
2.680088828569266e-06,0.4730699906182541,3.76,0.0,0.2587591635647726,0.9719373075535881,0.0349192137325984,0.00028330980947881415,0.004961014027252017,0.06347304544811745,0.07072833690028847,4.3913818324617175e-09,0.13158016263560152,3.7638355557396616e-05,0.0003930425214853292,0.00395071162425041,0.0022535564089903,6.276872014245331e-05,0.0007897554229222152,0.020317264104695667,0.16335498642715404,0.0006270012854539597,0.0006118357068963712,0.0009936608194165795,0.0032696310100493683,0.0013258538141234478,0.0007538203858215152,0.0021887219997264486,3.3705531385006783e-07,0.0011617443618975075,8.85101205020722e-09,0.0004872776157736033,0.0006964979466539389,0.0005187605930292351,5.310626176429964e-07,1.7108034511704916e-07,0.0013745286140279262,0.0005710090258402409,0.0008962839407270901,3.2450845662328564e-05,2.3882497587597606e-09,3.0860871337278787e-09,9.527272766597879e-05,1.7023646200999617e-06,3.184000663012536e-06,2.9717499514660634e-07,4.059839294479546e-08,2.0513194544859628e-05,1.3201645326597707e-07,1.259990414358169e-10,1.3201338139805869e-08,9.831777589356544e-06
2.6869758572401608e-06,0.4732779093817298,3.76,0.0,0.2563748555411006,0.9714137690880519,0.03552426948047512,0.00028943430423941034,0.005042763858948711,0.06347321652809029,0.07089387215579487,4.494881879375607e-09,0.13325622484881366,3.857277747447771e-05,0.0003996693077479279,0.004063066481221908,0.0022693888768217014,6.415904681535656e-05,0.000798083025459716,0.02056751594352991,0.16534876956572753,0.0006357526251886329,0.0006196783215756041,0.0010078524710872355,0.0033326611964704647,0.0013558749956058662,0.0007753051513302668,0.0022545588455386346,3.402973260726681e-07,0.001208495966347239,9.108619014080899e-09,0.0005017687802239988,0.0007159131365661488,0.0005344151749390637,5.510379444609064e-07,1.7607881399045474e-07,0.0014165714202378546,0.0005899983125421716,0.0009229821092818444,3.4346679960550457e-05,2.484955186953636e-09,3.135585911503006e-09,9.869349381651504e-05,1.8298426289623555e-06,3.283494066571696e-06,3.0773522355263136e-07,4.3545311298467385e-08,2.175040330419676e-05,1.4172296064385128e-07,1.303798127471191e-10,1.365960311459085e-08,1.0258980650300302e-05
2.6938628859110556e-06,0.4734868164337334,3.76,0.0,0.2539805337872581,0.9708820441970875,0.036137106863882176,0.0002957196854673904,0.005125187482147255,0.06347098369983242,0.07106061841374806,4.599573337755134e-09,0.13493878353620337,3.9519961065577414e-05,0.0004063439867299678,0.0041784390360983135,0.0022850035765795062,6.556810895203463e-05,0.0008063580501871167,0.020817862519019605,0.16734617034330015,0.0006445217764741029,0.0006275157081700201,0.0010221762639397486,0.0033966672693456434,0.0013864874001572212,0.0007972186368498609,0.0023219253453435613,3.4350733986047146e-07,0.0012569575201869527,9.371808292409756e-09,0.00051659623195976,0.0007357006570088653,0.0005504379850756868,5.716962401497494e-07,1.8118720890562746e-07,0.0014597449001244672,0.0006095322960613579,0.0009504397766212562,3.634837653815014e-05,2.5851441653121245e-09,3.1853349066696575e-09,0.00010225454225713186,1.966634411396816e-06,3.385716359911017e-06,3.186172124285635e-07,4.66870266490836e-08,2.305569253838817e-05,1.5207935220876673e-07,1.3488751148007679e-10,1.4131125023270223e-08,1.0704390752160718e-05
2.7007499145819504e-06,0.47369667133352655,3.76,0.0,0.2515767102412214,0.970342074708626,0.03675772397187968,0.0003021696689051263,0.005208259980137814,0.06346634099220505,0.07122863757546946,4.705403371765094e-09,0.1366274399044663,4.047954134416986e-05,0.00041306461616329,0.004296895607607741,0.0023003951831517934,6.699565960151001e-05,0.000814575131049131,0.02106819148173531,0.16934655276683158,0.0006533041709663366,0.0006353440875746938,0.0010366342575832052,0.0034616565225787962,0.0014176960446319069,0.0008195601513926831,0.002390834901429663,3.4668305166143536e-07,0.0013071797227091973,9.640608957439153e-09,0.0005317632230811139,0.0007558593645034962,0.0005668325399656295,5.930564645362519e-07,1.8640620592604136e-07,0.0015040684924386976,0.0006296215316541356,0.0009786736856287992,3.8461243702495585e-05,2.688913239828543e-09,3.23531219312502e-09,0.0001059612131584782,2.1133801569694614e-06,3.490728013108279e-06,3.2982747464651344e-07,5.0034563345407205e-08,2.443226531249821e-05,1.6312300891668275e-07,1.3952423781776852e-10,1.4616122662720526e-08,1.1168715019106247e-05
2.7069482403857557e-06,0.4738863168756955,3.76,0.0,0.24940557865820287,0.9698490071609598,0.037322926131119545,0.00030811849463867325,0.005283558286349196,0.06346009787396475,0.07138099535994367,4.80157703456792e-09,0.13815210772155742,4.135343769163515e-05,0.0004191508176346026,0.004406198705688178,0.0023140526548550105,6.829604270981356e-05,0.0008219164640437982,0.021293377350775106,0.17114891068813173,0.0006612157519425672,0.0006423787463422935,0.00104976303038471,0.003520993313478256,0.0014462974534242034,0.000840032477622011,0.002454183069795386,3.495099431296842e-07,0.0013539275649740003,9.887347638285056e-09,0.0005457063548364128,0.0007743182412622222,0.0005819081993359048,6.128966889035207e-07,1.911983574385311e-07,0.0015449589816932364,0.0006481852583589578,0.0010047617799633754,4.046243473015365e-05,2.785446984796746e-09,3.2804681446642485e-09,0.00010942626712449603,2.254522760608732e-06,3.587673935412653e-06,3.402027340353507e-07,5.323280203298434e-08,2.5734862697467287e-05,1.7368208768722624e-07,1.438093084287425e-10,1.506431768681127e-08,1.1603380291434625e-05
2.713146566189561e-06,0.47407666559398093,3.76,0.0,0.24722756725193978,0.9693491781230955,0.03789441770849259,0.0003142064608068748,0.0053593406963239046,0.06345189550813264,0.07153448231398535,4.898583643978178e-09,0.13968108232630802,4.223674896596456e-05,0.0004252711210552407,0.00451810337748869,0.002327521704505357,6.961097730975029e-05,0.0008292024353511356,0.02151836980845756,0.17295267798232064,0.0006691306970494442,0.0006494001354592619,0.0010630040499512209,0.003581137188993086,0.001475388685751849,0.0008608492446459711,0.002518799435569683,3.523054595905278e-07,0.0014021811919993949,1.013866599334797e-08,0.0005599290860131109,0.000793074962701149,0.0005972898556815247,6.333352039107423e-07,1.9608094318573093e-07,0.0015868105285228313,0.0006672148356837316,0.0010315045258698437,4.2562321307425616e-05,2.885031070266784e-09,3.3257733757997302e-09,0.00011301785102691772,2.4048018850191893e-06,3.6869736971838356e-06,3.508538193999934e-07,5.661573461365902e-08,2.7100369450515616e-05,1.8485891778425552e-07,1.482019789456925e-10,1.5523749280318622e-08,1.2054502320758594e-05
2.719344891993366e-06,0.47426768584375706,3.76,0.0,0.24504307573547174,0.9688425511411868,0.038472188550337474,0.0003204363616815393,0.0054355860899454565,0.06344173139108739,0.07168914618575095,4.996377994159911e-09,0.14121405598909403,4.312914812535352e-05,0.0004314239931308947,0.004632659288900487,0.002340798909900787,7.094024212319407e-05,0.00083642898244657,0.021743081191160106,0.17475736640774692,0.0006770453682623992,0.0006564053564625331,0.0010763591755444612,0.00364209296622244,0.0015049725668923452,0.0008820087997870085,0.0025846915347863186,3.550678829494833e-07,0.0014519790443648696,1.0394575294725754e-08,0.0005744333679780693,0.0008121276842963894,0.000612979558972436,6.543863266794789e-07,2.0105426879902133e-07,0.0016296368448534765,0.0006867177987888492,0.0010589142235187237,4.4765226686426746e-05,2.9877373763270685e-09,3.3712100671456393e-09,0.00011674019463468766,2.564769693057482e-06,3.7886726381689114e-06,3.61785372280435e-07,6.019234905242694e-08,2.853134604616425e-05,1.966840818068944e-07,1.5270361355851197e-10,1.5994561417093252e-08,1.2522641863318026e-05
2.7255432177971715e-06,0.47445934532035056,3.76,0.0,0.24285251176195932,0.9683290918184514,0.03905622561807135,0.0003268110158303354,0.005512272399870624,0.06342960362982325,0.07184503550031036,5.094911531755139e-09,0.14275071601403674,4.403028856535579e-05,0.0004376078668183361,0.0047499164784048096,0.0023538810044871567,7.228360298870839e-05,0.0008435920028743651,0.021967422102974872,0.17656248061299773,0.0006849560338086006,0.0006633914698929058,0.0010898303859623864,0.0037038652884073798,0.0015350516260453162,0.0009035091033450706,0.002651866124896807,3.5779548674687524e-07,0.001503359980066825,1.0655083430860744e-08,0.0005892210058655557,0.0008314742226975313,0.0006289791787866314,6.760645112611265e-07,2.061185753891941e-07,0.00167345146096569,0.000706701611869329,0.0010870031771030694,4.707562278830114e-05,3.0936384020920167e-09,3.4167598933791476e-09,0.00012059763599491835,2.7350078139963987e-06,3.8928165754545855e-06,3.73001987886296e-07,6.397193706753948e-08,3.0030424323300335e-05,2.0918922884220747e-07,1.5731555937571038e-10,1.6476892186283133e-08,1.3008374215956054e-05
2.7317415436009767e-06,0.4746516110906974,3.76,0.0,0.24065629067778455,0.9678087679008093,0.03964651293663611,0.0003333332645941158,0.005589376607864511,0.06341551095387689,0.07200219952904056,5.194133848494115e-09,0.144290744961791,4.4939804043373674e-05,0.0004438211431446212,0.0048699253330406495,0.002366764881887171,7.364081299524742e-05,0.0008506873583555249,0.022191301468047955,0.17836751850024396,0.000692858870405617,0.0006703554976392884,0.001103419782292547,0.0037664586171668045,0.001565628080003148,0.0009253477175409547,0.0027203291496430337,3.6048653811065353e-07,0.0015563632459253468,1.0920194777719192e-08,0.0006042936519569175,0.0008511120469192583,0.0006452903954488047,6.983843375705722e-07,2.112740370445241e-07,0.0017182677071126793,0.0007271736576325164,0.001115783680978,4.949813252604763e-05,3.202806785533042e-09,3.4624039765272298e-09,0.00012459462207443746,2.9161285978208243e-06,3.999451682838857e-06,3.8450820889912887e-07,6.796409403987619e-08,3.160030718740921e-05,2.2240707684764368e-07,1.620390804255601e-10,1.6970873292693617e-08,1.3512289293578205e-05
2.737939869404782e-06,0.47484444961124234,3.76,0.0,0.2384548352703124,0.9672815493621836,0.04024303154426409,0.00034000597052448917,0.00566687474232092,0.06339945272698642,0.07216068825774428,5.293993236084324e-09,0.1458338208755189,4.585730863638956e-05,0.00045006219298387995,0.004992736563770447,0.0023794476002581555,7.501161262865038e-05,0.0008577108788370148,0.022414626584678056,0.18017197159435558,0.0007007499658284234,0.0006772944253389936,0.0011171295905175976,0.0038298772248018436,0.0015967038166599,0.000947521795884005,0.00279008570420277,3.6313929960864596e-07,0.0016110284481106244,1.1189910071577883e-08,0.0006196527991334254,0.0008710382698523981,0.0006619146912104198,7.213604999620057e-07,2.1652075832567615e-07,0.0017640986951233842,0.0007481412267307887,0.0011452680055358169,5.203753202100883e-05,3.3153151843333677e-09,3.5081228391824804e-09,0.00012873570931918574,3.108776374089078e-06,4.108624311197148e-06,3.963085185115899e-07,7.21787168895029e-08,3.324376821323183e-05,2.363714109576665e-07,1.6687534314466694e-10,1.7476629549201296e-08,1.4034991694375039e-05
2.7441381952085872e-06,0.47503782674982137,3.76,0.0,0.23624857551348422,0.9667474084899973,0.0408457594425314,0.0003468320158038948,0.005744741876553813,0.06338142895866103,0.07232055235407477,5.394434123531291e-09,0.14737961750843329,4.678239672091441e-05,0.0004563293589154727,0.0051184011805385995,0.002391926386547275,7.639572992515008e-05,0.0008646583665814515,0.022637303180029537,0.18197532541477995,0.0007086253215298966,0.0006842052048229136,0.001130962164059869,0.003894125186213438,0.001628280378160402,0.0009700280727658799,0.002861140000309361,3.657520312119001e-07,0.001667395522168262,1.1464226298249767e-08,0.0006352997743390836,0.0008912496399366223,0.0006788533414047458,7.450077956005402e-07,2.218587717196211e-07,0.0018109572999228853,0.0007696115071377136,0.001175468382900761,5.469875277961052e-05,3.4312368615676685e-09,3.553896493652652e-09,0.0001330255641764952,3.313628716279442e-06,4.220381084837989e-06,4.084073334620883e-07,7.662600120574063e-08,3.496365120262161e-05,2.511170791310725e-07,1.7182551447361645e-10,1.7994278364878743e-08,1.4577100759266095e-05
2.749716688432012e-06,0.47521229802113607,3.76,0.0,0.2342591949578695,0.9662607421369646,0.041393502829680615,0.00035310895827196556,0.005815116421261744,0.06336352756606489,0.07246564837719621,5.48528118777612e-09,0.14877288778598566,4.7621108795148384e-05,0.00046199074644498965,0.005233981360076318,0.0024029807793888064,7.765258744011555e-05,0.0008708426095991827,0.02283707849635739,0.1835969742327735,0.0007156963119967788,0.0006903982951522746,0.0011435184941073506,0.003952660651203904,0.0016571284712583883,0.0009905647072479833,0.002926201177715008,3.6806782563113323e-07,0.0017196142352610628,1.1715039097144432e-08,0.0006496291029014329,0.000909680686658407,0.0006943677799707313,7.668764831602426e-07,2.267410053671742e-07,0.0018540190919592498,0.0007893704271182664,0.0012032710146133911,5.720221124424813e-05,3.5385450079182278e-09,3.5951227032576084e-09,0.00013701757554338833,3.509018557453373e-06,4.323210494806006e-06,4.195550806972845e-07,8.083614840143285e-08,3.657929306731459e-05,2.650858725421106e-07,1.763789188629755e-10,1.847042109870745e-08,1.508211540033194e-05
2.7552951816554365e-06,0.4753871517936447,3.76,0.0,0.2322665997380604,0.965768431420919,0.04194623502119861,0.0003595145797779179,0.0058857493783273165,0.06334403556299874,0.07261193782989553,5.576510634443144e-09,0.15016785094534219,4.846529570111326e-05,0.00046767068026528686,0.0053519518715281385,0.002413866104730275,7.891978668376997e-05,0.0008769587581036799,0.02303618012042956,0.18521692869510142,0.0007227482161642989,0.0006965638269150146,0.0011561781747249477,0.004011873702313763,0.0016863837899190744,0.0010113644393454886,0.0029923179491158753,3.703485186249447e-07,0.0017732735592898038,1.1969565363320239e-08,0.0006641932277637637,0.0009283368681829908,0.0007101383240045709,7.893117520221835e-07,2.3169706873044987e-07,0.0018979324883738012,0.0008095473460524659,0.0012316723450087883,5.981228453025384e-05,3.6487301040226154e-09,3.636361376273255e-09,0.00014113751506865868,3.7154143832828415e-06,4.428205597900397e-06,4.309512484011002e-07,8.525109798249674e-08,3.8261366783845705e-05,2.797435079887692e-07,1.8102612428484043e-10,1.8956359569681306e-08,1.5603835363550566e-05
2.760873674878861e-06,0.4755623620544817,3.76,0.0,0.23027111707274836,0.9652704612846622,0.042503933498009815,0.0003660510149929301,0.005956620599845697,0.06332295433993662,0.0727594589097556,5.668077822308746e-09,0.1515642612480928,4.931462111006415e-05,0.00047336790146040354,0.005472350410942235,0.00242458070616982,8.019710440618023e-05,0.00088300371346122,0.02323453632425273,0.18683480292260732,0.000729777951816308,0.0007026995185584693,0.0011689431942625112,0.004071766867213895,0.0017160466721372,0.0010324239801381304,0.003059491413040078,3.725928452661581e-07,0.001828403153392172,1.222779465112064e-08,0.0006789927460277093,0.0009472150275570741,0.0007261654382201132,8.123245493180247e-07,2.3672682607799575e-07,0.0019427063071794514,0.0008301472462057178,0.0012606811489504596,6.253289753024016e-05,3.761845358155407e-09,3.6775968625439707e-09,0.00014538901379879164,3.9333844522124336e-06,4.53540087151647e-06,4.425988918090916e-07,8.987888953719334e-08,4.001208775993142e-05,2.951175535387149e-07,1.8576779480722972e-10,1.945216187922412e-08,1.6142742806997727e-05
2.766452168102286e-06,0.47573790245757114,3.76,0.0,0.22827307814152753,0.9647668184001248,0.04306657364517896,0.0003727204067751984,0.006027709319314863,0.06330028573641627,0.07290825015949444,5.7599369027728605e-09,0.15296187078981707,5.016873603196777e-05,0.00047908113771613934,0.005595214798581845,0.002435123046643406,8.148430978492451e-05,0.0008889743708580089,0.023432074520103957,0.18845020816102473,0.0007367823883082513,0.0007088030732974388,0.0011818156292137756,0.00413234252343838,0.0017461171864212848,0.0010537397431669784,0.003127722003707491,3.7479954445472284e-07,0.0018850328029403386,1.2489713776787105e-08,0.0006940281301193443,0.0009663117511385011,0.0007424494296750504,8.359258547520887e-07,2.418300883907153e-07,0.00198834916335236,0.0008511750143412228,0.0012903061358278903,6.536808112187945e-05,3.877943768991164e-09,3.7188132010944407e-09,0.00014977577509027776,4.163522140651245e-06,4.644830869779686e-06,4.5450100540189796e-07,9.472774642639879e-08,4.183371485578964e-05,3.112362394671398e-07,1.9060452498621613e-10,1.9957889938048292e-08,1.6699329538176648e-05
2.7720306613257105e-06,0.4759137463503115,3.76,0.0,0.22627281788834122,0.9642574912174887,0.04363412873128723,0.0003795249049345126,0.006098994156036955,0.0632760320463735,0.07305835043919498,5.85204077806062e-09,0.15436042966533164,5.1027278942327594e-05,0.00048480910461953737,0.005720582960246423,0.002445491710069653,8.278116460081901e-05,0.0008948676224468103,0.023628721306466892,0.1900627530532711,0.0007437583488130644,0.0007148721808954534,0.001194797644922169,0.004193602893310549,0.0017765951215690334,0.0010753078399148958,0.0031970094716753,3.769673603442755e-07,0.0019431923957548738,1.2755306756059459e-08,0.0007092997241971414,0.0009856233651461485,0.0007589904426840218,8.60126671342948e-07,2.470066120233099e-07,0.0020348694574330857,0.0008726354348627377,0.001320555939245474,6.832197284019104e-05,3.9970781064591385e-09,3.759994110212145e-09,0.0001543015744181701,4.406446741285693e-06,4.756530262915127e-06,4.666605187532279e-07,9.980607153178034e-08,4.372854948110232e-05,3.281284437058238e-07,1.9553684279959236e-10,2.0473599142853605e-08,1.7274096975186983e-05
2.777609154549135e-06,0.4760898667866442,3.76,0.0,0.2242706748154397,0.9637424700137861,0.04420656988988911,0.0003864666649323045,0.006170453120695868,0.06325019602312719,0.07320979889671243,5.944340940310351e-09,0.15575968614003752,5.188987593919923e-05,0.0004905505069868042,0.005848492907749138,0.0024556854028011566,8.408742343136072e-05,0.0009006803604942497,0.023824402516976276,0.19167204392240555,0.0007507026127806819,0.0007209045195117283,0.0012078914960972121,0.004255550038895288,0.0018074799764799337,0.0010971240756834568,0.003267352864874252,3.7909504380718806e-07,0.0020029118970375293,1.3024554744496243e-08,0.0007248077406403454,0.0010051459325652631,0.000775788453790645,8.849380156544959e-07,2.5225609739243946e-07,0.0020822753640743507,0.0008945331828607412,0.0013514391063338634,7.139881740106283e-05,4.11930091532105e-09,3.801123001352063e-09,0.00015897025906833293,4.662804268428195e-06,4.870533798804871e-06,4.790802924096011e-07,1.0512244199658821e-07,4.56989345460303e-05,3.4582367464166043e-07,2.0056521502578378e-10,2.0999338048495664e-08,1.7867556090655803e-05
2.7831876477725598e-06,0.47626623654339256,3.76,0.0,0.22226699076994,0.9632217469409017,0.04478386610277534,0.00039354784652883326,0.0062420636219536405,0.06322278088405739,0.07336263493660793,6.036787608049593e-09,0.15715938682591782,5.275614092502971e-05,0.0004963040402041814,0.005978982718704232,0.0024657029549157244,8.540283385801082e-05,0.0009064094805455707,0.02401904327170591,0.19327768506270854,0.0007576119185836037,0.0007268977575983624,0.0012210995271660146,0.004318185856953829,0.001838770950024927,0.0011191839458350743,0.003338750510043217,3.8118135384343985e-07,0.0020642213232842195,1.3297435982065308e-08,0.0007405522566177022,0.0010248752503717272,0.0007928432668080434,9.103709076142622e-07,2.575781876922152e-07,0.002130574820576761,0.0009168728171003456,0.0013829640867695835,7.460296709268972e-05,4.244664413886592e-09,3.8421829968421e-09,0.0001637857477287651,4.933268266066966e-06,4.986876234487102e-06,4.917631136547703e-07,1.1068560276641826e-07,4.774725328876696e-05,3.6435205146011246e-07,2.0569003870062947e-10,2.1535148039581573e-08,1.8480227340645914e-05
2.7887661409959844e-06,0.47644282813855404,3.76,0.0,0.2202621107244363,0.9626953160728807,0.045365984184941005,0.0004007706123843391,0.006313802474050746,0.06319379031498754,0.07351689818778717,6.129329768451547e-09,0.15855927686111726,5.3625675812681325e-05,0.0005020683915766758,0.006112090515706105,0.002475543321354749,8.672713668522355e-05,0.0009120518847153669,0.024212568030358254,0.19487927903705432,0.0007644829662649598,0.0007328495558389659,0.0012344241724633288,0.004381512073849607,0.0018704669309652627,0.001141482632417233,0.0034111999946076117,3.8322505899606505e-07,0.002127150715319174,1.3573925739600267e-08,0.0007565332107454238,0.0010448068470812976,0.0008101545079416078,9.364363599696895e-07,2.629724676571733e-07,0.0021797755154515557,0.000939658772980976,0.0014151392215517717,7.79388820368543e-05,4.373220428772818e-09,3.883156937017162e-09,0.0001687520299841467,5.218540615006858e-06,5.10559229817232e-06,5.047116921975341e-07,1.16504459441453e-07,4.987592798711553e-05,3.837442818616819e-07,2.1091163802136029e-10,2.2081063003496477e-08,1.9112640579098398e-05
2.794344634219409e-06,0.47661961384997936,3.76,0.0,0.2182563825514413,0.9621631734524263,0.045952888771426996,0.00040813712661133647,0.006385645905508933,0.06316322847424048,0.07367262846974637,6.2219151871049645e-09,0.15995910009314926,5.449807075862738e-05,0.000507842241688117,0.00624785444485789,0.002485205582891142,8.806006617202864e-05,0.0009176044850815277,0.024404900647512075,0.19647642698077444,0.0007713124203916245,0.0007387575691302822,0.0012478679562411819,0.004445530240404116,0.0019025664879325694,0.0011640150012165945,0.0034846981490692995,3.8522493884199503e-07,0.002191730110390111,1.3853996267155695e-08,0.0007727503998479801,0.001064935980664517,0.0008277216210075312,9.631453673560182e-07,2.6843846237690824e-07,0.0022298848770268683,0.0009628953554735446,0.0014479727315229115,8.141113030482202e-05,4.50502034375961e-09,3.9240273907243644e-09,0.00017387316570330224,5.519352337819122e-06,5.22671667845825e-06,5.179286558946112e-07,1.2258807060652244e-07,5.208741854245848e-05,4.040316368681278e-07,2.1623026288977748e-10,2.2637109003795427e-08,1.976533495626715e-05
2.7999231274428337e-06,0.4767965657341664,3.76,0.0,0.2162501567910891,0.9616253171364898,0.04654454230622743,0.0004156495532737198,0.006457569569006145,0.06313109999633797,0.07382986575730598,6.314490467025512e-09,0.16135859926603655,5.537290442521149e-05,0.0005136242657734567,0.006386312653592824,0.002494688946912756,8.940135027723042e-05,0.0009230642071113265,0.024595964430177718,0.19806872891263075,0.0007780969130607664,0.0007446194486093203,0.0012614334924808512,0.004510241726735998,0.001935067859507891,0.0011867755992781078,0.003559241029967145,3.8717978551332274e-07,0.0022579895132448496,1.4137616745887414e-08,0.0007892034758328348,0.0010852576368601762,0.0008455438627590465,9.905088949422127e-07,2.739756361568793e-07,0.0022809100621065084,0.0009865867320355938,0.0014814727056147523,8.502438787306637e-05,4.640115027673845e-09,3.964776670597362e-09,0.00017915328430901043,5.836464400788805e-06,5.350284006155854e-06,5.314165465266657e-07,1.289456393173484e-07,5.438422092440111e-05,4.252459226007522e-07,2.2164608499982886e-10,2.3203303953620493e-08,2.0438858799581315e-05
2.8055016206662584e-06,0.47697365564533906,3.76,0.0,0.21424378641223424,0.9610817472408553,0.04714090503332837,0.00042331005483269083,0.0065295485524235145,0.06309740999533252,0.07398865014384574,6.407001100087428e-09,0.1627575162112354,5.624974427143802e-05,0.0005194131350970667,0.006527503267787897,0.002503992748021794,9.075071091788112e-05,0.0009284279931289484,0.024785682197627303,0.19965578405264264,0.0007848330470619057,0.0007504328437235879,0.0012751234845023143,0.004575647717104472,0.0019679689444382685,0.001209758652902758,0.003634823903453529,3.8908840519392516e-07,0.0023259588662068657,1.4424753243421257e-08,0.0008058919426869057,0.0011057665278988132,0.0008636202983320956,1.0185378666585613e-06,2.795833914297975e-07,0.0023328579446988624,0.001010736925515458,0.0015156470888308456,8.87834384130037e-05,4.77855476465063e-09,4.005386846476395e-09,0.00018459658392688854,6.17066851094437e-06,5.476328816761354e-06,5.451778155740313e-07,1.3558650355785863e-07,5.676886547413642e-05,4.474194490386521e-07,2.2715919458401234e-10,2.377965729094821e-08,2.1133769476434108e-05
2.811080113889683e-06,0.47715085525513407,3.76,0.0,0.21223762656757625,0.9605324659836297,0.04774193498987502,0.0004311207905422371,0.006601557391049086,0.06306216406777143,0.07414902180312774,6.499391513919313e-09,0.16415559204184982,5.712814687126632e-05,0.0005252075183286959,0.0066714643682009135,0.002513116448455477,9.210786423992007e-05,0.0009336928058599147,0.024973976343316658,0.2012371911459297,0.000791517399162774,0.0007561954043392128,0.0012889407243709943,0.004641749204755785,0.002001267292016011,0.0012329580661346803,0.0037114412295304574,3.9094961961679265e-07,0.0023956680183216325,1.4715368672169194e-08,0.0008228151536023489,0.0011264570916422573,0.0008819497968230222,1.0472431530303963e-06,2.8526106772654104e-07,0.0023857351048413903,0.0010353498070640958,0.0015505036699940624,9.269317291260032e-05,4.92038918770374e-09,4.045839758720216e-09,0.00019020733041340206,6.522787905431412e-06,5.60488550751526e-06,5.592148199751995e-07,1.4252012580715608e-07,5.924391506906632e-05,4.70584995728337e-07,2.3276959765699095e-10,2.4366169657506892e-08,2.185063323887102e-05
2.8166586071131076e-06,0.4773281360728855,3.76,0.0,0.21023203434331877,0.9599774777275311,0.048347588001494454,0.00043908391479605417,0.006673570080948836,0.0630253682952848,0.07431102094976184,6.591605129160757e-09,0.1655525673497149,5.800765825935937e-05,0.0005310060829122547,0.006818233966249234,0.002522059638328349,9.347252090020664e-05,0.000938855632036758,0.025160768898794164,0.20281254879189856,0.0007981465235093717,0.0007619047828827998,0.0013028880920977009,0.004708546986768942,0.002034960092640398,0.001256367419757539,0.003789086646994869,3.9276226759725796e-07,0.002467146693623268,1.500942275102812e-08,0.0008399723082408324,0.001147323491153204,0.000900531027011362,1.0766355586338864e-06,2.9100794070948973e-07,0.002439547817545422,0.0010604290890715475,0.0015860500692807783,9.67585891249496e-05,5.0656672078585395e-09,4.086117033681608e-09,0.00019598985626088098,6.89367813058424e-06,5.735988301226217e-06,5.735298179056613e-07,1.497560818279151e-07,6.181196314866629e-05,4.947757743459806e-07,2.3847721288652323e-10,2.496283258192288e-08,2.259002504983414e-05
2.8222371003365323e-06,0.47750546946631545,3.76,0.0,0.20822736850359397,0.9594167890208734,0.0489578176798456,0.00044720157542624993,0.0067455600935298465,0.06298702924678486,0.07447468779832372,6.683584419147836e-09,0.16694818240511394,5.888781430479716e-05,0.0005368074964256113,0.006967849979129096,0.002530822035692504,9.484438635966116e-05,0.0009439134860337962,0.025345981599579567,0.20438145577843436,0.000804716955151882,0.0007675586365145926,0.0013169685546241046,0.004776041658907972,0.002069044168587999,0.001279979970824465,0.0038677529591460607,3.945252065807796e-07,0.0025404244585380347,1.5306871970952218e-08,0.0008573624501461667,0.0011683596147142369,0.0009193624532407228,1.10672580917713e-06,2.968232212691979e-07,0.0024943020418820416,0.0010859783181409153,0.0016222937255534545,0.00010098479083611289,5.214436942282916e-09,4.126200099744442e-09,0.00020194855937497524,7.284227808384808e-06,5.869671214340836e-06,5.881249646090947e-07,1.573040485916363e-07,6.447563159866628e-05,5.200253880202498e-07,2.4428186855933015e-10,2.5569628167412082e-08,2.3352528390268876e-05
2.827815593559957e-06,0.4776828266825293,3.76,0.0,0.20622398922984445,0.9588504086371454,0.049572575422468415,0.00045547591195408934,0.00681750039131018,0.06294715398026406,0.07464006252113731,6.775270971380814e-09,0.16834217735892437,5.97681411128821e-05,0.0005426104279287541,0.007120350204273913,0.0025394034864132855,9.622316118721875e-05,0.0009488634135302752,0.025529535952981203,0.20594351142077622,0.0008112252136969856,0.0007731546293305837,0.0013311851645869952,0.004844233610494308,0.0021035159650247028,0.0013037886527419267,0.00394743212030664,3.9623731417493677e-07,0.0026155306884422824,1.5607669564368686e-08,0.0008749844643145772,0.0011895590763130665,0.0009384423314706062,1.1375245382100792e-06,3.02706054688943e-07,0.0025500034102288226,0.001112000868112237,0.0016592418835038474,0.00010537698694496353,5.366745642530152e-09,4.166070203481022e-09,0.00020808790172021342,7.695359387977504e-06,6.005968021566601e-06,6.030023082786619e-07,1.6517379124515566e-07,6.723756849103058e-05,5.463677873757231e-07,2.50183299709667e-10,2.6186528785111997e-08,2.413873504643449e-05
2.8333940867833816e-06,0.47786017886934745,3.76,0.0,0.20422225785549383,0.9582783476130801,0.05019181041497943,0.0004639090537939391,0.006889363444895804,0.06290575004418193,0.07480718520476265,6.866605553259414e-09,0.16973429244690078,6.0648155454619805e-05,0.0005484135492954327,0.0072757722931607646,0.00254780396386116,9.76085413740136e-05,0.0009537024952117047,0.025711353307771835,0.20749831590459655,0.0008176678070733296,0.0007786904345902496,0.0013455410588572513,0.004913123019310441,0.0021383715412926574,0.0013277860759230524,0.004028115223205663,3.9789748967427585e-07,0.0026924945334133176,1.5911765478484824e-08,0.0008928370749312038,0.0012109152166060598,0.0009577687055121092,1.16904227347493e-06,3.086555198823804e-07,0.002606657217698873,0.0011384999331509008,0.0016969015806257892,0.00010994049034963048,5.522639621468908e-09,4.20570842677323e-09,0.00021441240783082776,8.128029879618429e-06,6.144912215103379e-06,6.181637859795284e-07,1.7337514914398164e-07,7.0100445679274e-05,5.738372232837381e-07,2.561811452526315e-10,2.6813496774499778e-08,2.4949244876976658e-05
2.8389725800068062e-06,0.4780374970969935,3.76,0.0,0.20222253659633627,0.9577006192851149,0.05081546963564472,0.000472503118412172,0.006961121251161656,0.0628628254784349,0.07497609580524568,6.957528180979543e-09,0.1711242681957331,6.15273652233448e-05,0.0005542155365228247,0.007434153724480369,0.002556023568421566,9.900021865705277e-05,0.0009584278504995848,0.025891354925625113,0.20904547063269546,0.0008240412354012698,0.000784163736965961,0.0013600394568506213,0.0049827098465417725,0.002173606562502022,0.0013519645290248784,0.004109792487271639,3.995046555941502e-07,0.0027713448832237557,1.62191063527753e-08,0.0009109188432812545,0.0012324211043705721,0.0009773394034605432,1.20128942291343e-06,3.1467062870730004e-07,0.002664268411775014,0.0011654785209167034,0.0017352796340403735,0.00011468071663600989,5.682164179425865e-09,4.245095704758451e-09,0.00022092666318470754,8.583231568218926e-06,6.286536961825963e-06,6.336112196222939e-07,1.8191802100892053e-07,7.30669562498201e-05,6.024681963019393e-07,2.6227494519239887e-10,2.7450484151979525e-08,2.5784665559423687e-05
2.844551073230231e-06,0.4782147523801022,3.76,0.0,0.20022518827706418,0.9571172393241418,0.05144349786236413,0.00048126020944276897,0.007032745352636208,0.06281838881490062,0.07514683410218491,7.047978191242315e-09,0.17251184563052693,6.240526991809894e-05,0.0005600150710149308,0.007595531776684832,0.0025640625268239024,0.00010039788085168003,0.0009630366412919498,0.02606946205421921,0.21058457857473936,0.0008303419949654293,0.0007895722348102197,0.0013746836586071068,0.0050529938317635265,0.002209216291456612,0.001376315980784861,0.004192453247883205,4.010577592029559e-07,0.0028521103316284115,1.652963550083198e-08,0.0009292281658443446,0.0012540695384573454,0.0009971520343379514,1.2342762603470618e-06,3.2075032535820846e-07,0.0027228415821716223,0.0011929394458294986,0.0017743826271961285,0.00011960318256358747,5.845363530016407e-09,4.284212844242946e-09,0.0002276353124380865,9.061992703594833e-06,6.430875060974992e-06,6.493463120066118e-07,1.9081234919978394e-07,7.613981183007948e-05,6.322954027819411e-07,2.684641379396282e-10,2.809743232846884e-08,2.664561231573458e-05
2.8501295664536555e-06,0.47839191569998174,3.76,0.0,0.19823057605431696,0.9565282257684435,0.05207583768210479,0.0004901824147612381,0.007104206858087702,0.06277244907754884,0.07531943965166651,7.137894316078862e-09,0.17389676648337868,6.328136115338181e-05,0.0005658108408363267,0.007759943499925738,0.0025719211912904145,0.00010180121219218804,0.0009675260757083288,0.026245596001914912,0.2121152446195051,0.0008365665822859047,0.0007949136424370931,0.0013894770426355935,0.0051239744879820835,0.002245195580944639,0.0014008320824714642,0.004276085946624833,4.0255577403582954e-07,0.0029348191399898495,1.684329289664797e-08,0.0009477632725804446,0.0012758530502541626,0.0010172039849583804,1.268012910844982e-06,3.268934858416471e-07,0.0027823809509458877,0.0012208853224467495,0.0018142168964660125,0.00012471350434365168,6.0122807255304495e-09,4.323040542735973e-09,0.00023454305751835022,9.565378164526151e-06,6.5779589016995334e-06,6.653706429462167e-07,2.0006810307715823e-07,7.932173975382816e-05,6.633536776428334e-07,2.747480577188617e-10,2.875427183701023e-08,2.7532707616497132e-05
2.85570805967708e-06,0.4785689580270956,3.76,0.0,0.1962390631366383,0.9559335990547171,0.052712429502817904,0.0004992718045186027,0.007175476464304658,0.06272501578211213,0.07549395173812308,7.227214760550974e-09,0.17527877340271625,6.415512319471776e-05,0.0005716015419327173,0.007927425687396579,0.0025796000385064064,0.00010320989367991137,0.0009718934118376124,0.026419678213910853,0.21363707592908493,0.000842711498278847,0.0008001856924141722,0.001404423063521118,0.005195651096741623,0.002281538866427728,0.0014255041709615138,0.004360678122593721,4.0399770139069743e-07,0.003019499200292102,1.716001516547871e-08,0.0009665222254155108,0.0012977639066703954,0.0010374924170286116,1.3025093357959957e-06,3.330989175380458e-07,0.002842890362879851,0.0012493185589683524,0.0018547885176643055,0.0001300173957054209,6.182957582037589e-09,4.3615594081674596e-09,0.00024165465557263174,1.0094490093663576e-05,6.727820418766926e-06,6.816856654786497e-07,2.0969526146327116e-07,8.261548008495971e-05,6.956779338326275e-07,2.811259320828438e-10,2.9420922071646948e-08,2.8446580863416406e-05
2.861286552900505e-06,0.47874585034373357,3.76,0.0,0.19425101250176643,0.9553333820470857,0.05335321156786464,0.0005085304291375191,0.007246524479058037,0.06267609893530915,0.07567040932518224,7.315877283136108e-09,0.17665761016305737,6.502603351930552e-05,0.0005773858793142012,0.008098014846096633,0.0025870996684141854,0.0001046236034380561,0.0009761359614805932,0.026591630349769003,0.21514968229447212,0.0008487732524976614,0.0008053861378611169,0.0014195252492931326,0.0052680227033069325,0.002318240159161329,0.0014503232724548344,0.004446216404802299,4.0538257181251096e-07,0.003106177997598724,1.7479735579451368e-08,0.0009855029169344963,0.0013197941136501084,0.0010580142644969332,1.3377753177036096e-06,3.393653588530621e-07,0.002904373276154757,0.001278241350884548,0.0018961032925086752,0.00013552066574631913,6.357434604449847e-09,4.399749979153528e-09,0.00024897491677035213,1.0650468500210518e-05,6.88049104603499e-06,6.982927021654258e-07,2.1970379423925694e-07,8.602378250150916e-05,7.293030985158677e-07,2.875968795507209e-10,3.00972910387449e-08,2.9387868049808606e-05
2.8668650461239295e-06,0.4789225636668424,3.76,0.0,0.1922667866117079,0.954727600064004,0.05399811997297025,0.0005179603172728362,0.007317320845229399,0.0626257090336158,0.07584885100557706,7.403819278715964e-09,0.1780330218748179,6.589356340093065e-05,0.0005831625681971324,0.008271747167035876,0.0025944208028336156,0.0001060420170724779,0.000980251093875386,0.026761374362193825,0.21665267649191539,0.0008547483674483903,0.0008105127547506819,0.001434787198553887,0.005341088111932391,0.0023552930397786847,0.0014752801068352414,0.0045326865057191525,4.0670944655967773e-07,0.0031948825720161736,1.7802384058034465e-08,0.001004703069289105,0.0013419354202200825,0.0010787662311623153,1.3738204447252806e-06,3.456914789613153e-07,0.0029668327533391445,0.0013076556747830172,0.0019381667350543634,0.0001412292165631799,6.535750911664743e-09,4.43759274578042e-09,0.0002565087019582112,1.1234491827224337e-05,7.036001668444412e-06,7.151929414937883e-07,2.301036431025772e-07,8.95494030425358e-05,7.642640460362693e-07,2.941599073760992e-10,3.078327512181657e-08,3.0357211398870293e-05
2.872443539347354e-06,0.47909906907097993,3.76,0.0,0.19028674712605112,0.954116280902958,0.05464708868572143,0.0005275634737390504,0.007387835166086794,0.0625738570615794,0.07602931495019404,7.490977863998003e-09,0.17940475519380492,6.675717851827484e-05,0.0005889303351009162,0.008448658494901796,0.002601564283912383,0.00010746480803760934,0.00098423623939737,0.026928832576940773,0.21814567463942156,0.0008606333829719876,0.00081556334420808,0.0014502125773665359,0.0054148458812273955,0.0023926906523703004,0.0015003650926857096,0.004620073215989683,4.0797741904281406e-07,0.003285639480225883,1.81278871734626e-08,0.0010241202333273675,0.0013641793230780921,0.001099744788556073,1.4106540949780755e-06,3.5207587764569373e-07,0.003030271452711721,0.0013375632823311638,0.0019809840581282707,0.00014714904066153494,6.717944161950149e-09,4.47506817092295e-09,0.0002642609201663428,1.1847777480333838e-05,7.194382573145367e-06,7.323874343913161e-07,2.4090470149702205e-07,9.319510072091649e-05,8.005955277172766e-07,3.008139094560505e-10,3.147875886092096e-08,3.1355258979526233e-05
2.8780220325707788e-06,0.47927533771134817,3.76,0.0,0.1883112546139794,0.9534994548628715,0.05530004956761902,0.000537341877407233,0.007458036731686407,0.06252055448967139,0.07621183885633782,7.57728996518837e-09,0.18077255853002747,6.761633958567896e-05,0.0005946879188964752,0.008628784297210201,0.0026085310724092703,0.00010889164800673505,0.0009880888932273131,0.027093927773726344,0.2196282965527858,0.0008664248606841298,0.0008205357348045382,0.0014658051159031397,0.00548929431962909,0.0024304256990912627,0.0015255683529638913,0.00470836040037599,4.0918561623357617e-07,0.003378474756650436,1.845616816122992e-08,0.001043751787951736,0.0013865170717255132,0.0011209461741077946,1.4482854206339807e-06,3.585170852351774e-07,0.0030946916199394606,0.0013679656944494036,0.002024560159791485,0.00015328621814055272,6.9040504787584036e-09,4.512156712046761e-09,0.0002722365259645792,1.2491582314638545e-05,7.355663399671778e-06,7.498770908614657e-07,2.521167937409571e-07,9.696363400555093e-05,8.383320985826197e-07,3.0755766439312407e-10,3.218361474779396e-08,3.238266429969645e-05
2.8836005257942034e-06,0.47945134084686847,3.76,0.0,0.1863406682654485,0.9528771547641252,0.05595693239869275,0.0005472974790741867,0.007527894546373649,0.06246581327167506,0.07639645989529704,7.662692407745754e-09,0.18213618225545944,6.84705030053051e-05,0.000600434071803211,0.008812159632963957,0.0026153222458142732,0.00011032220724579266,0.0009918066189792323,0.027256583268007957,0.22110016610052052,0.0008721193884629345,0.0008254277848408614,0.001481568604853459,0.0055644314809939,0.0024684904353289854,0.001550879721342179,0.004797530994953503,4.1033320004418707e-07,0.003473413874322479,1.878714693575366e-08,0.0010635949397119577,0.0014089396741467917,0.001142366389606944,1.4867233318295607e-06,3.6501356264370895e-07,0.0031600950801308958,0.0013988641956911706,0.0020688996098598787,0.00015964691365173906,7.094104377139025e-09,4.548838843443287e-09,0.0002804405166681032,1.3167203076521276e-05,7.519873088819968e-06,7.67662676747066e-07,2.6374965339550105e-07,0.00010085775717705291,8.775080410987191e-07,3.1438983372030385e-10,3.289770303786092e-08,3.344008587687554e-05
2.889179019017628e-06,0.4796270498632578,3.76,0.0,0.18437534560200924,0.9522494159661048,0.056617664904678594,0.0005574321993067782,0.00759737735735338,0.06240964584160588,0.07658321465930004,7.747122008023596e-09,0.18349537891038076,6.93191215395383e-05,0.0006061675603313374,0.00899881912084566,0.002621938996309784,0.00011175615498985653,0.00099538705227815,0.02741672299349537,0.22256091155704524,0.0008777135849755787,0.0008302373846167371,0.001497506891596214,0.0056402551603195,0.002506876665463499,0.0015762887492144642,0.004887567005599521,4.114193686733962e-07,0.003570481705528512,1.912074011128338e-08,0.0010836467226385223,0.0014314379030366203,0.0011640011999711785,1.5259764804163714e-06,3.715637015125452e-07,0.003226483230284053,0.0014302598288452322,0.002114006636513559,0.0001662373731301244,7.288138690926049e-09,4.585095078871664e-09,0.0002888779293921408,1.3875976797074795e-05,7.687039830152925e-06,7.857448106302299e-07,2.758129009160597e-07,0.00010488021656165142,9.18157286058338e-07,3.213089602993746e-10,3.3620871580221945e-08,3.4528186785977316e-05
2.8947575122410527e-06,0.4798024362960684,3.76,0.0,0.18241564218776157,0.9516162763821914,0.057282172786754175,0.000567747926264586,0.00766645368429533,0.062352065110162294,0.076772139107955,7.830515666595729e-09,0.18484990340792373,7.016164500238353e-05,0.000611887166166618,0.009188796906972243,0.002628382628577508,0.00011319315982144332,0.0009988279042789155,0.027574271585248156,0.22401016595348544,0.0008832041042344644,0.0008349624586814856,0.0015136238761352461,0.005716762889608819,0.0025455757392516577,0.0016017847133698627,0.004978449507806514,4.12443357912556e-07,0.0036697024823028326,1.9456861028123786e-08,0.0011039039983219928,0.0014540023025740993,0.0011858461323319383,1.5660532435800097e-06,3.7816582445845187e-07,0.003293857032147857,0.0014621533897757717,0.002159885113026996,0.00017306392029726037,7.48618450088526e-09,4.620905994568916e-09,0.0002975538379557219,1.4619281133827317e-05,7.857191008330173e-06,8.041239608780203e-07,2.883160206284548e-07,0.00010903374664864082,9.603133307416851e-07,3.283134669033219e-10,3.435295566667102e-08,3.5647634184456434e-05
2.9003360054644773e-06,0.47997747185364964,3.76,0.0,0.18046191134093406,0.9509777764921176,0.057950379753821626,0.0005782465135041625,0.007735091849937136,0.06229308446070593,0.07696326851427283,7.912810463054309e-09,0.18619951323645093,7.099752096853994e-05,0.0006175916869948642,0.009382126632241252,0.002634654557456033,0.00011463289004977444,0.0010021269651180286,0.027729154463208824,0.22544756742542943,0.0008885876401726768,0.0008396009680619296,0.0015299235068037082,0.005793951933887765,0.0025845785488659376,0.0016273566243316898,0.005070158647850419,4.134044424086186e-07,0.0037710997568493674,1.9795419784234157e-08,0.0011243634562430323,0.001476623195741603,0.001207896475447397,1.606961707356986e-06,3.848181854298394e-07,0.003362217005515145,0.0014945454225153679,0.0022065385446523996,0.00018013295293592763,7.688271064005134e-09,4.656252252579564e-09,0.0003064733496348847,1.5398534657453158e-05,8.030353148462734e-06,8.228004428424411e-07,3.012683370767307e-07,0.00011332106609728969,1.0040091545093173e-06,3.3540165499280335e-10,3.5093777900815656e-08,3.6799098814775025e-05
2.905914498687902e-06,0.48015212843999366,3.76,0.0,0.17851450384658404,0.9503339593516124,0.05862220755732274,0.000588929777768375,0.007803260011643493,0.06223271774477114,0.07715663741037437,7.993943752057921e-09,0.18754396865939207,7.182619549875287e-05,0.0006232799372638547,0.009578841399300422,0.002640756305454303,0.00011607501409012554,0.001005282107289803,0.0278812979160175,0.22687275955698974,0.0008938609312281155,0.000844150912463081,0.0015464097757401547,0.005871819287388579,0.0026238755266179666,0.0016529932353579306,0.005162673645341523,4.143019368823746e-07,0.0038746963619714315,2.013632327225073e-08,0.0011450216143573907,0.001499290692184441,0.0012301472794522907,1.6487096500798382e-06,3.91518970172653e-07,0.003431563221964625,0.0015274362146256804,0.002253970055689667,0.00018745093893706355,7.894425744116167e-09,4.6911146243616235e-09,0.00031564160176607666,1.621519708017089e-05,8.206551860543288e-06,8.4177441622235e-07,3.14678990799276e-07,0.00011774487363968044,1.04927713200049e-06,3.425717036965044e-10,3.5843148088348573e-08,3.798325448434191e-05
2.9114929919113266e-06,0.48032637817742035,3.76,0.0,0.17657376767091645,0.9496848705992615,0.059297576028565245,0.0005997994967644385,0.007870926193875949,0.062170979277104126,0.0773522795329885,8.073853260398374e-09,0.1888830329121726,7.264711387996115e-05,0.0006289507488805784,0.00977897373917412,0.002646689500126553,0.00011751920084239093,0.0010082912889377578,0.028030629184950254,0.2282853917205154,0.000899020764925765,0.0008486103324373383,0.001563086714141157,0.0059503616699109136,0.0026634566433960867,0.0016786830520972658,0.0052559727971826405,4.1513519729836835e-07,0.003980514371591786,2.0479475221962866e-08,0.0011658748199395515,0.0015219946966056712,0.0012525933559535687,1.6913045257821869e-06,3.982662968076276e-07,0.0035018952990682507,0.001560825792840243,0.002302182376776864,0.00019502441212006187,8.104673944025425e-09,4.725474014624797e-09,0.0003250637582008957,1.707076942255823e-05,8.385811782930578e-06,8.610458825948105e-07,3.285569135951803e-07,0.0001223078438865394,1.096148944129602e-06,3.4982166900493035e-10,3.660086314947364e-08,3.920077752311515e-05
2.9170714851347513e-06,0.4805001934290626,3.76,0.0,0.17464004767772243,0.9490305584605192,0.059976403118533264,0.0006108574069344325,0.007938058321524106,0.06210788383023325,0.07755022776885027,8.1524771848471e-09,0.19021647239586736,7.345972137868123e-05,0.0006346029718419403,0.009982555577582135,0.0026524558713146105,0.00011896512006798939,0.0010111525570525356,0.028177076547818217,0.22968511941130343,0.0009040639824474207,0.0008529773115179139,0.0015799583872958556,0.006029575523372783,0.002703311407845223,0.0017044143428925449,0.005350033482956306,4.1590362198199284e-07,0.004088575061447506,2.082477624826321e-08,0.0011869192506881378,0.0015447249176886975,0.0012752292784801783,1.7347534475966779e-06,4.050582165203205e-07,0.003573212395079648,0.0015947139190033456,0.0023511778324358606,0.00020285996782826328,8.319039039353206e-09,4.759311485351247e-09,0.00033474500561373556,1.796679411555295e-05,8.568156524919152e-06,8.806146831236466e-07,3.429108033449577e-07,0.00012701262304370668,1.1446554870915287e-06,3.5714948318676156e-10,3.736670705443923e-08,4.045234621912621e-05
2.922649978358176e-06,0.48067354682111185,3.76,0.0,0.17271368534743842,0.9483710737488089,0.06065860494014969,0.0006221052012222293,0.008004624254045432,0.06204344662857261,0.0777505141001126,8.229754290534816e-09,0.19154405686721926,7.426346400599834e-05,0.000640235474797336,0.010189618200988227,0.002658057248263692,0.000120412442764241,0.001013864050568013,0.028320569402661203,0.2310716045766595,0.0009089874831778007,0.0008572499783122324,0.0015970288894086102,0.006109457008563557,0.0027434288663160666,0.0017301751497214028,0.005444832171759473,4.1660665268055524e-07,0.004198898870046125,2.1172123904578717e-08,0.001208150916095558,0.0015674708775385245,0.0012980493832945976,1.7790631711799229e-06,4.1189271436504903e-07,0.0036455132041182084,0.0016291000863184867,0.0024009583289081628,0.00021096425830212357,8.537542314258284e-09,4.7926082799487e-09,0.00034469054966432435,1.8904855034464577e-05,8.75360860849839e-06,9.004804964527365e-07,3.577490984539082e-07,0.00013186182454746505,1.194826779604446e-06,3.645529544364588e-10,3.8140450783094964e-08,4.1738640232250854e-05
2.9282284715816006e-06,0.4808464112647825,3.76,0.0,0.17079501849932519,0.9477064698636557,0.06134409581295208,0.0006335445268409121,0.008070591820357138,0.06197768334206209,0.07795316954988765,8.305624009611512e-09,0.19286555962466645,7.505778929247336e-05,0.0006458471455418178,0.010400192222417781,0.0026634955566181215,0.0001218608415353515,0.001016424003347215,0.02846103835106667,0.23244451593866317,0.0009137882292157669,0.0008614265085510937,0.0016143023382166803,0.006190002002111017,0.002783797603609198,0.0017559532997615285,0.005540344430501023,4.1724377556590137e-07,0.004311505359970999,2.1521412741773966e-08,0.0012295656590837361,0.001590221921630815,0.0013210477705730363,1.8242400781995622e-06,4.1876771018357765e-07,0.0037187959518624994,0.0016639835159193244,0.0024515253423164065,0.00021934398783322322,8.760202899237239e-09,4.825345847485484e-09,0.0003549056110175684,1.9886577461892894e-05,8.942189409419784e-06,9.206428367910035e-07,3.7307995199249723e-07,0.00013685802462749336,1.246691868636562e-06,3.7202976676133123e-10,3.892185230934592e-08,4.3060339986621055e-05
2.9338069648050252e-06,0.4810187599779555,3.76,0.0,0.1688843810172639,0.9470368027857998,0.062032788310138275,0.0006451769830448985,0.0081359288544202,0.061910610079347804,0.07815822412803662,8.38002653992824e-09,0.1941807576900323,7.584214707121322e-05,0.0006514368914389024,0.010614307547085729,0.0026687728153035753,0.0001233099909591508,0.0010188307470496262,0.028598415280942577,0.23380352931000237,0.0009184632498393571,0.0008655051270894557,0.0016317828694106162,0.006271206093674555,0.002824405744538403,0.0017817364175658585,0.005636544933673873,4.1781452217555224e-07,0.00442641317962522,2.187253437250389e-08,0.0012511591579071047,0.0016129672292561356,0.001344218305960427,1.8702901599195732e-06,4.256810596391418e-07,0.0037930583917655386,0.0016993631537754318,0.0025028799071871283,0.0002280059077029633,8.987037711181417e-09,4.857505866954952e-09,0.00036539542122355394,2.091362797653665e-05,9.133919097664128e-06,9.411010521956108e-07,3.889112056131955e-07,0.00014200375780673926,1.3002787338806573e-06,3.7957748011571713e-10,3.9710656611319884e-08,4.4418126042142497e-05
2.93938545802845e-06,0.48119056650646247,3.76,0.0,0.1669821025796598,0.9463621310692487,0.0627245933079324,0.0006570041189110972,0.008200603231451997,0.061842243380507596,0.07836570677732911,8.45290294347733e-09,0.1954894319855361,7.661599026729641e-05,0.0006570036397723661,0.010831993337877927,0.002673891133302701,0.00012475956794874587,0.0010210827138718071,0.028732633448570324,0.23514832790225035,0.0009230096459133139,0.000869484109854757,0.0016494746308657795,0.006353064583376485,0.002865240956335787,0.0018075119378307537,0.005733407474610069,4.183184702889656e-07,0.004543640025504415,2.2225377540979075e-08,0.001272926928323371,0.0016356958244450196,0.00136755462250556,1.9172190009208052e-06,4.326305553661225e-07,0.003868297801803366,0.0017352376679444991,0.0025550226053706136,0.0002369568109104873,9.218061395872478e-09,4.8890702715151266e-09,0.00037616521846100506,2.1987714264978534e-05,9.328816577382753e-06,9.6185432305963e-07,4.052503633265977e-07,0.00014730151234802047,1.355614191257026e-06,3.871935307893353e-10,4.050659570799617e-08,4.581267844565387e-05
2.9449639512518745e-06,0.4813618047449671,3.76,0.0,0.16508850839394115,0.945682515830223,0.06341942003721637,0.0006690274311335583,0.008264582904700937,0.06177260020932747,0.07857564532009605,8.524195244324543e-09,0.1967913675057962,7.737877569169725e-05,0.0006625463380266879,0.011053277980730771,0.002678852706331157,0.0001262092521082624,0.0010231784391535365,0.028863627559762583,0.23647860262596904,0.0009274245942277158,0.0008733617857387982,0.0016673817766941765,0.006435572479483267,0.0029062904519195133,0.001833267118737983,0.005830904978223567,4.187552447361387e-07,0.004663202605089598,2.2579828198092365e-08,0.0012948643260318551,0.001658396587357714,0.0013910501229808412,1.9650317629945285e-06,4.3961392823538507e-07,0.0039445109817671685,0.001771605446181899,0.0026079535553935654,0.0002462035266950611,9.453286273094249e-09,4.920021272649081e-09,0.0003872202431479508,2.3110584853650526e-05,9.526899426398318e-06,9.829016608101606e-07,4.2210456522301143e-07,0.00015275372565765676,1.4127237957411755e-06,3.948752320562206e-10,4.130938872297893e-08,4.724467606233756e-05
2.950542444475299e-06,0.4815324489574116,3.76,0.0,0.16320391893613148,0.944998020732972,0.06411717613736635,0.0006812483618361683,0.008327835942713163,0.06170169794513546,0.07878806640550026,8.593846525763774e-09,0.19808635348450457,7.812996483780852e-05,0.0006680639540961151,0.011278189049955872,0.0026836598134212263,0.0001276587260818705,0.0010251165638419295,0.028991333849949775,0.237794052382038,0.0009317053517562988,0.0008771365384292846,0.001685508461126487,0.006518724496348255,0.0029475409940430694,0.001858989055849152,0.005929009515241712,4.191245181362326e-07,0.004785116600451688,2.293576958184e-08,0.0013169665493785066,0.001681058266120779,0.0014146979825903074,2.013733169247458e-06,4.4662884873499444e-07,0.004021694251108029,0.001808464593917782,0.002661672402280204,0.00025575291485883754,9.692722284534687e-09,4.95034138419057e-09,0.0003985657334238124,2.4284028758318785e-05,9.72818383537256e-06,1.0042419068224197e-06,4.394805612296832e-07,0.00015836277965689438,1.4716317438275098e-06,4.026197750899566e-10,4.211874197603085e-08,4.871479588806459e-05
2.956120937698724e-06,0.4817024737969857,3.76,0.0,0.1613286496959661,0.9443087119724249,0.06481776771222782,0.000693668296408045,0.008390330567018687,0.06162955437420014,0.07900299545755188,8.661801026423445e-09,0.1993741835554638,7.886902467862867e-05,0.0006735554764226494,0.01150675327355823,0.0026883148134203825,0.00012910767589530966,0.001026895836806185,0.029115690163018702,0.23909438434362187,0.0009358492598231366,0.0008808068081772531,0.0017038588322348955,0.006602515052627388,0.002988978900342882,0.0018846646965290665,0.006027692317922652,4.1942601156378754e-07,0.004909396632659482,2.329308230295574e-08,0.0013392286423259865,0.0017036694890909805,0.0014384911520685956,2.06332748845728e-06,4.5367292846572115e-07,0.004099843447342093,0.0018458129326110238,0.0027161783078771193,0.00026561185989661785,9.936376944646794e-09,4.980013446158643e-09,0.00041020692050758117,2.550987504857778e-05,9.932684546759187e-06,1.0258737315547866e-06,4.5738468499745656e-07,0.00016413099613231654,1.5323607759541462e-06,4.1042423015018295e-10,4.293434910290566e-08,5.022371234343171e-05
2.9616994309221485e-06,0.48187185432558527,3.76,0.0,0.15946301092801105,0.9436146582536651,0.06552109938815928,0.0007062885613663601,0.008452035190161385,0.06155618768070209,0.07922045662399524,8.72800423505338e-09,0.20065465590769183,7.959542846264857e-05,0.0006790199140635741,0.011738996498598038,0.0026928201414122156,0.00013055579128915386,0.001028515116995989,0.029236636028726868,0.24037931422820774,0.0009398537481664739,0.0008843710934967204,0.0017224370255079981,0.006686938269778837,0.0030305900492989097,0.0019102808548723841,0.0061269237972521005,4.1965949514005823e-07,0.005036056227082698,2.3651644435662266e-08,0.0013616454976864672,0.0017262187775252786,0.0014624223611726498,2.113818519718155e-06,4.607437217504506e-07,0.004178953925022703,0.0018836479984885037,0.002771469941716747,0.000275787264939904,1.0184255294631878e-08,5.00902064834458e-09,0.00042214902393721785,2.678999232501096e-05,1.0140414793659128e-05,1.0477956339093346e-06,4.758228280133586e-07,0.00017006063207682852,1.5949320792267782e-06,4.182855480445488e-10,4.3755891203935404e-08,5.1772096550321596e-05
2.967277924145573e-06,0.4820405660327196,3.76,0.0,0.15760730740923454,0.9429159307682107,0.06622707437406701,0.000719110422251384,0.008512918453994834,0.0614816164372875,0.0794404727261948,8.7924029837217e-09,0.2019275734343106,8.030865650645229e-05,0.0006844562966894738,0.01197494365664791,0.0026971783050672845,0.00013200276604308456,0.0010299733754369949,0.029354112738517044,0.2416485665591632,0.0009437163388886519,0.0008878279527930376,0.0017412471572897442,0.006771987970857403,0.003072359887120541,0.0019358242271058563,0.006226673561608951,4.198247885473704e-07,0.005165107779681243,2.4011331613428902e-08,0.0013842118606140813,0.001748694558634082,0.0014864841225669554,2.1652095774159893e-06,4.6783872735628924e-07,0.0042590205552846955,0.0019219670416772722,0.002827545472453765,0.00028628604552320653,1.0436359859702355e-08,5.037346553594369e-09,0.0004343972466958656,2.8126288106857857e-05,1.0351386238693457e-05,1.0700059408219166e-06,4.948004140378101e-07,0.00017615387503316682,1.659365190790924e-06,4.262005618694672e-10,4.458303702174147e-08,5.336061559189257e-05
2.9728564173689978e-06,0.48220858485384094,3.76,0.0,0.15576183820346373,0.9422126031671005,0.0669355945233504,0.0007321350815586052,0.008572949268163587,0.06140585959521357,0.07966306521014825,8.854945539153059e-09,0.20319274387495098,8.100819698203064e-05,0.0006898636745139962,0.012214618729398833,0.0027013918809314914,0.00013344829829046984,0.0010312696970571696,0.0294680634195577,0.24290187491628687,0.000947434650281246,0.000891176005916569,0.0017602933180949883,0.006857657679614032,0.003114273435567631,0.001961281407436449,0.006326910436885353,4.1992176146472775e-07,0.005296562524371019,2.4372017129610275e-08,0.0014069223323532134,0.0017710851789933778,0.001510668736102128,2.2175034765734585e-06,4.749553903278521e-07,0.004340037725964756,0.0019607670257362213,0.002884402559907971,0.0002971151231812297,1.0692690609774245e-08,5.064975120729734e-09,0.00044695677023092454,2.9520708128226208e-05,1.0565608913013845e-05,1.0925028070853807e-06,5.143223739672052e-07,0.00018241283845220314,1.725677902211842e-06,4.341659890321421e-10,4.541544314834925e-08,5.49899317569775e-05
2.9784349105924224e-06,0.4823758871880554,3.76,0.0,0.1539268964331483,0.9415047515307841,0.06764656039767185,0.0007453636767128067,0.008632096848687518,0.06132893647409664,0.07988825409875314,8.915581691942575e-09,0.20444997995142133,8.169354669679918e-05,0.0006952411181569228,0.012458044714469617,0.0027054635106596404,0.00013489209082257882,0.0010324032823381896,0.02957843310683726,0.2441389821748461,0.0009510064005147759,0.0008944139356384794,0.0017795795658148339,0.006943940619910383,0.0031563153007139497,0.0019866389043137187,0.006427602488042899,4.199503339230083e-07,0.005430430501555424,2.4733572042825907e-08,0.0014297713742381073,0.0017933789182898348,0.0015349682934856473,2.2707025186048422e-06,4.820911039298992e-07,0.004421999342300415,0.002000044627592887,0.00294203834774632,0.0003082814188861959,1.0953244923731823e-08,5.091890727050918e-09,0.0004598327493724918,3.0975235541101835e-05,1.0783091155578916e-05,1.115284215408915e-06,5.343931212243061e-07,0.00018883955707858964,1.7938861652298254e-06,4.421784335554371e-10,4.6252754261893487e-08,5.666070176994514e-05
2.984013403815847e-06,0.4825424499151895,3.76,0.0,0.15210276905883502,0.9407924543358284,0.0683598713324599,0.0007587972780890082,0.008690330756564897,0.0612508667512741,0.08011605794545394,8.974262843384028e-09,0.20569909949640233,8.236421186431331e-05,0.00070058771844242,0.012705243591475937,0.002709395897201854,0.00013633385138179605,0.00103337344878652,0.029685168813142614,0.24535964073262145,0.0009544294111826503,0.0008975404890455798,0.0017991099188255405,0.0070308297154578515,0.0031984696826576134,0.0020118831570729626,0.006528717042082649,4.1991047657821575e-07,0.0055667205279102605,2.5095865286927155e-08,0.001452753311938515,0.0018155640033715456,0.0015593746833425172,2.3248084775206215e-06,4.892432116971778e-07,0.004504898828208801,0.0020397962378900032,0.0030004494568357637,0.0003197918463351934,1.1218017557398694e-08,5.11807819036486e-09,0.0004730303071581133,3.2491890023637456e-05,1.1003839552831198e-05,1.138347976715949e-06,5.550165277799231e-07,0.00019543598237652506,1.864003999265369e-06,4.5023438866621135e-10,4.7094603393002974e-08,5.837357600714911e-05
2.9895918970392717e-06,0.48270825041217713,3.76,0.0,0.15028973666673967,0.9400757924184573,0.06907542550405145,0.0007724368870851843,0.008747620936308514,0.06117167045079297,0.08034649378939385,9.030942089656116e-09,0.20693992557494964,8.301970886368105e-05,0.000705902586134629,0.012956236288416387,0.0027131918009505275,0.0001377732929432363,0.0010341796322193037,0.029788219596755514,0.24656361272450453,0.0009577016106893319,0.0009005544788513629,0.0018188883490152777,0.007118317589890046,0.003240720386180291,0.0020370005529239455,0.0066302207124028,4.1980221090154096e-07,0.005705440167507876,2.5458763785383534e-08,0.0014758623399454122,0.0018376286225757115,0.0015838795966625766,2.3798225866215804e-06,4.964090095890131e-07,0.004588729128145042,0.0020800179617453604,0.003059631979297338,0.0003316533050980287,1.1487000615340414e-08,5.143522790482983e-09,0.00048655452957123386,3.407272679244488e-05,1.1227858878912755e-05,1.1616917306824738e-06,5.761959009097689e-07,0.000202203978008606,1.9360434010537196e-06,4.583302396667798e-10,4.794061222085208e-08,6.012919770116055e-05
2.9951703902626963e-06,0.4828732665687439,3.76,0.0,0.14848807326478625,0.9393548489349501,0.06979311999837323,0.0007862834342516585,0.00880393775432765,0.061091367932037406,0.08057957711219463,9.085574303117013e-09,0.20817228659860057,8.365956498568937e-05,0.0007111848516130418,0.013211042648433995,0.002716854035855472,0.00013921013398420022,0.0010348213878606607,0.029887536626704583,0.24775067022422317,0.0009608210374730892,0.0009034547846205399,0.001838918774743527,0.007206396567176978,0.00328305083235408,0.0020619774442483456,0.00673207942451387,4.1962560928528103e-07,0.005846595704364194,2.5822132569907335e-08,0.0014990925262900886,0.0018595609403032952,0.0016084745326301476,2.4357455257217853e-06,5.03585748245879e-07,0.0046734827095387035,0.0021207056199274736,0.003119581473290629,0.000343872673636637,1.176018352661415e-08,5.168210290133473e-09,0.0005004104602011568,3.571983551787171e-05,1.1455152036559431e-05,1.1853129465170645e-06,5.979339607903132e-07,0.00020914531538086074,2.0100142567914865e-06,4.664622670881555e-10,4.87903913987638e-08,6.192820213404975e-05
3.000748883486121e-06,0.4830374768023576,3.76,0.0,0.146698046087462,0.9386297093189294,0.07051285088105924,0.0008003377774820421,0.008859252037068041,0.061009979878009345,0.08081532179648487,9.138116210465067e-09,0.20939601643190262,8.428331916368466e-05,0.0007164336644903827,0.013469681397012705,0.0027203854655148546,0.00014064409874094794,0.0010352983912445299,0.02998307324541477,0.24892059543279724,0.000963785843054108,0.0009062403539045989,0.0018592050537483806,0.007295058672388716,0.003325444071091999,0.002086800166167559,0.00683425844307748,4.193807950638656e-07,0.005990192116489853,2.6185834903122427e-08,0.001522437817489218,0.0018813491118094864,0.0016331508048306313,2.4925774089392857e-06,5.107706353448722e-07,0.0047591515658054135,0.002161854750448454,0.0031802929585562217,0.0003564568022076476,1.2037553024570877e-08,5.192126955234147e-09,0.000514603094832735,3.743533914151262e-05,1.1685719998816397e-05,1.2092089239832713e-06,6.202328190369182e-07,0.00021626166926714792,2.0859242571791814e-06,4.746266501227209e-10,4.964354090914308e-08,6.377121582104857e-05
3.0063273767095456e-06,0.48320086007242,3.76,0.0,0.14491991540981666,0.9379004612355784,0.07123451326889835,0.0008146007002705398,0.008913535108820994,0.06092752728327655,0.08105374008629472,9.188526467532106e-09,0.21061095449119865,8.489052268727848e-05,0.0007216481931759614,0.01373217010966926,0.0027237889992494696,0.00014207491745231438,0.0010356104389207057,0.030074785028601645,0.2500731808533611,0.0009665942948992039,0.0009089102032861011,0.001879750976017388,0.007384295632815555,0.0033678827946349897,0.002111455054341093,0.006936722400230944,4.190679424494486e-07,0.006136233051523697,2.6549732405070624e-08,0.0015458920437078482,0.0019029812981777297,0.0016578995478276227,2.5503177730927102e-06,5.179608380507159e-07,0.004845727219929369,0.0022034606105743805,0.0032417609127421442,0.0003694125056602151,1.2319093130804576e-08,5.215259574473129e-09,0.0005291373759744212,3.9221392595487216e-05,1.1919561751721604e-05,1.2333767946644154e-06,6.430939582863843e-07,0.000223554613526129,2.1637788157427927e-06,4.828194703329463e-10,5.049965044741285e-08,6.565885568599061e-05
3.0119058699329703e-06,0.4833633958936812,3.76,0.0,0.14315393437091328,0.93716719453284,0.07195800140250058,0.0008290729100403791,0.008966758829112796,0.06084403144160288,0.0812948425494315,9.236765730485483e-09,0.21181694583552244,8.548073989698964e-05,0.0007268276243877145,0.013998525180201485,0.0027270675881678154,0.00014350232658972846,0.0010357574489612894,0.03016262984226317,0.2512082294520172,0.0009692447790948763,0.0009114634193296518,0.0019005602566379942,0.007474098879450995,0.003410349351965241,0.002135928462954554,0.007039435325156225,4.1868727638179673e-07,0.0062847208040238585,2.6913685183337007e-08,0.0015694489241315748,0.0019244456814440977,0.001682711724103042,2.6089655667411315e-06,5.251534855586247e-07,0.00493320072861116,0.0022455181792523345,0.003303979268538505,0.00038274655614170224,1.2604785143331868e-08,5.237595478145967e-09,0.000544018187333673,4.1080181423308044e-05,1.2156674238107115e-05,1.2578135234702082e-06,6.665182129242337e-07,0.0002310256169240001,2.2435809908146266e-06,4.910367156317251e-10,5.135829983451555e-08,6.759172822998746e-05
3.017484363156395e-06,0.4835250643488495,3.76,0.0,0.14140034880701421,0.936430001189647,0.07268320872007006,0.0008437550365480337,0.009018895629585216,0.06075951393327686,0.08153863804194668,9.282796723225744e-09,0.21301384124948045,8.605354885797937e-05,0.0007319711626163725,0.014268761789554742,0.0027302242212292886,0.00014492606907324542,0.001035739461265347,0.03024656789662809,0.25232555480442415,0.0009717358028209726,0.0009138991594376903,0.001921636528643904,0.00756445954884313,0.0034528257641324965,0.0021602067828550716,0.007142360674848145,4.182390722924776e-07,0.006435656294488027,2.7277551966564335e-08,0.0015931020725385295,0.001945730479837908,0.0017075781313517385,2.668519139903568e-06,5.323456717250671e-07,0.005021562686973986,0.0022880221599521525,0.0033669414116426345,0.0003964656757242449,1.2894607629073666e-08,5.259122556199562e-09,0.0005592503482490824,4.30139203024646e-05,1.2397052302670562e-05,1.2825159103839631e-06,6.905057510546961e-07,0.0002386760390760862,2.3253314115486746e-06,4.992742845288616e-10,5.221905945743413e-08,6.957042869485808e-05
3.0230628563798196e-06,0.4836858461003813,3.76,0.0,0.13965939709476347,0.9356889752612493,0.0734100279321677,0.0008586476303678087,0.009069918550278567,0.060673996612154515,0.08178513367480164,9.326584300778577e-09,0.214201497318014,8.660854201109206e-05,0.0007370780295453925,0.014542893875368538,0.002733261921312748,0.0001463458944732453,0.0010355566376601478,0.030326561796926943,0.25342498122785045,0.000974065996617816,0.0009162166526094904,0.0019429833358739817,0.007655368485319205,0.0034952937404768678,0.002184276459791079,0.007245461366033236,4.177236557835992e-07,0.0065890390501708385,2.7641190241116032e-08,0.001616845003061212,0.0019668239631037403,0.0017324894101209823,2.728976234493404e-06,5.395344577821924e-07,0.0051108032338200915,0.0023309669839198,0.0034306401795749833,0.0004105765289656279,1.3188536420698374e-08,5.279829275435102e-09,0.0005748386080889273,4.502485146915994e-05,1.26406886384703e-05,1.3074805924485436e-06,7.15056057808429e-07,0.000246507126520262,2.409028208338696e-06,5.075279906371956e-10,5.3081490737077286e-08,7.159554022288403e-05
3.0286413496032442e-06,0.4838457224014328,3.76,0.0,0.13793131000460207,0.9349442128217057,0.07413835109734607,0.0008737511614612391,0.009119801275229055,0.06058750159243347,0.08203433478283342,9.368095508492242e-09,0.21537977649295645,8.71453267994736e-05,0.0007421474634304943,0.01482093410226566,0.0027361837412974974,0.00014776155919749687,0.001035209261797953,0.0304025765908588,0.2545063438984667,0.0009762341164402375,0.0009184152001019689,0.001964604125860518,0.007746816243587293,0.003537734695728441,0.0022081240127125425,0.007348699808187214,4.1714140222158746e-07,0.006744867187762152,2.8004456390637057e-08,0.0016406711361275903,0.0019877144678693685,0.001757436051784227,2.7903339755016988e-06,5.467168751314197e-07,0.005200912057427925,0.0023743468138381543,0.0034950678613638506,0.0004250857154182668,1.3486544617873663e-08,5.299704695824256e-09,0.0005907876406261674,4.7115243045954367e-05,1.288757373499899e-05,1.3327040459885287e-06,7.401679200794749e-07,0.00025452000893496886,2.4946669479978883e-06,5.157935674308038e-10,5.394514662276482e-08,7.36676330145135e-05
3.034219842826669e-06,0.48400467510595757,3.76,0.0,0.1362163105646264,0.9341958119036237,0.07486806969853474,0.0008890660178356034,0.009168518167293483,0.060500051235175614,0.08228624489611745,9.407299636865144e-09,0.21654854715132252,8.766352626910889e-05,0.0007471787184427902,0.015102893832946232,0.002738992760163613,0.0001491728266633327,0.0010346977388479297,0.030474579812634905,0.2555694889536805,0.0009782390454926059,0.000920494175991154,0.0019865022427638475,0.007838793091718163,0.003580129767960844,0.0022317360520870875,0.007452037937595779,4.1649273624675713e-07,0.006903137397985615,2.8367205838253094e-08,0.001664573804570355,0.0020083904130236375,0.0017824084068375327,2.8525888629619724e-06,5.538899282114248e-07,0.005291878401879403,0.002418155547889858,0.0035602161981147388,0.000439999762100402,1.3788602592960992e-08,5.318738485895101e-09,0.0006071020384001877,4.9287387273394774e-05,1.3137695827991253e-05,1.3581825890654517e-06,7.658394127788472e-07,0.00026271569551434393,2.5822405740476605e-06,5.240666732467106e-10,5.4809572112441164e-08,7.578726348568612e-05
3.0397983360500935e-06,0.4841626866779388,3.76,0.0,0.13451461393507716,0.933443872435221,0.07559907472005511,0.0009045925042957031,0.009216044302115426,0.06041166813459623,0.08254086571381919,9.444168271842692e-09,0.21770768364528553,8.816277964169518e-05,0.0007521710639796581,0.015388783100148823,0.0027416920791183417,0.0001505794674547273,0.001034022594983368,0.030542541523488915,0.2566142735793567,0.0009800797958395943,0.0009224530276333969,0.0020086809203704002,0.00793128901450951,0.0036224598373727148,0.002255099298187003,0.007555437252400367,4.157781311996877e-07,0.007063844932172344,2.8729293191139747e-08,0.001688546259892692,0.0020288403150679163,0.0018073966935060535,2.9157367647274796e-06,5.61050597435521e-07,0.005383691073905392,0.002462386824215802,0.0036260763844777346,0.0004553251159438914,1.4094678001174136e-08,5.33692093714677e-09,0.000623786307075863,5.154359864703715e-05,1.3391040851121542e-05,1.383912384162305e-06,7.920678866874335e-07,0.00027109507151266976,2.6717393524494266e-06,5.323428965205054e-10,5.5674304797638986e-08,7.795497342649152e-05
3.045376829273518e-06,0.4843197401997444,3.76,0.0,0.13282642729361857,0.932688496174811,0.07633125672513985,0.0009203308412928818,0.009262355501148808,0.060322375104137946,0.08279819708061943,9.47867534043745e-09,0.21885706634382093,8.864274285834843e-05,0.0007571237839476226,0.01567861057954075,0.0027442848177551124,0.00015198125946411776,0.0010331844766650086,0.03060643434855173,0.2576405660818043,0.0009817555097881283,0.0009242912760256507,0.002031143275171328,0.008024293717233807,0.0036647055458678877,0.0022782005993017894,0.007658858848567477,4.149981084656659e-07,0.007226983590859576,2.9090572387185862e-08,0.0017125816786784447,0.002049052803404541,0.0018323910066470263,2.9797729100902624e-06,5.681958421931976e-07,0.0054763384502364435,0.002507034025761708,0.003692639071023785,0.00047106813623320847,1.4404735795209679e-08,5.354242977454368e-09,0.0006408448598107436,5.388621196160159e-05,1.3647592389748483e-05,1.4098894410928841e-06,8.188499579856823e-07,0.0002796588949699815,2.7631508230976994e-06,5.406177612452955e-10,5.653887543211051e-08,8.017128916291372e-05
3.050955322496943e-06,0.4844758193795954,3.76,0.0,0.13115194973153957,0.9319297866428015,0.07706450593383242,0.0009362811638750569,0.00930742836365673,0.06023219516234803,0.08305823696579312,9.510797151542396e-09,0.21999658166601388,8.91030890927282e-05,0.0007620361760216115,0.015972383563598817,0.0027467741102514876,0.00015337798801885182,0.0010321841497218794,0.030666233509998687,0.2586482459444457,0.000983265461036649,0.0009260085160643894,0.0020538922995388354,0.008117796629770078,0.0037068473174020427,0.0023010269498308076,0.007762263456717458,4.141532367387028e-07,0.007392545714459084,2.9450896843468662e-08,0.0017366731691341054,0.0020690166355255353,0.001857381326934808,3.0446918842694586e-06,5.753226039103661e-07,0.00556980848544471,0.0025520902855041888,0.0037598943675381975,0.00048723508705043596,1.4718738244344e-08,5.3706961834284635e-09,0.000658282011641366,5.6317580264332586e-05,1.390733163686085e-05,1.4361096201309132e-06,8.461814995317719e-07,0.0002884077936302555,2.8564597573750875e-06,5.488867326424624e-10,5.740280852294347e-08,8.243672072344655e-05
3.0565338157203675e-06,0.48463090855814484,3.76,0.0,0.1294913721609861,0.9311678490513162,0.07779871230114138,0.0009524435207413328,0.009351240297605694,0.06014115151857837,0.08332098144501389,9.540512431823313e-09,0.2211261221060511,8.954350923225943e-05,0.0007669075508850418,0.016270107936541336,0.0027491631016121716,0.0001547694459921963,0.0010310224982316612,0.030721916856386276,0.2596372038691242,0.0009846090555885624,0.0009276044167029755,0.002076930855017259,0.008211786911118894,0.003748865379060487,0.0023235655082106004,0.007865611479746057,4.132441312068697e-07,0.00756052217603481,2.9810119606252114e-08,0.0017608137777496522,0.0020887207120649596,0.0018823575303125839,3.1104876237943808e-06,5.824278091626622e-07,0.005664088720261943,0.002597548492046661,0.003827831847236977,0.0005038321297411703,1.5036644957978054e-08,5.386272791696455e-09,0.0006761019738998608,5.884007271997154e-05,1.4170237351379304e-05,1.462568635353278e-06,8.740576339536986e-07,0.000297342262063118,2.951648122050062e-06,5.571452230317584e-10,5.82656229428809e-08,8.475176101239186e-05
3.062112308943792e-06,0.4847849927141582,3.76,0.0,0.12784487723330262,0.9304027902315445,0.07853376559532292,0.0009688178734045336,0.009393769549378095,0.06004926755852723,0.08358642468495041,9.56780235659328e-09,0.22224558624993518,8.996371232622769e-05,0.0007717372314552332,0.016571788150371244,0.002751454943962952,0.00015615543389888327,0.0010297005232032018,0.03077346488810541,0.2606073418020441,0.0009857858324274868,0.0009290787210075386,0.0021002616657458373,0.00830625345429895,0.003790739782828819,0.002345803614631738,0.007968863031169593,4.122714526609429e-07,0.007730902376223627,3.016809350221534e-08,0.0017849964960649145,0.002108154091678369,0.0019073093976945585,3.177153412805754e-06,5.895083728359687e-07,0.005759166290357503,0.00264340129557443,0.003896440551908903,0.0005208653154163383,1.5358412913597673e-08,5.400965709076158e-09,0.000694308848672165,6.145607239007984e-05,1.4436285818965838e-05,1.4892620581910825e-06,9.024727286139801e-07,0.0003064626589994919,3.0486950497768125e-06,5.653885978874088e-10,5.9126832562470095e-08,8.711688499167579e-05
3.0676908021672168e-06,0.4849380574692981,3.76,0.0,0.12621263926853613,0.9296347185589403,0.0792695554761662,0.0009854040954647414,0.009434995232228653,0.059956566829642816,0.08385455893071239,9.592650575589296e-09,0.22335487878398227,9.036342599962792e-05,0.0007765245520986846,0.016877427202088985,0.002753652792901206,0.00015753575997521691,0.0010282193410643971,0.030820860778888876,0.2615585729443712,0.000986795463952661,0.000930431246111666,0.0021238873120299076,0.008401184891622568,0.0038324504280153313,0.0023677288085004085,0.008071977974122499,4.1123590652856957e-07,0.007903674240327506,3.0524671290613684e-08,0.001809214267527791,0.0021273060057132305,0.0019322266249016157,3.2446818802963327e-06,5.965612013281586e-07,0.005855027935559435,0.002689641114157336,0.003965708997983444,0.0005383405775049514,1.5683996489103838e-08,5.414768521615146e-09,0.0007129066233092425,6.416797392978052e-05,1.4705450815490779e-05,1.5161853211816765e-06,9.314203924984864e-07,0.00031576920489101765,3.147576816433094e-06,5.736121820660303e-10,5.998594690057667e-08,8.953254887303395e-05
3.0732692953906414e-06,0.4850900890920104,3.76,0.0,0.12459482419612934,0.9288637438763861,0.080005971573155,0.0010022019719966848,0.009474897353413846,0.05986307302640808,0.08412537449619786,9.615043233588649e-09,0.22445391049518248,9.074239683175347e-05,0.0007812688578407621,0.017187026612132575,0.0027557598039083505,0.00015891024024380904,0.0010265801819592292,0.030864090393320782,0.26249082174756505,0.0009876377561736248,0.000931661883070444,0.0021478102240770174,0.008496569600346391,0.003873977084281285,0.0023893288456005597,0.008174915960934,4.1013824183639296e-07,0.008078824217599432,3.0879705816072276e-08,0.0018334599944304104,0.002146165872634532,0.001957098832812694,3.3130649983097887e-06,6.035831957859103e-07,0.005951660009500707,0.0027362601403873635,0.0040356251835217925,0.0005562637243728084,1.601334749945395e-08,5.427675502472697e-09,0.0007318991650027787,6.697818120531054e-05,1.4977703573304115e-05,1.5433337219142212e-06,9.608934750733434e-07,0.0003252619797024569,3.2482668255069155e-06,5.818112661914111e-10,6.08424717917161e-08,9.199918932242614e-05
3.078847788614066e-06,0.4852410745005167,3.76,0.0,0.12299158950680043,0.928089977415453,0.08074290356338196,0.0010192111990535257,0.009513456839926807,0.05976880997552737,0.08439885975738413,9.634968985820597e-09,0.225542598263522,9.110039069862446e-05,0.0007859695035743225,0.01750058640410078,0.0027577791288293735,0.00016027869856305403,0.0010247843878583341,0.030903142300306854,0.263404023893547,0.0009883126486640616,0.000932770596614637,0.0021720326759141566,0.008592395708692628,0.00391529941523253,0.002410591714913218,0.008277636473208928,4.08979250102778e-07,0.008256337282739626,3.1233050161709504e-08,0.0018577265449090782,0.002164723312170462,0.001981915577713417,3.3822940811143344e-06,6.105712553703213e-07,0.0060490484896720854,0.002783250348337778,0.004106176596125401,0.0005746404320220797,1.634641523754255e-08,5.439681618624682e-09,0.0007512902154368443,6.988910483609266e-05,1.5253012750454231e-05,1.5707024271608235e-06,9.908840671459182e-07,0.000334940920945617,3.3507355997162477e-06,5.899811131804401e-10,6.169591006857631e-08,9.451722267854688e-05
3.0844262818374907e-06,0.48539100126491624,3.76,0.0,0.12140308421558332,0.9273135317158854,0.08148024124909004,0.0010364313832893208,0.009550655562774105,0.059673801621034625,0.08467500114859822,9.652419008146661e-09,0.2266208650463843,9.143719307846789e-05,0.0007906258532717646,0.017818105085813406,0.002759713912424277,0.0001616409666614957,0.0010228334104880102,0.030938007782475282,0.26429812625984656,0.0009888202142754494,0.0009337574248060168,0.0021965567795019193,0.00868865110223512,0.0039563970025235,0.0024315056550504727,0.00838009886233618,4.0775976416398636e-07,0.00843619693961241,3.158455780228723e-08,0.0018820067599936777,0.0021829681591437233,0.0020066663618228597,3.4523597853650774e-06,6.17522280544932e-07,0.006147178987862253,0.002830603500829457,0.004177350221753567,0.000593476236886596,1.6683146519236442e-08,5.4507825363751355e-09,0.0007710833855269971,7.290315966534682e-05,1.553134440299311e-05,1.5982864771847461e-06,1.0213835037576499e-06,0.00034480582196261934,3.4549507800179403e-06,5.981169648938212e-10,6.254576225803296e-08,9.708704418729411e-05
3.0900047750609153e-06,0.4855398576084044,3.76,0.0,0.11982944883597398,0.926534520543446,0.08221787463471973,0.0010538620417021372,0.00958647635973472,0.05957807200934388,0.08495378316179325,9.667387002000927e-09,0.2276886398551674,9.175260931957998e-05,0.0007952372792049423,0.0181395796317611,0.00276156728899603,0.00016299688415728015,0.0010207288090831237,0.030968680841488874,0.26517308686990276,0.0009891606586119157,0.0009346224785950939,0.0022213844790610203,0.008785323430643473,0.003997249370422204,0.002452059170262786,0.008482262390347184,4.0648065693683503e-07,0.008618385227188014,3.193408275708409e-08,0.0019062934606920718,0.0022008904769549287,0.0020313406439787613,3.523252111266465e-06,6.244331763796882e-07,0.006246036760965225,0.0028783111569893357,0.004249132554438679,0.0006127765287374774,1.7023485732467293e-08,5.4609746256618916e-09,0.0007912821502582498,7.602276216355991e-05,1.5812661960502086e-05,1.626080790216724e-06,1.0523823691279938e-06,0.0003548563304655796,3.5608771321326565e-06,6.062140488945877e-10,6.339152728889257e-08,9.970902725405112e-05
3.09558326828434e-06,0.4856876324076187,3.76,0.0,0.11827081536510262,0.9257530588062619,0.08295569400334094,0.001071502601499474,0.009620903056545975,0.05948164527426209,0.08523518834884995,9.679869194099879e-09,0.2287458577242703,9.204646487002051e-05,0.0007998031611772804,0.01846500546699457,0.0027633423790993116,0.00016434629856292794,0.0010184722479698646,0.03099515819926053,0.26602887482873755,0.0009893343192684608,0.0009353659412827196,0.0022465175456260864,0.008882400114777566,0.004037836010782769,0.002472241045979529,0.008584086271045477,4.051428401210524e-07,0.008802882727707594,3.2281479742189175e-08,0.001930579455094964,0.002218480570685468,0.0020559278504609394,3.5949604047436054e-06,6.313008558643016e-07,0.006345606722134497,0.002926364680085109,0.004321509606884933,0.0006325465437135396,1.736737489027243e-08,5.470254963147283e-09,0.0008118898436332306,7.925032776942098e-05,1.6096926204966967e-05,1.654080167089933e-06,1.0838705036600104e-06,0.0003650919473389775,3.6684765606822984e-06,6.142675852968927e-10,6.423270320954068e-08,0.0001023835227156205
3.1067402547311897e-06,0.48597989613992454,3.76,0.0,0.11519903957191663,0.9241832484675728,0.08443145366606422,0.0011074106855156964,0.009685514504126412,0.059286797316106435,0.0858057887946791,9.69737366163632e-09,0.230828392638537,9.25688972021366e-05,0.0008087958456552311,0.019127684876070743,0.002766670094455298,0.0001670250475171497,0.0010135104134387876,0.031035526268009,0.2676828640971165,0.000989183293226249,0.0009364891841718767,0.0022977059676547876,0.009077715135410851,0.0041181300669554536,0.0025114465148325304,0.008786551952930266,4.0229491013248173e-07,0.009178720483128396,3.296931305955392e-08,0.001979120535438718,0.0022526265892155732,0.0021047986447244585,3.7407790295159382e-06,6.448942772908372e-07,0.0065468212126154075,0.003023473850306721,0.004467989587088763,0.0006735158789804755,1.8065559571237087e-08,5.486072230711051e-09,0.0008543446182971012,8.603898840200472e-05,1.667412455145555e-05,1.7106727582346536e-06,1.148270282438196e-06,0.00038611577099826553,3.888528114835955e-06,6.302249000953332e-10,6.58992798795658e-08,0.00010789133716940446
3.1167815425333543e-06,0.48623913637006216,3.76,0.0,0.11248689781921459,0.9227632113472635,0.08575918110475007,0.001140438241673381,0.009738755606320027,0.05910929336121365,0.08632808594667374,9.704639788697087e-09,0.2326660393857343,9.296401505431875e-05,0.0008167274076115966,0.01973753165191083,0.002769428211129634,0.0001694123122293517,0.001008543813752937,0.03105753084759961,0.2691057978211187,0.0009884830186910887,0.0009370875569387923,0.002344833945632797,0.009254750942186094,0.004189280428638207,0.0025453542011957164,0.00896720078098825,3.9954087753281326e-07,0.009524647763398363,3.3579647496364606e-08,0.0020227329296224443,0.0022821299268631656,0.002148378207383842,3.874686259002537e-06,6.569498671230579e-07,0.006730191960825728,0.00311196460616095,0.004601705759769149,0.0007120438792547998,1.870543833769387e-08,5.49717476282557e-09,0.0008939828403986049,9.254213014176585e-05,1.7203232545097332e-05,1.7622530197390502e-06,1.2077865967773765e-06,0.0004056622429304644,4.09185661957282e-06,6.443896918552648e-10,6.737847627996268e-08,0.00011303099564079193
3.126822830335519e-06,0.4864947291585486,3.76,0.0,0.10982502656695249,0.9213370645537405,0.08708582544784264,0.0011741328787320325,0.009787275323394974,0.058929908465408645,0.08685852304845217,9.703907533011269e-09,0.2344687417479427,9.328749633042404e-05,0.0008245020290383108,0.020360037259992456,0.0027719802529307122,0.00017177649374662185,0.0010031152622579425,0.03106601396261696,0.270466628343583,0.0009872535185768045,0.0009372980552661889,0.0023929704185141187,0.009432891594004112,0.00425925211219817,0.0025778977466674557,0.009146117015105516,3.966124284948359e-07,0.009877689661569761,3.418087556857402e-08,0.0020662313462656125,0.0023104184212419466,0.002191510879737787,4.011042073879569e-06,6.688181385847752e-07,0.0069156211020354455,0.003201433581233466,0.004737110596601738,0.000752167488277044,1.9355814966746918e-08,5.505310123838706e-09,0.0009349908918362219,9.943229757145706e-05,1.774115539559155e-05,1.814411985739367e-06,1.2686973194172308e-06,0.00042579392434696246,4.299885788633088e-06,6.583394480926208e-10,6.883503458200552e-08,0.00011834514690698435
3.1368641181376836e-06,0.48674663291871006,3.76,0.0,0.10721388964808856,0.9199055080899421,0.08841076664900803,0.0012084880373267777,0.009831017227472197,0.05874878456561406,0.08739692960288535,9.695244276485474e-09,0.23623633191269247,9.353906587924565e-05,0.0008321162720694879,0.020995117435828384,0.0027743435207840854,0.000174116983739042,0.0009972378902745184,0.03106105353082104,0.27176556259497414,0.000985501350241723,0.0009371242597969391,0.0024421188300364355,0.009612056510591032,0.004327927732980424,0.0026090237605685654,0.009323066496918093,3.935160923187774e-07,0.010237682136413982,3.4772194771946564e-08,0.0021095743064003165,0.0023374458321646086,0.0022341352773209686,4.1497613394655125e-06,6.804818088628668e-07,0.007103009798903728,0.0032918244428821785,0.004874106822113804,0.0007939108270948912,2.0016273725198335e-08,5.5104867800510315e-09,0.0009773825028036843,0.00010672317136855687,1.828756718885494e-05,1.8671157493334391e-06,1.3309179784815082e-06,0.00044650253745843934,4.512294674600127e-06,6.720469431029563e-10,7.026609213032317e-08,0.00012383493377774926
3.146905405939848e-06,0.4869948128208963,3.76,0.0,0.10465386398514398,0.9184692469206263,0.08973339334188035,0.0012434962482127923,0.009869936356467641,0.05856606333013431,0.08794311597867549,9.678742140022352e-09,0.23796870038570808,9.37186643332353e-05,0.0008395667254094121,0.02164267091389145,0.0027765349408156105,0.00017643325238888495,0.000990925688414505,0.031042754721233787,0.2730029139507635,0.0009832343182779853,0.0009365704365656043,0.0024922804655272937,0.009792163386046434,0.004395191635009616,0.0026386828410355384,0.00949781784748866,3.902586849897415e-07,0.010604447259046417,3.535282153869541e-08,0.002152720753131202,0.0023631693365181346,0.0022761905615274534,4.290752578553032e-06,6.91923938566877e-07,0.0072922565917767695,0.00338307950395679,0.0050125932366516905,0.0008372959066508841,2.0686379398798182e-08,5.512720441322493e-09,0.0010211695710423093,0.00011442819344712912,1.884211382466836e-05,1.920329584492142e-06,1.3943575531459612e-06,0.0004677782635092151,4.728736085893447e-06,6.854854299030867e-10,7.166883554921114e-08,0.00012950121288413672
3.156946693742013e-06,0.48723924037729976,3.76,0.0,0.10214524103215394,0.9170289892654132,0.09105310408507106,0.0012791491507952602,0.009903999316261259,0.05838188588623138,0.08849687395530115,9.654517152970877e-09,0.23966579429325546,9.382644590148024e-05,0.000846849995166009,0.02230257940132882,0.0027785710186302563,0.00017872484630272297,0.0009841934386435915,0.031011249311854363,0.27417909882324293,0.0009804614241736285,0.0009356415124629573,0.002543454398303288,0.00997312837258467,0.004460930380775356,0.002666829760633292,0.009670143222087743,3.868472776693991e-07,0.010977793722820702,3.592199376852939e-08,0.0021956301770992546,0.002387549687666494,0.00231761664910531,4.433918181970876e-06,7.031279902849905e-07,0.007483257649415072,0.003475139902260573,0.005152465045327047,0.0008823425284688646,2.1365678834182303e-08,5.512033918360964e-09,0.0010663620940957823,0.000122560510849482,1.9404413275873768e-05,1.9740180515050726e-06,1.4589189344839885e-06,0.0004896097672620241,4.948838118755491e-06,6.98628768800946e-10,7.304051429532323e-08,0.00013534454571590868
3.1669879815441774e-06,0.4874798935029884,3.76,0.0,0.09968822852327462,0.915585444894313,0.09236930854867764,0.0013154375158078153,0.009933184319375064,0.05819639255341774,0.08905797736198241,9.622708263384044e-09,0.24132761550370302,9.386277490378448e-05,0.0008539626972936601,0.022974707613341933,0.002780467797324979,0.0001809913860644024,0.000977056643141096,0.03096669492558081,0.27529463288545586,0.000977192809627806,0.0009343430482878362,0.002595637447807434,0.010154866271740849,0.0045250332330328425,0.002693423625517879,0.009839819046160837,3.8328916441414413e-07,0.011357517417076406,3.6478973234678326e-08,0.0022382627377322234,0.002410551353110271,0.0023583544186388927,4.5791546513628605e-06,7.140778850416192e-07,0.0076759070238158296,0.003567945782923649,0.0052936142070957575,0.0009290681939444043,2.2053702559571102e-08,5.50845694095301e-09,0.0011129681088681432,0.00013113291957353798,1.9974055984667594e-05,2.028145103528696e-06,1.5244994477003167e-06,0.0005119842309749853,5.172205922651658e-06,7.114515526268566e-10,7.437845386076403e-08,0.00014136519090569778
3.177029269346342e-06,0.48771675621755584,3.76,0.0,0.09728295249854169,0.9141393234348858,0.09368142863915459,0.0013523512718597419,0.009957481161068218,0.058009722583361185,0.08962618280356058,9.583476252907728e-09,0.24295421859321056,9.382822110716968e-05,0.0008609014517952126,0.02365890336961308,0.00278224081922833,0.0001832325634719651,0.0009695314510325993,0.0309092741533269,0.27635012697041494,0.0009734396947827627,0.0009326812097012257,0.002648824149669973,0.01033729073179621,0.0045873926256935595,0.0027184280075240527,0.010006626728486599,3.795918294958956e-07,0.011743402058981672,3.7023047871024175e-08,0.0022805793795924994,0.002432142629933407,0.0023983459127713195,4.726352871971674e-06,7.247580566516393e-07,0.007870096907544722,0.003661436482352256,0.005435929800689166,0.0009774880226561056,2.2749966469186033e-08,5.502025941264769e-09,0.0011609936388256156,0.00014015780877274153,2.055060540857536e-05,2.0826741936700614e-06,1.59099142231909e-06,0.0005348873974023272,5.398423679758839e-06,7.23929227185253e-10,7.56800685074389e-08,0.00014756309781042363
3.1870705571485067e-06,0.48794981851638664,3.76,0.0,0.09492945959520574,0.9126913326991827,0.09498889955741305,0.0013898795357925365,0.009976891133118984,0.057822013907438935,0.09020123047031793,9.537002523139357e-09,0.24454570866705322,9.372355390681371e-05,0.0008676628787643987,0.024354997753252387,0.002783905091458422,0.0001854481384818975,0.0009616345834403958,0.030839193569031538,0.27734628266706407,0.00096921431179068,0.0009306627362072158,0.002703006738091431,0.010520314450556413,0.004647904619777256,0.0027418110482203464,0.010170353347487816,3.7576291453832947e-07,0.012135219880586523,3.755353391640166e-08,0.002322541943173865,0.0024522957371752134,0.0024375345349722612,4.87539841452528e-06,7.351535034920272e-07,0.008065717892575585,0.00375555071277579,0.0055792984054040705,0.001027614680233556,2.34539735563682e-08,5.492783804844874e-09,0.0012104426493067175,0.0001496471056878186,2.1133598715588953e-05,2.1375683824356807e-06,1.6582828047609934e-06,0.0005583036216749346,5.6270567777559855e-06,7.360382059407973e-10,7.694287341580982e-08,0.00015393790146662806
3.1971118449506713e-06,0.4881790761348873,3.76,0.0,0.09262771957583311,0.9112421770399688,0.09629117078681579,0.0014280106465649318,0.00999142687775494,0.05763340289289628,0.09078284502402122,9.483487750730537e-09,0.246102239059846,9.354973544282599e-05,0.0008742435963301011,0.02506280533136208,0.0027854750552733314,0.00018763793590444665,0.0009533832573463974,0.03075668264815334,0.2782838876571376,0.0009645298340986131,0.0009282949084460712,0.0027581751405868463,0.010703849382132539,0.004706469340444678,0.0027635455347541867,0.01033079230667543,3.7181018577400725e-07,0.012532732364888898,3.806977789510854e-08,0.0023641132695224054,0.0024709868849337184,0.00247586523956136,5.02617186374187e-06,7.45249837171274e-07,0.008262659229189272,0.00385022674607119,0.005723604493368291,0.0010794583161056685,2.416521568403934e-08,5.48077959007508e-09,0.0012613170112152326,0.00015961222175210014,2.1722547625426315e-05,2.1927904445628657e-06,1.7262578100181989e-06,0.0005822159314760675,5.857654147897461e-06,7.477559783167925e-10,7.816449614528613e-08,0.00016048891896048366
3.207153132752836e-06,0.48840453033694986,3.76,0.0,0.09037762806985662,0.9097925557449448,0.0975877070077096,0.0014667322024328954,0.010001112183875276,0.05744402410854023,0.09137073655339857,9.423150492050231e-09,0.2476240089337077,9.33079127361748e-05,0.0008806402205282095,0.025782124436651267,0.002786964559194345,0.00018980184188702192,0.0009447951088888709,0.030661992598829402,0.27916381082919484,0.000959400302212118,0.00092558551403963,0.0028143169851156135,0.010887806946497021,0.004762991391488673,0.0027836089474338427,0.010487743955464946,3.677415015785049e-07,0.012935691025391556,3.857115844073274e-08,0.002405257298124668,0.0024881963200615413,0.002513284713784876,5.178549171218186e-06,7.550333280467701e-07,0.008460809083688505,0.003945402595707522,0.005868730830288534,0.0011330265114324865,2.488317538168035e-08,5.466068219682911e-09,0.0013136164733553806,0.00017006400028074962,2.2316939391729058e-05,2.2483029742915662e-06,1.7947976053070677e-06,0.00060660609497861,6.089750745403135e-06,7.590612102635114e-10,7.934268731157574e-08,0.00016721514725283722
3.2171944205550005e-06,0.4886261876700137,3.76,0.0,0.0881790095033092,0.9083431614769165,0.09887798893618692,0.0015060311011389326,0.010005981728107065,0.057254010100759666,0.09196460159149158,9.356225712515281e-09,0.24911126079430315,9.299940893122814e-05,0.000886849367103778,0.026512737508881775,0.0027883868358525637,0.000191939800223254,0.000935888116827575,0.030555395115426303,0.2799869972076784,0.0009538405468385639,0.0009225428122490085,0.0028714176194963247,0.011072098240572887,0.004817380244278636,0.0028019834793057176,0.010641016172115799,3.635647805175441e-07,0.013343838223221523,3.905708795280147e-08,0.002445939157593872,0.0025039083485901108,0.0025497415508643835,5.332402030190867e-06,7.644909473774549e-07,0.008660054793727726,0.004041016195710648,0.006014558881559616,0.0011883242374271827,2.56073276484522e-08,5.4487101491480205e-09,0.0013673386435826824,0.00018101266613935194,2.2916237923162385e-05,2.3040684884325278e-06,1.8637810152342022e-06,0.0006314546959165103,6.3228701473765e-06,7.699338362362214e-10,8.047533039255373e-08,0.00017411526248359887
3.227235708357165e-06,0.4888440597194501,3.76,0.0,0.08603162019382166,0.9068946787670303,0.10016151408517256,0.0015458935828326094,0.010006080763482595,0.05706349118058615,0.09256412418757871,9.282963214102474e-09,0.2505642779424435,9.262571373210638e-05,0.0008928676552164822,0.027254411494788532,0.002789754482503907,0.00019405180852163199,0.0009266805266224675,0.03043718106424443,0.2807544627319006,0.000947866109949409,0.0009191754976756147,0.0029294601429314926,0.011256634249685997,0.004869550598419481,0.0028186560281810795,0.010790424905978245,3.5928797019994803e-07,0.01375690801614891,3.952701406490941e-08,0.0024861252487688623,0.0025181113351734497,0.0025851864130535854,5.487598269709994e-06,7.736104056783576e-07,0.00886028312020868,0.004137005575671482,0.0061609692208220036,0.0012453538242093664,2.6337141753237338e-08,5.42877101255667e-09,0.0014224789788860224,0.0001924677777561031,2.3519885040056704e-05,2.3600495267895856e-06,1.9330852413640627e-06,0.000656741215151551,6.556527241388887e-06,7.803551424983058e-10,8.156045059016818e-08,0.00018118762077081282
3.2372769961593298e-06,0.4890581628486397,3.76,0.0,0.08393515158673201,0.9054477825677092,0.10143779744658078,0.001586305275412382,0.010001464759190911,0.05687259522242161,0.09316897702580292,9.203626059542734e-09,0.25198338187917224,9.218847312915096e-05,0.0008986917129937621,0.028006898304566714,0.002791079445134116,0.00019613791426819575,0.0009171907755881613,0.030307659111888288,0.28146728892093753,0.0009414931643182171,0.0009154926632407384,0.0029884254493459605,0.011441326058190007,0.0049194227115301505,0.0028336181618465336,0.01093579467660665,3.549190171119597e-07,0.014174627033538676,3.9980420931674686e-08,0.0025257833199151974,0.0025307976800758155,0.002619572183824666,5.644002265551405e-06,7.823801871827902e-07,0.009061380494747348,0.004233309030865147,0.006307841938000943,0.0013041149402393674,2.7072083024394958e-08,5.406321248999574e-09,0.0014790307844332745,0.0002044381818248072,2.4127301860935903e-05,2.41620874938898e-06,2.002586590035489e-06,0.0006824441180192791,6.790230975045206e-06,7.903078407478303e-10,8.259622268922891e-08,0.0001884302605051736
3.2473182839614944e-06,0.4892685179339108,3.76,0.0,0.0818892336079545,0.9040031368714763,0.10270637209378548,0.0016272512419621187,0.009992198995305452,0.056681447474994956,0.09377882258230907,9.118488980297148e-09,0.2533689296818745,9.168947851777659e-05,0.0009043181848460346,0.028769935322587283,0.002792373006053806,0.0001981982108174066,0.0009074374197060542,0.030167154306784506,0.28212661745994355,0.0009347384322952747,0.0009115037626787351,0.003048292282135927,0.011626085058073677,0.004966922695770589,0.0028468660574477644,0.011076959027624136,3.5046583752272153e-07,0.014596715371107906,4.041683033773785e-08,0.0025648825337882264,0.0025419637744285082,0.0026528541083861664,5.80147536505206e-06,7.907895804147791e-07,0.00926323326177648,0.004329865286605467,0.006455057043889474,0.0013646045823046476,2.7811614609332133e-08,5.381435715465904e-09,0.0015369852215406053,0.00021693197102540666,2.4737890310972377e-05,2.4725090299168014e-06,2.072161200095375e-06,0.0007085409466864125,7.0234871369121305e-06,7.997761313031515e-10,8.358097786150962e-08,0.0001958409061280622
3.257359571763659e-06,0.4894751500926446,3.76,0.0,0.07989343810908577,0.9025613934012555,0.10396678970425546,0.001668716029937408,0.009978358116680575,0.05649017038502667,0.09439331431243167,9.027836711535567e-09,0.254721311368605,9.113065531464347e-05,0.0009097437404326439,0.029543245969559838,0.002793645774865696,0.00020023283334462885,0.0008974390625785115,0.03001600662463231,0.28273364474324336,0.0009276191045195843,0.0009072185727806776,0.0031090372998253263,0.011810823154377448,0.0050119827791433565,0.00285840041627332,0.011213760933603092,3.459362896807271e-07,0.015022887499261188,4.083580261114712e-08,0.002603393526392418,0.0025516099346744414,0.00268498992183428,5.9598763229320325e-06,7.988287046097117e-07,0.009465727914408304,0.004426613656028147,0.006602494868390074,0.0014268170759522292,2.8555199193874033e-08,5.35419328771813e-09,0.0015963313244524578,0.00022995644506320143,2.5351034743959603e-05,2.5289135448705996e-06,2.1416857618196286e-06,0.0007350084167074051,7.255801140064711e-06,8.087457562388562e-10,8.45132093736529e-08,0.00020341697336793415
3.2674008595658236e-06,0.48967808840858285,3.76,0.0,0.07794728238109225,0.9011231903769997,0.10521862100275531,0.0017106837217512783,0.00996002565035974,0.05629888343398957,0.09501209785950263,8.931962365071162e-09,0.25604094726675414,9.05140511750365e-05,0.0009149650851466131,0.03032654031303545,0.0027949076826745837,0.00020224195479167203,0.0008872142868747299,0.029854569488556984,0.28328961640812644,0.0009201527591045575,0.0009026471556159518,0.003170635152041757,0.01199545296630062,0.005054541530048309,0.0028682263553582296,0.011346053158642263,3.413381475133056e-07,0.015452853178883494,4.1236937344592435e-08,0.0026412884573481315,0.00255974031727991,0.0027159399643564394,6.119061745142396e-06,8.064885318483324e-07,0.009668751323269342,0.0045234941905905,0.006750036449684641,0.0014907440861902383,2.9302300679006945e-08,5.324676451147338e-09,0.0016570560257501503,0.00024351807529502466,2.5966103668897006e-05,2.5853858580589014e-06,2.211038220160414e-06,0.0007618225169488119,7.4866807804796874e-06,8.172040419240339e-10,8.539157717359502e-08,0.0002111555758979821
3.2774421473679882e-06,0.4898773656549667,3.76,0.0,0.07605023271386642,0.8996891513627245,0.10646145612603307,0.0017531379864064792,0.009937293491005621,0.05610770298826195,0.09563481227696224,8.83116584881461e-09,0.25732828540105984,8.984182391397693e-05,0.0009199789719684514,0.031119515722837318,0.002796167979399502,0.00020422578183470488,0.0008767815886560976,0.0296832082743212,0.28379582189131386,0.0009123572818562118,0.0008977998209469396,0.0032330585651474068,0.012179888022945257,0.005094544043977049,0.002876353277493005,0.011473698565750368,3.366790758739781e-07,0.015886318378642975,4.161987393817494e-08,0.00267854105185265,0.002566362814936429,0.002745667283027926,6.2788865377891915e-06,8.137609050149034e-07,0.00987219095760943,0.004620447822672834,0.006897563911782284,0.0015563746382141724,3.005238579686218e-08,5.292970887814615e-09,0.0017191441901411994,0.00025762247317451226,2.658245157128525e-05,2.641890000123515e-06,2.2800984559645596e-06,0.0007889586120430652,7.715638942999351e-06,8.251399303105511e-10,8.621491134509913e-08,0.00021905353336636597
3.287483435170153e-06,0.49007301801776587,3.76,0.0,0.07420170797993524,0.898259884197295,0.10769490491037963,0.0017960621318227961,0.009910261359019375,0.055916742162882484,0.0962610912556245,8.725752237642363e-09,0.25858379891481703,8.91162292321301e-05,0.0009247822145227244,0.03192185756772972,0.002797435234037355,0.00020618455090177175,0.0008661593149591066,0.02950229881053422,0.284253589038091,0.0009042507881183249,0.0008926870890387363,0.0032962784367905553,0.012364042952710187,0.005131942091591871,0.002882794721366295,0.011596570376551305,3.3196660740043176e-07,0.01632298618806054,4.1984291954597487e-08,0.0027151266342931163,0.002571488935600258,0.0027741377198595165,6.439204358217298e-06,8.206385515444172e-07,0.010075935098071306,0.004717416499759945,0.007044960828087752,0.0016236951478512307,3.080492565578357e-08,5.259165061876684e-09,0.0017825786563207711,0.0002722743627116964,2.719942081800659e-05,2.6983905427818653e-06,2.3487489383147794e-06,0.0008163915465350715,7.942196228579433e-06,8.325439998657037e-10,8.69822144305471e-08,0.00022710738073931894
3.2975247229723175e-06,0.4902650848204658,3.76,0.0,0.07240108322156459,0.8968359800116255,0.10891859710388133,0.001839439157511197,0.009879036236111876,0.05572611069903482,0.09689056434814654,8.616030210390052e-09,0.25980798353707296,8.833960834540637e-05,0.0009293717011570994,0.03273323994937843,0.002798717337718998,0.00020811852426519539,0.0008553656048955875,0.02931222588359489,0.28466427879243383,0.0008958515467442696,0.000887319654054156,0.003360263938580367,0.012547833665416286,0.005166694227793712,0.002887568193691642,0.01171455238120582,3.2720812114812556e-07,0.016762557720821716,4.232991128628999e-08,0.00275102215363469,0.0025751336658248612,0.0028013199858668817,6.599868065383863e-06,8.271150928692624e-07,0.01027987304058532,0.004814343309769233,0.007192112568832043,0.0016926894613576258,3.155939721809196e-08,5.223349804065123e-09,0.0018473402865388528,0.0002874775571051311,2.781634363396782e-05,2.7548526675558785e-06,2.416875341790056e-06,0.0008440957498913531,8.165883478380801e-06,8.394084761353997e-10,8.769266263262014e-08,0.0002353133788870167
3.307566010774482e-06,0.49045360825197243,3.76,0.0,0.07064769322162631,0.8954180123342613,0.1101321825055937,0.0018832518072538092,0.009843731783093708,0.05553591485530821,0.09752285818302849,8.502310595068533e-09,0.2610013551074589,8.751437561355644e-05,0.0009337444098530998,0.033553326469442084,0.002800021509391817,0.00021002798623206035,0.0008444183344813035,0.0291133817566992,0.2850292799944993,0.0008871779066101823,0.000881708348212271,0.0034249826260351348,0.01273117752631993,0.005198765861770173,0.0028906949852646802,0.011827539098808723,3.2241082306417493e-07,0.01720473300307277,4.26564921534597e-08,0.0027862062007683055,0.002577315319928377,0.002827185721043567,6.760730166723918e-06,8.331850497035155e-07,0.010483895290929988,0.004911172597180261,0.007338906630425497,0.001763338904151082,3.231528469583777e-08,5.185617900998552e-09,0.001913408023453884,0.0003032349396668774,2.843254413831986e-05,2.8112422288412377e-06,2.4843671237007403e-06,0.0008720453415572453,8.386244172597832e-06,8.457272312960611e-10,8.834560591789412e-08,0.00024366752633262466
3.3176072985766467e-06,0.4906386330988582,3.76,0.0,0.06894083603988083,0.8940065362866161,0.1113353310342333,0.0019274826214596731,0.00980446774458878,0.055346257312701694,0.09815759766083158,8.384904884239986e-09,0.2621644471691177,8.664300625825913e-05,0.0009378974237707606,0.03438177102546913,0.0028013543039571496,0.00021191323945369254,0.0008333350654103133,0.02890616471159217,0.2853500043095425,0.0008782482260776658,0.0008758641068751396,0.0034904005549138807,0.012913993521256557,0.005228129288405914,0.0028921999729628685,0.01193543588887538,3.17581728265154e-07,0.017649211841768,4.2963834934352e-08,0.0028206590180592413,0.0025780553766025973,0.0028517095402307902,6.9216432588171724e-06,8.388438433082262e-07,0.010687893749573562,0.005007850069709951,0.007485232945031425,0.0018356223380149887,3.307208085326792e-08,5.146063692334863e-09,0.0019807589538081236,0.00031954844912167297,2.9047340427669322e-05,2.8675258112292056e-06,2.5511180569033173e-06,0.0009002142352753448,8.602836684201727e-06,8.514957739796714e-10,8.89405670569336e-08,0.0002521655720765348
3.3276485863788113e-06,0.49082020648332514,3.76,0.0,0.06727977649775174,0.8926020878684554,0.1125277327293071,0.0019721139888809057,0.009761369345273462,0.055157237093262104,0.09879440712574244,8.264123826289388e-09,0.2632978086389268,8.57280242555679e-05,0.0009418279472258927,0.03521821863115853,0.002802721622687325,0.0002137746013726517,0.0008221329979286501,0.028690977621110687,0.28562788130993044,0.0008690808057804838,0.0008697979347116569,0.0035564824030124157,0.013096202412248277,0.005254763681801872,0.0028921114097357767,0.012038159014870044,3.1272764516334877e-07,0.018095694668507502,4.325177982471804e-08,0.002854362501389381,0.0025773783046118617,0.002874869064986104,7.082460459301814e-06,8.440877927544552e-07,0.010891761886485213,0.005104322895365808,0.007630984168911268,0.001909516226271508,3.382928822569225e-08,5.104782675030036e-09,0.002049368378421068,0.00033641906932239994,2.9660046693232706e-05,2.9236707810353745e-06,2.6170267141859634e-06,0.0009285762419159299,8.815236370123975e-06,8.567112299642139e-10,8.94772396447948e-08,0.00026080302940057664
3.337689874180976e-06,0.4909983776080521,3.76,0.0,0.06566374959615069,0.8912051833335729,0.11370909768787268,0.002017128197391541,0.009714566682104277,0.05496894949217445,0.09943291150609969,8.140276182754575e-09,0.2644020015629568,8.47719904814479e-05,0.0009455333218984914,0.0360623062564713,0.002804128725745432,0.00021561240082336707,0.000810828927882416,0.02846822655995898,0.28586435372955193,0.0008596938250261544,0.0008635208730709547,0.0036231915964861313,0.01327772688300394,0.005278655051977856,0.00289046070464387,0.0121356356610419,3.078551615030284e-07,0.018543883354705377,4.352020634570474e-08,0.002887300195031723,0.002575311379251463,0.0028966449416561535,7.2430358276394925e-06,8.489141083255625e-07,0.011095394905675765,0.005200539789793528,0.00777605594835139,0.0019849947063872273,3.458642024517538e-08,5.061871119231675e-09,0.0021192098879637858,0.000353846823385579,3.0269975358634615e-05,2.979645332044171e-06,2.681996901138872e-06,0.0009571051701139367,9.02303748503093e-06,8.613723130100042e-10,8.99554851542145e-08,0.0002695751905509133
3.3477311619831406e-06,0.491173197508881,3.76,0.0,0.0640919638523975,0.8898163186549806,0.11487915594035575,0.002062507483551194,0.009664194116817466,0.0547814860230556,0.1000727374180235,8.013667470135117e-09,0.2654775989638852,8.377749118261209e-05,0.0009490110430730172,0.03691366368304923,0.0028055802466300257,0.00021742697480022128,0.0007994392079948678,0.02823831946044361,0.28606087290748333,0.0008501052820455467,0.0008570439686817064,0.00369049043975325,0.01345849167383451,0.005299796166135067,0.0028872821949905577,0.01222780390411852,3.029706322517378e-07,0.01899348199434485,4.376903271143461e-08,0.0029194572797349968,0.002571884491237223,0.002917020845954803,7.403224772509314e-06,8.533208813058418e-07,0.01129868989929466,0.005296451093913777,0.007920347162239228,0.002062029669447199,3.5343002259716384e-08,5.017425699588516e-09,0.0021902554439503386,0.0003718307722135906,3.087643922509474e-05,3.0354185255396307e-06,2.7459380353874768e-06,0.0009857749240563948,9.225854905652316e-06,8.654792873360975e-10,9.037532908171084e-08,0.0002784771421934473
3.357772449785305e-06,0.49134471881618724,3.76,0.0,0.06256360454377449,0.8884359690783903,0.11603765726904273,0.0021082340806973594,0.009610389672759541,0.05459493437613996,0.10071351422684116,7.884598764933447e-09,0.2665251827859149,8.27471268379334e-05,0.0009522587757158035,0.03777191437040665,0.00280708020836701,0.000219218665404631,0.0007879797134017367,0.028001664819134593,0.2862188944353355,0.0008403329382942067,0.000850378243778102,0.0037583402480341134,0.013638423705601447,0.0053181864361352684,0.0028826129125568965,0.012314612641661246,2.980801692811886e-07,0.0194441976510061,4.399821505347865e-08,0.002950820554429356,0.002567129949681733,0.002935983474436978,7.5628844437959675e-06,8.573070702977742e-07,0.011501545991171152,0.005392008841915879,0.008063760140609296,0.002140590845912034,3.609857246090838e-08,4.971543140158771e-09,0.0022624754643630796,0.0003903690173349175,3.147875361092504e-05,3.0909603247423128e-06,2.808765470696615e-06,0.0010145595978188744,9.423325656436318e-06,8.690339229743916e-10,9.073695625349935e-08,0.0002875037815318823
3.36781373758747e-06,0.4915129955257297,3.76,0.0,0.061077836846757425,0.8870645887622224,0.1171843709730167,0.0021542902653336167,0.0095532944398486,0.05440937838898901,0.10135487506158021,7.753365726092737e-09,0.26754534194160384,8.168350146840694e-05,0.000955274370202196,0.038636676328411494,0.002808632041272343,0.0002209878169804569,0.0007764658114141109,0.02775867045969402,0.2863398740203529,0.0008303942669592733,0.0008435346677375751,0.003826701481593858,0.013817452192410295,0.005333831774106403,0.0028764923458918143,0.012396021479113457,2.9318963284123647e-07,0.019895741066293184,4.420774651770055e-08,0.0029813784119910028,0.0025610822807792637,0.002953522523340324,7.72187410733711e-06,8.608724842206299e-07,0.011703864469745567,0.005487166819743837,0.008206200858727553,0.00222064589705747,3.6852682717262924e-08,4.924319875565926e-09,0.002335838913315609,0.00040945870796026113,3.2076238472454385e-05,3.1462416238092844e-06,2.870400765105085e-06,0.0010434335657085053,9.615110230073225e-06,8.720394431100271e-10,9.104070536327915e-08,0.0002966498329761623
3.3778550253896344e-06,0.49167808277958763,3.76,0.0,0.059633808862470536,0.8857026105019019,0.11831908558341445,0.0022006584016057884,0.009493051991182423,0.054224898029304615,0.1019964577784008,7.620257615832934e-09,0.26853867046391866,8.058921244613238e-05,0.0009580558775160209,0.03950756299166325,0.0028102386021118418,0.0002227347734449264,0.0007649123354391809,0.02750974235637511,0.2864252635740022,0.0008203064057637967,0.0008365241302995822,0.0038955338807767606,0.013995508742855194,0.005346744418302531,0.002868962200534837,0.01247200057777009,2.8830462478406123e-07,0.02034782732723277,4.439765625189277e-08,0.0030111208095244765,0.002553778023772006,0.002969630655340708,7.880055500805604e-06,8.640177622687003e-07,0.011905548910390798,0.005581880614272061,0.008347579106523636,0.002302160511485981,3.760489929658244e-08,4.875851732787343e-09,0.002410313394150089,0.0004290960521212322,3.2668220493777994e-05,3.2012342715897537e-06,2.930771893061951e-06,0.0010723715681332931,9.800893699139926e-06,8.745004648619441e-10,9.128706281803282e-08,0.0003059098652478159
3.387896313191799e-06,0.49184003665766585,3.76,0.0,0.05823065452038383,0.8843504455357651,0.11944160853295284,0.002247320983683752,0.00942980781450835,0.054041569389379325,0.1026379058694456,7.485556346861248e-09,0.26950576576578406,7.946684084527088e-05,0.0009606015637557765,0.04038418409150133,0.0028119021944876636,0.00022445987582019655,0.0007533335629735568,0.027255283521923346,0.28647650753350107,0.0008100861141174274,0.0008293574164192695,0.003964796600950112,0.014172527449710889,0.0053569427315266266,0.0028600661589559193,0.012542530466064536,2.8343048342686934e-07,0.02080017649066292,4.456800828436083e-08,0.003040039233636318,0.0025452555257067674,0.0029843034548332472,8.03729316931905e-06,8.667443510710586e-07,0.012106505287174281,0.005676107653423942,0.008487808633409559,0.002385098506095629,3.835480349589635e-08,4.826233631210795e-09,0.002485865245365211,0.00044927633172970086,3.325403513318595e-05,3.2559110903642375e-06,2.9898134022439703e-06,0.0011013487925817839,9.980386617719824e-06,8.764229354224291e-10,9.147665597108022e-08,0.00031527830880874225
3.3979376009939637e-06,0.4919989139801554,3.76,0.0,0.05686749635369627,0.8830084834295194,0.12055176578370423,0.002294260675892797,0.009363708761453825,0.053859464691676504,0.10327886931419344,7.349535789188589e-09,0.27044722700842744,7.831894237048913e-05,0.0009629099237952636,0.04126614652153671,0.002813624590285217,0.0002261634599687464,0.0007417431975523116,0.02699569296286953,0.2864950394215662,0.0007997497346286205,0.0008220451827950788,0.0040344483465127624,0.014348444968055611,0.005364450974569477,0.00284984964189074,0.012607601816706239,2.785722799804892e-07,0.021252514163067397,4.471890030332619e-08,0.0030681266611830007,0.0025355547364154987,0.0029975393724073823,8.193454779588636e-06,8.690544792351305e-07,0.01230664207415649,0.005769807237535513,0.008626807268737827,0.0024694219308922,3.910199218462819e-08,4.775559301319293e-09,0.002562459638776469,0.0004699939213701353,3.383302861474432e-05,3.3102458898243198e-06,3.0474665162892115e-06,0.001130340949362474,1.0153325714329002e-05,8.778140624487129e-10,9.161024582345282e-08,0.0003247494735011145
3.4079788887961283e-06,0.4921547721212375,3.76,0.0,0.05554344814121312,0.88167709203586,0.12164940141710201,0.0023414603504645563,0.009294902517088494,0.05367865230499866,0.10391900537099934,7.212461095035576e-09,0.2713636535789269,7.714803889108852e-05,0.0009649796939611064,0.04215305519278734,0.002815407052019337,0.0002278458545339796,0.0007301543545012202,0.026731364704503106,0.28648227864761966,0.0007893131589508384,0.0008145979360953348,0.0041044475031674675,0.014523200581890444,0.005369299057228508,0.002838359572632468,0.012667215192308524,2.7373481649407517e-07,0.021704572034735175,4.485046235859451e-08,0.003095377515979843,0.0025247170050669877,0.0030093396592320407,8.348411411638457e-06,8.709511295396072e-07,0.012505870336364057,0.005862940562308902,0.00876449701834964,0.002555091177036099,3.98460782401651e-08,4.723921026684254e-09,0.002640060679320969,0.0004912423106145764,3.440455985419703e-05,3.364213476571366e-06,3.1036791852358045e-06,0.0011593243418176011,1.031947437980448e-05,8.786822398155335e-10,9.168871927524976e-08,0.00033431756628829023
3.418020176598293e-06,0.4923076688341819,3.76,0.0,0.054257617411825956,0.8803566175255734,0.12273437719012488,0.002388903122803547,0.00922353709205513,0.053499196770673274,0.10455797930708753,7.074587989448667e-09,0.27225564367654376,7.595661060192368e-05,0.0009668098636055134,0.04304451387471187,0.0028172503559241065,0.0002295073790857389,0.0007185795503239701,0.026462686887126812,0.28643962755177116,0.0007787917978944202,0.0008070260128956483,0.004174752267706013,0.014696736259397844,0.005371522269547348,0.0028256441457145875,0.01272138076222421,2.6892262520907504e-07,0.022156088367531777,4.496285549039697e-08,0.0031217876219563766,0.0025127848795424693,0.0030197082921057813,8.502037827342845e-06,8.724380090674117e-07,0.012704103810613378,0.005955470733736246,0.008900804137843969,0.0026420650875250877,4.0586690895082855e-08,4.671409407065675e-09,0.002718631505934371,0.0005130141296303418,3.496800230908807e-05,3.417789659428369e-06,3.1584060859904916e-06,0.0011882759307902657,1.0478622955921152e-05,8.790369713483088e-10,9.171308100827748e-08,0.00034397670898982644
3.4280614644004575e-06,0.49245766208790953,3.76,0.0,0.053009107808926585,0.8790473844862177,0.123806572061549,0.002436572384190672,0.009149760339173784,0.053321158838161575,0.10519546506582728,6.936162350110501e-09,0.27312379300668516,7.474708882542635e-05,0.0009683996854692296,0.04394012601867142,0.0028191548156368215,0.0002311483424688901,0.0007070306955438826,0.02619004093453188,0.2863684686910985,0.000768200555706909,0.000799339561326539,0.004245320774611126,0.014868996697053381,0.005371160995960279,0.002811752601286369,0.012770117993356086,2.641399692035715e-07,0.022606808435956895,4.50562702898721e-08,0.003147354153237789,0.0024998019097866543,0.003028651889956896,8.654212715240728e-06,8.735195174960772e-07,0.012901258976394814,0.0060473627754044435,0.009035659183359017,0.002730301069927607,4.132347601188632e-08,4.618113140584585e-09,0.002798134392947663,0.0005353011778341647,3.552274574380488e-05,3.470951250871468e-06,3.211608575578735e-06,0.001217173393186633,1.0630588832373357e-05,8.78888791251823e-10,9.168444508004414e-08,0.0003537209559078181
3.438102752202622e-06,0.4926048099150065,3.76,0.0,0.0517970213132318,0.8777496960842881,0.12486588169207032,0.002484451831869626,0.009073719496095464,0.05314459550947852,0.10583114587065845,6.797419838381001e-09,0.27396869358067233,7.352184946262054e-05,0.0009697486847467992,0.044839495560603494,0.002821120306333263,0.00023276904135172805,0.0006955190907994575,0.02591380079502279,0.2862701623661086,0.000757553808398986,0.0007915485244191716,0.004316111218838057,0.01503992935287027,0.005368260415036379,0.00279673500634505,0.012813455317733403,2.5939084424874656e-07,0.023056484921527225,4.513092541137075e-08,0.003172075581622069,0.0024858124561794176,0.0030361796226,8.804818911290383e-06,8.742007137825047e-07,0.013097255117057817,0.006138583628614744,0.009168997040798791,0.002819755210598548,4.2056096259939675e-08,4.56411882945915e-09,0.0028785308514752816,0.0005580944553332946,3.606819790113542e-05,3.523676064895861e-06,3.2632546002716263e-06,0.0012459951745354152,1.077521636140387e-05,8.782491816623511e-10,9.160402630703661e-08,0.00036354431124672044
3.4481440400047867e-06,0.49274917027109266,3.76,0.0,0.05062046032355434,0.8764638342866342,0.1259122179219915,0.002532525496485568,0.0089955607552616,0.05296956009179937,0.10646471476554367,6.658585414441688e-09,0.27479093261890714,7.228320709499138e-05,0.0009708566667836528,0.045742227699960426,0.002823146289178506,0.00023436975896969154,0.000684055425980023,0.025634332254755546,0.28614604438377705,0.0007468653859659931,0.0007836626251265087,0.004387081974200585,0.015209484469114663,0.0053628701874983776,0.0027806420438492756,0.012851429779643942,2.546789817876498e-07,0.02350487826086238,4.518706604652356e-08,0.003195951621908759,0.0024708615038640017,0.0030423031125688753,8.953743595423309e-06,8.744872815305558e-07,0.013292014371564458,0.006229102145768867,0.009300756934558929,0.0029103823898295016,4.278423121084444e-08,4.509510807997916e-09,0.002959781730293206,0.000581384196884099,3.660378607288641e-05,3.575942911634185e-06,3.3133185639846692e-06,0.0012747205355042343,1.0912376600783668e-05,8.771304906390284e-10,9.147313151223701e-08,0.00037344074623446333
3.4581853278069514e-06,0.49289080090536946,3.76,0.0,0.04947852959602482,0.8751900601368071,0.12694550823003933,0.002580777766867586,0.00891542886211675,0.052796102257620645,0.10709587509229611,6.519873153492322e-09,0.2755910915545177,7.103340973351072e-05,0.000971723723351825,0.04664792965224397,0.0028252318359648213,0.00023595076405875462,0.000672649782184574,0.025351992322627928,0.2859974240522212,0.000736148558333007,0.0007756913529876453,0.004458191706850235,0.01537761508488228,0.005355044135144293,0.0027635248105986904,0.012884086665086966,2.5000785291340046e-07,0.02395175694816244,4.5224962360927764e-08,0.0032189831755182635,0.0024549944838565445,0.003047036330850739,9.100878463940053e-06,8.743854932812893e-07,0.01348546177710267,0.006318889077485601,0.009430882416906546,0.0030021363974082585,4.3507577379880826e-08,4.454370988663056e-09,0.0030418473157355084,0.0006051599080917914,3.7128958563083076e-05,3.6277315890440217e-06,3.361781159575139e-06,0.0013033295923863637,1.104196689701297e-05,8.755458492798042e-10,9.12931507082213e-08,0.00038340421585892335
3.468226615609116e-06,0.4930297592421105,3.76,0.0,0.04837033804314665,0.8739286140819521,0.12796569517673348,0.0026291934121671604,0.008833466742227342,0.05262426811184033,0.10772434090557098,6.381486167855534e-09,0.27636974513413265,6.977463420604278e-05,0.0009723502374680701,0.04755621137275403,0.0028273756538158405,0.00023751230997188277,0.0006613116362817881,0.025067128685484823,0.2858255824008808,0.0007254160248363014,0.0007676439523946163,0.0045293994834025905,0.015544277038971616,0.005344839913227754,0.0027454346246267077,0.01291147911626665,2.453806732433236e-07,0.024396897793047923,4.5244907909023364e-08,0.0032411722728209256,0.0024382571016507396,0.0030503954873451924,9.246119877963062e-06,8.739021739353651e-07,0.013677525302870861,0.006407917053918932,0.00955932133924999,0.00309497004808738,4.4225848184514805e-08,4.398778729897633e-09,0.003124687430170125,0.000629410403570989,3.764318603824974e-05,3.6790228719764256e-06,3.408629166816539e-06,0.0013318033516212838,1.116391032152815e-05,8.735090873626985e-10,9.106554828304791e-08,0.000393428675140566
3.4782679034112806e-06,0.49316610227280716,3.76,0.0,0.04729500039485213,0.8726797163458625,0.12897273583556887,0.0026777576013838084,0.008749815157681758,0.052454100265125016,0.10834983732670712,6.2436163162737575e-09,0.2771274606120751,6.850898216977683e-05,0.0009727368867346533,0.04846668624945873,0.002829576109843918,0.00023905463397109848,0.0006500498678438737,0.02478007923198135,0.2856317706190544,0.0007146799070408953,0.0007595294124134815,0.004600664873330091,0.015709428963527967,0.005332318678758677,0.0027264228427188696,0.012933667733780891,2.408004086061251e-07,0.024840086134984618,4.524721804084437e-08,0.003262522014573095,0.002420695173921659,0.0030523989168621357,9.38936898832017e-06,8.730446635586246e-07,0.01386813587536314,0.00649616056075104,0.009686025806595966,0.0031888352964885894,4.4938773828687564e-08,4.3428107259069945e-09,0.0032082615286483907,0.0006541238467857048,3.8145962760265555e-05,3.7297984989300406e-06,3.453855220921656e-06,0.0013601237384581733,1.1278154973379764e-05,8.710346514685815e-10,9.079185425153918e-08,0.00040350809486921374
3.4883091912134452e-06,0.4932998864586266,3.76,0.0,0.046251638724424816,0.8714435673438133,0.12996660121510323,0.0027264559203265125,0.008664612392888228,0.05228563791293615,0.10897210083796405,6.1064442011075654e-09,0.27786479703396805,6.723847673126843e-05,0.0009728846451989066,0.049378971763184,0.0028318312556555275,0.00024057795668699155,0.0006388727682283703,0.024491171643074034,0.2854172087047629,0.0007039517446823313,0.000751356458104956,0.004671948045305591,0.015873032268963947,0.005317544757071785,0.0027065406885393444,0.012950720169078812,2.3626978143952358e-07,0.025281116015737584,4.523222830036548e-08,0.003283036512833552,0.002402354473825551,0.0030530669614578804,9.530531837377123e-06,8.718207798080371e-07,0.014057227395499352,0.00658359591033169,0.009810952116534866,0.0032836833509980556,4.564610115335571e-08,4.286540912636645e-09,0.003292528793357903,0.0006792877912889428,3.863680769829361e-05,3.7800411567850738e-06,3.49745755552461e-06,0.001388273619912633,1.138467316230272e-05,8.681375245202609e-10,9.047365562957655e-08,0.00041363647674031633
3.49835047901561e-06,0.4934311676428036,3.76,0.0,0.04523938384276079,0.8702203481348718,0.13094727567486478,0.0027752743860750407,0.008577993969649207,0.052118916919598135,0.10959087951901816,5.970139354913895e-09,0.2785823046055251,6.596505965312693e-05,0.0009727947837425508,0.05029269011360766,0.0028341388516074737,0.00024208248173692373,0.0006277880515863594,0.02420072304678597,0.285183084315171,0.0006932424945137397,0.0007431335432843798,0.004743209857244732,0.016035051120687677,0.005300585308879902,0.002685839091724205,0.012962710709663802,2.3179127779109088e-07,0.02571979031149036,4.52002928246865e-08,0.003302720831708441,0.002383280585288762,0.003052421849887888,9.669519438467521e-06,8.702387801647579e-07,0.014244736747956005,0.0066702012084296726,0.00993406068412121,0.0033794647862370845,4.634759342293274e-08,4.230040392182134e-09,0.003377448225544062,0.0007048892230860594,3.911526551727223e-05,3.829734463798392e-06,3.539439724012522e-06,0.0014162368222034802,1.1483460486337736e-05,8.648331447851051e-10,9.011258798379898e-08,0.000423807867833696
3.5083917668177745e-06,0.49356000097254876,3.76,0.0,0.04425737656496287,0.8690102209074345,0.131914756337807,0.002824199459018986,0.008490092391173416,0.05195396990680477,0.1102059332278598,5.834860110942757e-09,0.27928052414212323,6.469058912334983e-05,0.0009724688690256947,0.05120746880982549,0.002836496390724625,0.00024356839549271857,0.0006168028675786562,0.023909039734619476,0.28493055180920784,0.0006825625318359418,0.0007348688446562645,0.004814411939857021,0.01619545240818869,0.005281509999884758,0.0026643685381831594,0.012969719859409583,2.2736715483885127e-07,0.02615592082642743,4.515178275909577e-08,0.003321580928246634,0.002363518766579828,0.0030504875749286925,9.806247833683625e-06,8.683073241731555e-07,0.014430603803064084,0.0067559563170529096,0.010055315954025975,0.0034761296537230485,4.704303004370865e-08,4.1733773776531805e-09,0.0034629787346016462,0.000730914603852296,3.9580907441418554e-05,3.878862951126186e-06,3.5798103030285342e-06,0.0014439981428882901,1.1574534818203173e-05,8.611373287943976e-10,8.971032720371895e-08,0.00043401637438542876
3.518433054619939e-06,0.4936864408300358,3.76,0.0,0.04330476885370264,0.867813329493881,0.1328690525018524,0.0028732180525643416,0.008401036914492137,0.051790826345975406,0.11081703372846825,5.700753713740357e-09,0.27995998659464727,6.341683806076905e-05,0.0009719087610232048,0.05212294122453139,0.002838901122197764,0.0002450358669882759,0.0006059238155870241,0.02361641693676464,0.28466073147256127,0.0006719216544866517,0.0007265702572549976,0.004885516773574855,0.016354205707044763,0.005260390674863269,0.002642178931742226,0.012971833916237003,2.2299944885148324e-07,0.026589328349711217,4.508708468882615e-08,0.003339623593780683,0.0023431138233649135,0.003047289769291281,9.940638130891605e-06,8.660354358942995e-07,0.01461477141164699,0.006840842813781649,0.010174686301332619,0.0035736275903660362,4.773220626774681e-08,4.116617152037295e-09,0.0035490792240736105,0.0007573499147431238,4.003333199212129e-05,3.9274120431245795e-06,3.6185825818583393e-06,0.0014715433579435035,1.1657935214475954e-05,8.570661977775678e-10,8.926858153781843e-08,0.0004442561748111793
3.5284743424221037e-06,0.4938105407720082,3.76,0.0,0.04238072484414585,0.86662979991034,0.13381018505287415,0.0029223175406075104,0.008310953350573233,0.05162951265389184,0.11142396476784186,5.5679567363190085e-09,0.28062121264703166,6.214549292801806e-05,0.0009711166092027216,0.053038747111117224,0.002841350074387932,0.0002464850479573111,0.0005951569602163342,0.02332313865307175,0.2843747089148777,0.0006613290890651836,0.0007182453911205226,0.004956487758786224,0.01651128323442031,0.005237301037984504,0.0026193194671589566,0.012969144549270601,2.186899834970304e-07,0.027019842677890364,4.50065990905026e-08,0.0033568563959814435,0.0023221099913588584,0.003042855580814129,1.0072616520919787e-05,8.634324667381439e-07,0.014797185393177089,0.006924843948044576,0.010292143922330637,0.0036719079244776926,4.841493285467145e-08,4.059822041240053e-09,0.003635708674329684,0.0007841807005460502,4.047216560048842e-05,3.975368036661357e-06,3.6557742412638426e-06,0.0014988592240574717,1.173372076133642e-05,8.526361040364328e-10,8.878908392972888e-08,0.00045452153194688963
3.5385156302242683e-06,0.49393235347752684,3.76,0.0,0.04148442175552616,0.8654597409177263,0.13473818588127617,0.0029714857628850263,0.00821996389127584,0.051470052291069456,0.11202652210511704,5.436595084486771e-09,0.28126471238090955,6.0878153021834653e-05,0.0009700948474038953,0.053954533083251495,0.0028438400772712747,0.00024791607299127675,0.0005845078478925907,0.023029477536617854,0.2840735346287749,0.0006507934991722671,0.0007099015691358649,0.005027289279349849,0.01666665979862912,0.005212316340944611,0.002595838514449678,0.012961748377458733,2.1444037842016368e-07,0.02744730260485546,4.491073881692673e-08,0.003373287621867528,0.002300550828602537,0.003037213547586917,1.0202114275939384e-05,8.605080588220409e-07,0.014977794517632594,0.007007944594750943,0.010407664716630292,0.0037709197789994853,4.90910356695333e-08,4.003051405122891e-09,0.0037228262217318367,0.0008113921139340671,4.0897063095660585e-05,4.022718079653931e-06,3.6914070251466683e-06,0.0015259334764228857,1.180196937018555e-05,8.478635619344447e-10,8.827358468522374e-08,0.0004648068044801089
3.548556918026433e-06,0.4940519307033799,3.76,0.0,0.04061505069467101,0.8643032446003744,0.13565309730414216,0.0030207110283139876,0.008128186962159738,0.05131246586233719,0.11262451349563565,5.306784147238279e-09,0.28189098500279924,5.9616330209346554e-05,0.0009688461874874239,0.054869953056734026,0.0028463677842658274,0.0002493290598074709,0.0005739815243707582,0.022735694826601593,0.2837582237001509,0.0006403229954496917,0.0007015458259521237,0.005097886759420966,0.016820312743331928,0.005185513080336208,0.0025717835143851233,0.01294974655150102,2.102520580233571e-07,0.027871555881513004,4.479992761839608e-08,0.0033889262219841286,0.0022784791173223627,0.0030303934736161616,1.0329067730113322e-05,8.572721090175787e-07,0.015156550481437697,0.007090131205673319,0.010521228161881984,0.003870612171688208,4.976035528195814e-08,3.946361640448394e-09,0.0038103912341270977,0.0008389689595937311,4.130770807079043e-05,4.069450149030119e-06,3.7255064082194494e-06,0.0015527548223288423,1.1862776535876834e-05,8.427651842985377e-10,8.772384449552215e-08,0.0004751064575524106
3.5585982058285975e-06,0.4941693232466646,3.76,0.0,0.03977181735694166,0.8631603869587622,0.1365549714947395,0.0030699821164432727,0.008035737100055432,0.05115677121912735,0.1132177586329071,5.178629405478489e-09,0.28250051862932235,5.8361449078228454e-05,0.0009673736118301454,0.05578466865364886,0.0028489296933889244,0.0002507241096173699,0.0005635825529771156,0.022442040327240547,0.28342975565924383,0.0006299251472107073,0.0006931849079260243,0.005168246713661365,0.016972221886932124,0.0051569687054975775,0.0025472008849367076,0.012933244340783492,2.0612626038434402e-07,0.028292459147380114,4.467459869886048e-08,0.0034037817559398123,0.0022559367752599097,0.003022426305602264,1.0453418243632327e-05,8.537347338224384e-07,0.015333407877868573,0.007171391758955851,0.010632817182334631,0.0039709341120265735,5.0422746547799116e-08,3.889806193446392e-09,0.0038983633825402614,0.0008668957380147392,4.170381312931701e-05,4.1155530282899295e-06,3.7581012626378177e-06,0.0015793129308625893,1.191625406963765e-05,8.373576188759182e-10,8.714162783736508e-08,0.00048541507252019064
3.568639493630762e-06,0.494284580914059,3.76,0.0,0.038953942630147585,0.8620312285130204,0.13744386992098412,0.0031192882771392187,0.007942724854213167,0.051002983563002556,0.11380608905146984,5.052226555084729e-09,0.28309379012603164,5.711484746822403e-05,0.0009656803647488135,0.0566983495690462,0.0028515221677008666,0.0002521013075853257,0.0005533150334225091,0.022148752429319695,0.283089074461959,0.0006196069954597358,0.0006848252739952799,0.005238336790948672,0.017122369457722466,0.005126761337917477,0.00252213593839073,0.012912350726877088,2.0206404624263315e-07,0.028709877836313263,4.45351933168444e-08,0.0034178643394647125,0.002232964776298704,0.0030133440113544047,1.0575112151287373e-05,8.49906235161884e-07,0.015508324162305749,0.007251715707102051,0.010742418012411022,0.004071834694656008,5.1078078128787833e-08,3.833435587177104e-09,0.003986702708969468,0.0008951566887425417,4.2085120014832505e-05,4.161016284828172e-06,3.789223526304964e-06,0.0016055984190369665,1.1962528818004758e-05,8.316574892909753e-10,8.652869676552252e-08,0.0004957273558676397
3.5786807814329268e-06,0.49439775249729867,3.76,0.0,0.03816066310704298,0.8609158149141103,0.13831986279429465,0.003168619228631604,0.007849256709780436,0.05085111554997392,0.11438934799368267,4.9276616232163716e-09,0.283671264995546,5.587777735147325e-05,0.0009637699429402514,0.05761067390057647,0.002854141454997218,0.0002534607233679439,0.0005431826210340744,0.021856058171044544,0.282737088591112,0.0006093750671089237,0.0006764730974176228,0.005308125811737026,0.01727074002532134,0.00509496950310524,0.0024966328087915528,0.012887178005010103,1.9806630800154425e-07,0.029123686058575786,4.4382159436783525e-08,0.0034311845931294374,0.0022096030801613997,0.003003179460325682,1.069410069674643e-05,8.45797067229626e-07,0.015681259612709796,0.00733109392377471,0.010850020056415725,0.004173263189157301,5.172623202360907e-08,3.7772974590716685e-09,0.0040753696902164705,0.0009237358329108395,4.2451399628441434e-05,4.205830247159816e-06,3.818907875310625e-06,0.0016316028346620966,1.2001741378286025e-05,8.256813431229509e-10,8.588680510886581e-08,0.0005060381472717761
3.5887220692350914e-06,0.4945088857543878,3.76,0.0,0.03739123151201257,0.8598141775597589,0.1391830285300986,0.0032179651540467213,0.007755435032306531,0.050701177395191685,0.1149673902434775,4.805011724186063e-09,0.28423339731082803,5.4651406029334194e-05,0.0009616460850294049,0.05852132844167514,0.002856783706718439,0.0002548024117246862,0.000533188546264427,0.02156417333488566,0.28237467126743726,0.0005992353902088348,0.0006681342683005355,0.005377583799254162,0.017417320428919816,0.005061671875674921,0.002470734389327229,0.012857841394781596,1.9413377869861853e-07,0.02953376646142338,4.4215950426709656e-08,0.0034437535928410175,0.0021858905709036145,0.0029919663067065104,1.0810339953710622e-05,8.414178044704092e-07,0.015852177285692347,0.007409518649718638,0.010955615745424337,0.0042751691260322034,5.2367103108300956e-08,3.7214366038131278e-09,0.004164325297710367,0.0009526170148864951,4.28024519380507e-05,4.249985982172666e-06,3.847191402712034e-06,0.00165731863627921,1.2034044820203906e-05,8.194455999750122e-10,8.521769307692283e-08,0.0005163424268251031
3.598763357037256e-06,0.49461802739608285,3.76,0.0,0.036644917047512465,0.8587263342124369,0.14003345322109007,0.0032673166965540078,0.007661358031938613,0.05055317697761956,0.11554008193007989,4.684345303117001e-09,0.2847806296895921,5.343681761390485e-05,0.000959312760319462,0.05943000893905581,0.0028594449960517247,0.00025612641319052484,0.0005233356343493031,0.021273302577158013,0.28200266076047326,0.0005891935100208255,0.0006598143968503815,0.005446682004748583,0.01756209970284141,0.005026947038237638,0.0024444822792316356,0.01282445866124139,1.90267040895707e-07,0.029940010070345937,4.403702380720282e-08,0.0034555828222105154,0.0021618650038905214,0.002979738875469946,1.0923790735122424e-05,8.367791107745204e-07,0.016021042968548352,0.007486983438094883,0.011059200392332526,0.004377502378765424,5.3000598615246177e-08,3.665895027268215e-09,0.0042535310533085196,0.0009817839428753023,4.313810578449663e-05,4.293475272515346e-06,3.874113305608279e-06,0.0016827391704709622,1.2059603422490981e-05,8.129665030853993e-10,8.452308227994121e-08,0.0005266353214266609
3.6088046448394206e-06,0.49472522307719985,3.76,0.0,0.03592100566575374,0.8576522896168833,0.14087123012418512,0.003316664953251432,0.007567119745954391,0.050407119944331655,0.11610730030465731,4.5657221496873134e-09,0.2853133933060024,5.223501476320082e-05,0.0009567741568397061,0.06033642031541023,0.002862121335205611,0.00025743275480180205,0.0005136263249962919,0.02098363958715658,0.28162186078974083,0.0005792545057694464,0.0006515188172715665,0.005515392927025093,0.017705068999894342,0.004990873254549424,0.0024179167397455742,0.012787149747324329,1.8646653544666716e-07,0.03034231611305006,4.38458400586901e-08,0.0034666841268666026,0.002137562960908595,0.0029665320517187443,1.1034418491586782e-05,8.31891709946169e-07,0.016187825127607997,0.007563483099493194,0.01116077204597103,0.004480213241871704,5.3626637626100915e-08,3.610712009296016e-09,0.004342949081081598,0.0010112202283529947,4.3458218589816715e-05,4.336290594213044e-06,3.8997145822057645e-06,0.0017078586468565666,1.2078591432309711e-05,8.062600795752572e-10,8.380467116192807e-08,0.0005369121103569942
3.6188459326415853e-06,0.4948305173923129,3.76,0.0,0.035218800271005615,0.8565920361148643,0.1416964591619767,0.003366001467912569,0.007472810038271309,0.05026300981409779,0.11666893349279035,4.449194248974985e-09,0.2858321079360038,5.104692063990087e-05,0.0009540346687872238,0.06124027685833881,0.0028648086918433373,0.00025872145086681036,0.0005040626919984861,0.020695367272765886,0.2812330410069821,0.0005694230079243979,0.0006432525922486568,0.005583690326527367,0.0178462215129727,0.004953528257223524,0.0023910766586549277,0.012746036418492947,1.8273257011020725e-07,0.030740591828200946,4.364286148299015e-08,0.0034770696707704172,0.0021130198130374293,0.002952381173640824,1.1142193200146056e-05,8.267663575095932e-07,0.01635249485325851,0.007639013646867746,0.011260331345119176,0.004583252504856497,5.424515060253232e-08,3.5559241683706135e-09,0.004432542155110656,0.001040909424201692,4.376267597330869e-05,4.378425094588678e-06,3.924037740325458e-06,0.0017326721110717724,1.2091191854470565e-05,7.993421006910821e-10,8.306413084292837e-08,0.0005471682300568049
3.62888722044375e-06,0.49493395387542954,3.76,0.0,0.03453762085775911,0.855545554255072,0.1425092464393532,0.0034153182227152474,0.007378514614578925,0.05012084807995346,0.11722488022557842,4.334806166879616e-09,0.28633718203280906,4.987338106469424e-05,0.0009510988834580886,0.062141302376643656,0.002867503004666051,0.00025999250377300293,0.0004946464626779514,0.020408657969572298,0.28083693755060896,0.0005597032158727683,0.0006350205179470257,0.005651549234242946,0.01798555239533818,0.004914989050187028,0.0023639995229064676,0.012701241920314106,1.790653279772266e-07,0.031134752260867406,4.342855111899028e-08,0.0034867518945696087,0.0020882696908848973,0.002937321929337906,1.1247089244522709e-05,8.214138138944726e-07,0.01651502580197654,0.007713572240619998,0.011357881373175982,0.0046865715220413525,5.485607885657256e-08,3.5015655331699907e-09,0.004522273743343301,0.0010708350614475326,4.40513912812896e-05,4.419872570553692e-06,3.9471265185640135e-06,0.0017571754160235575,1.2097595276537421e-05,7.922280438021773e-10,8.230310136394449e-08,0.0005573992781328488
3.6389285082459145e-06,0.49503557500324774,3.76,0.0,0.03387680458983178,0.8545128133962523,0.14330970377581814,0.003464607629067915,0.007284315051759062,0.049980634310477674,0.11777504955209572,4.222594904192799e-09,0.2868290128292691,4.871516683652504e-05,0.0009479715677622374,0.06303923032520775,0.0028702001981416015,0.00026124590482315906,0.00048537903707471215,0.020123673670631406,0.28043425366391733,0.0005500989158534776,0.0006268271294703583,0.005718945955718933,0.01812305867998811,0.004875331725942377,0.002336721398790514,0.012652890649572333,1.754648756837368e-07,0.03152472004653076,4.320337171932531e-08,0.0034957434760134252,0.002063345461772742,0.002921390257751509,1.1349085287910305e-05,8.158448190247906e-07,0.01667539413570184,0.0077871571340318345,0.011453427514174597,0.004790122278226334,5.5459374028222834e-08,3.447667622068835e-09,0.004612108047573166,0.0011009806845104072,4.4324305036674425e-05,4.460627447320152e-06,3.9690256210928595e-06,0.0017813651916976253,1.2097998735046138e-05,7.849330643102477e-10,8.152318832538296e-08,0.0005676010166179156
3.648969796048079e-06,0.495135422201616,3.76,0.0,0.033235705825315806,0.8534937723018511,0.14409794825392866,0.0035138625176455414,0.007190288840285531,0.04984236624952613,0.11831936053580483,4.112590778402597e-09,0.28730798646404015,4.757297619340593e-05,0.0009446576544140892,0.06393380389976147,0.0028728961963790755,0.0002624816350932689,0.0004762615068071035,0.019840566274176154,0.2800256603690515,0.0005406134990369515,0.0006186767067162407,0.0057858580704862154,0.018258739198489075,0.004834631297585217,0.0023092769191739603,0.01260110783940593,1.7193117138770134e-07,0.03191042518542884,4.296778478561184e-08,0.0035040572924361604,0.0020382787134486033,0.0029046222538715734,1.1448164139354828e-05,8.100700683374818e-07,0.016833578458872112,0.007859767619232265,0.011546977310754604,0.004893857450181566,5.605499763003751e-08,3.394259522011436e-09,0.00470201003962206,0.001131329884891359,4.4581384314639966e-05,4.500684757574458e-06,3.989780466863907e-06,0.001805238813783716,1.209260462723069e-05,7.774719679066975e-10,8.072595990773486e-08,0.0005777693745145623
3.6590110838502437e-06,0.49523353585484203,3.76,0.0,0.03261369609207913,0.8524883797246396,0.14487410178416074,0.003563076127742069,0.0070965094383308195,0.04970603991419728,0.11885774193741598,4.0048179909941e-09,0.28777447812866225,4.644743738893292e-05,0.0009411622278880594,0.06482477610289965,0.0028755869361531956,0.0002636996663053459,0.00046729467353896634,0.01955947784669198,0.27961179718914486,0.0005312499796439316,0.0006105732805742523,0.005852264427196244,0.018392594499629027,0.004792961545431102,0.002281699277266566,0.012546019258841842,1.6846407249296467e-07,0.03229180480891288,4.2722249658207016e-08,0.003511706385303175,0.002013099743893972,0.002887054078375845,1.1544312614725264e-05,8.04100190247035e-07,0.01698955975342703,0.00793140397386177,0.011638540324636683,0.004997730463978405,5.664292053534943e-08,3.3413679701693953e-09,0.004791945493817612,0.0011618663332373011,4.482262205072971e-05,4.5400401211429104e-06,4.009436953789551e-06,0.0018287943713696212,1.2081619671858143e-05,7.698591820332687e-10,7.991294426134033e-08,0.0005879004496546216
3.6690523716524084e-06,0.49532995531751584,3.76,0.0,0.032010164018323725,0.8514965749799699,0.14563829068640807,0.0036122420960412412,0.0070030463363493075,0.04957164969083241,0.11939013188655559,3.899294282977048e-09,0.28822885223285766,4.533911136114869e-05,0.0009374905102246651,0.06571190978276036,0.0028782683790864036,0.00026489996170883667,0.0004584790669983467,0.01928054089893139,0.2791932729115105,0.0005220110130078548,0.0006025206394140977,0.005918145134777756,0.018524626768213214,0.0047503948780149765,0.002254020226407274,0.012487750927002099,1.6506334310428294e-07,0.03266880293939689,4.2467222665488584e-08,0.003518703926802003,0.001987837556795338,0.0028687218718130673,1.1637521393225756e-05,7.979457250531561e-07,0.017143321312077978,0.00800206740858015,0.011728128000077337,0.0051016955481877225,5.722312245683369e-08,3.2890174426336567e-09,0.004881881015870746,0.0011925738097360995,4.5048036287791524e-05,4.578689725170155e-06,4.028041238278695e-06,0.0018520306339398786,1.2065253922025185e-05,7.621087381703776e-10,7.908562725054194e-08,0.0005979905099084404
3.679093659454573e-06,0.49542471892852996,3.76,0.0,0.031424515222493545,0.8505182885064713,0.14639064528822857,0.0036613544449021784,0.0069099651309547086,0.04943918842887273,0.11991647754447539,3.7960317668674625e-09,0.28867146258554743,4.424849447196375e-05,0.0009336478467688983,0.06659497764581304,0.002880936522999725,0.0002660824769647552,0.0004498149625009685,0.01900387867258921,0.27877066638520664,0.0005128989134953842,0.000594522335814457,0.005983481549921359,0.01865483974430344,0.0047070022071490185,0.00222627008536519,0.012426428842158402,1.617286612009592e-07,0.03304137024538008,4.2203156332550476e-08,0.003525063188450681,0.0019625198622472886,0.00284966167340994,1.1727784870352309e-05,7.916171052861914e-07,0.01729484867012703,0.0080717600155463,0.01181575353071709,0.00520570778298836,5.779559152021923e-08,3.2372302413140135e-09,0.0049717840682672355,0.0012234362328077386,4.5257669368126184e-05,4.616630304823664e-06,4.045639530339564e-06,0.0018749470178997022,1.2043719832068101e-05,7.542342554692334e-10,7.824545053627689e-08,0.0006080359937792872
3.6891349472567376e-06,0.49551786402700815,3.76,0.0,0.030856172166604592,0.8495534424131607,0.1471312995398676,0.0037104075702504005,0.006817327606961872,0.049308647532423214,0.12043673475989806,3.695037731457582e-09,0.28910265258927204,4.317602129692275e-05,0.000929639691918138,0.06747376224522567,0.002883587412446536,0.0002672471610271341,0.00044130239793966735,0.01872960543551068,0.2783445273467553,0.0005039156722093938,0.0005865816934865588,0.006048256261198041,0.018783238643173293,0.004662852836655942,0.0021984777486610636,0.012362178725722503,1.5845962552161953e-07,0.033409463792922076,4.193049864318874e-08,0.0035307975116864224,0.0019371730822612234,0.0028299093445509622,1.1815101008145419e-05,7.85124637483504e-07,0.017444129536105975,0.0081404847179821,0.011901431730174656,0.005309723145243042,5.836032379183347e-08,3.1860265796329614e-09,0.005061622992295883,0.001254437686069206,4.545158707716601e-05,4.653859124530364e-06,4.062277904305823e-06,0.0018975435528288949,1.2017231380089534e-05,7.462489204008051e-10,7.73938099801782e-08,0.0006180335104194877
3.699176235058902e-06,0.49560942696986604,3.76,0.0,0.030304573976849686,0.8486019510120905,0.14786039064601283,0.003759396229159181,0.006725191826519159,0.049180017049393926,0.1209508677199587,3.596314086296801e-09,0.2895227554458846,4.212206744667554e-05,0.000925471594952102,0.06834805594629423,0.0028862171484459933,0.00026839395701683564,0.00043294119020834316,0.018457826783455165,0.2779153772682378,0.0004950629744079349,0.0005787018143496843,0.006112453070113634,0.018909830076226576,0.004618014364336004,0.0021706707014293495,0.012295125781178017,1.55255762154555e-07,0.03377304679485031,4.1649692357150225e-08,0.0035359202803898894,0.0019118223606611096,0.002809500496951628,1.1899471183537178e-05,7.784784853755609e-07,0.017591153721493433,0.008208245220917034,0.011985178906682324,0.005413698549611862,5.8917322769131275e-08,3.135424674208976e-09,0.005151367026842581,0.0012855624435618132,4.5629877744901427e-05,4.690373959745647e-06,4.07800212510424e-06,0.001919820847654596,1.1986003247010096e-05,7.381654775815777e-10,7.653205435252673e-08,0.0006279798391055639
3.709217522861067e-06,0.4956994431507544,3.76,0.0,0.02976917623510708,0.8476637213358027,0.14857805871416374,0.0038083155272003004,0.0066336122243161365,0.04905328575810761,0.1214588485980613,3.499858041611475e-09,0.28993209437155787,4.108695240307876e-05,0.0009211491860123273,0.06921766087041861,0.002888821897435248,0.00026952280308322276,0.0004247309510358077,0.01818863994658718,0.2774837102224246,0.00048634221658141265,0.0005708855857188568,0.0061760569693952196,0.01903462197310108,0.004572552596676425,0.0021428750383574603,0.012225394467884714,1.5211653082924735e-07,0.0341320883588787,4.1361174384556497e-08,0.003540444895293699,0.0018864915769581257,0.0027884704255190674,1.1980900035537729e-05,7.716886544534247e-07,0.01773591306975405,0.008275045963195879,0.01206701274200397,0.005517591885785038,5.946659899087497e-08,3.0854408348176035e-09,0.005240986324084979,0.0013167949932399387,4.579265131113586e-05,4.726173079249951e-06,4.092857489859291e-06,0.0019417800569158173,1.195025005251194e-05,7.29996223852295e-10,7.566148432590077e-08,0.0006378719282100568
3.7192588106632314e-06,0.49578794702015144,3.76,0.0,0.029249450744761304,0.8467386536389874,0.1492844464194417,0.003857160905637377,0.006542639707911553,0.04892844125128449,0.12196065720033356,3.4056632145636283e-09,0.290330982819313,4.007094235439225e-05,0.0009166781622934487,0.07008238881910303,0.002891397899461599,0.00027063363324962564,0.00041667110221108825,0.01792213409901334,0.2770499937600318,0.0004777545231383616,0.0005631356875681946,0.0062390541187978595,0.019157623505155853,0.0045265314757710175,0.0021151154862574634,0.012153108289618306,1.4904133090799097e-07,0.03448656323571936,4.106537521124185e-08,0.003544384750218191,0.0018612033638085086,0.00276685404587011,1.2059395311951943e-05,7.647649778912207e-07,0.01787840138493124,0.008340892070818328,0.012146952174827455,0.0056213620519268955,6.000816962096793e-08,3.0360895496754675e-09,0.005330451962226432,0.0013481200587296034,4.59400383604778e-05,4.761255227963893e-06,4.106888684522867e-06,0.001963422847277034,1.1910185647754855e-05,7.217529947699608e-10,7.478335173608487e-08,0.0006477068937077803
3.729300098465396e-06,0.4958749721063918,3.76,0.0,0.02874488527402613,0.8458266418838654,0.1499796986856081,0.003905928128529194,0.006452321762287768,0.04880547001733479,0.12245628061222519,3.3137188860302046e-09,0.29071972470744195,3.907425301552228e-05,0.0009120642745032353,0.07094206117944225,0.002893941475637556,0.00027172637823896973,0.0004087608901873408,0.017658390669826638,0.2766146697946035,0.000469300762657836,0.000555454599836459,0.006301431818710897,0.019278845010516864,0.004480013017885171,0.0020874154298455836,0.012078389597648079,1.4602950707906764e-07,0.03483645156817314,4.0762718373633766e-08,0.003547753210072931,0.0018359791276732775,0.0027446858364548418,1.2134967716263586e-05,7.577171037898659e-07,0.018018614360010565,0.00840578931166701,0.012225017288776879,0.005724968984432086,6.054205795838416e-08,2.987383575235837e-09,0.005419735955410893,0.0013795226193738725,4.607218913277944e-05,4.795619610269616e-06,4.120139655125364e-06,0.001984751364432703,1.1866022464312978e-05,7.134471617623944e-10,7.389885909170391e-08,0.0006574820172540502
3.7393413862675607e-06,0.49596055103743636,3.76,0.0,0.02825498327974525,0.8449275742089386,0.1506639623820162,0.003954613269804742,0.006362702557799072,0.04868435751890198,0.12294571284666306,3.224010401671626e-09,0.2910986146523418,3.8097052420713e-05,0.0009073133136429624,0.07179650881253359,0.0028964490348831907,0.00027280096627634633,0.00040099940005661395,0.017397483654258084,0.2761781554909221,0.00046098156367347325,0.0005478446097440912,0.006363178481832767,0.019398297920834008,0.0044330572630764285,0.0020597969403262388,0.012001359408100003,1.4308035475361855e-07,0.03518173864209154,4.045361998605972e-08,0.0035505635905587933,0.0018108390723142699,0.0027219997852140684,1.2207630755271185e-05,7.505544836995774e-07,0.018156549505258152,0.008469744051668867,0.01230122920514821,0.005828373684102952,6.106829308381021e-08,2.9393340253708756e-09,0.005508811260962102,0.0014109879285898314,4.61892725145059e-05,4.829265873823359e-06,4.13265349316612e-06,0.0020057682005296474,1.181797091839973e-05,7.050896355656968e-10,7.300915931412175e-08,0.0006671947438719609
3.7493826740697253e-06,0.49604471556320806,3.76,0.0,0.027779263614437184,0.8440413333808438,0.15133738603617458,0.0040032127003661365,0.006273823060742406,0.04856508826861785,0.12342895449504401,3.136520641008787e-09,0.29146793820442624,3.7139463677482136e-05,0.0009024310981543347,0.07264557192622381,0.002898917079981496,0.00027385732386570386,0.00039338556889225487,0.01713947992366913,0.27574084415323113,0.0004527973299608093,0.0005403078190939607,0.006424283603172012,0.01951599468988129,0.004385722235262883,0.0020322808063994815,0.011922137233305256,1.4019312516976022e-07,0.03552241464001379,4.0138488315647564e-08,0.0035528291395026733,0.0017858022247778927,0.0026988293406815236,1.2277400588007926e-05,7.432863623799083e-07,0.01829220607672467,0.008532763212424327,0.012375609980433286,0.0059315382388636685,6.158690951270447e-08,2.8919504532646526e-09,0.005597651784091272,0.0014425015305688054,4.6291475016274194e-05,4.862194093842188e-06,4.144472334596306e-06,0.0020264763622197756,1.1766238869118464e-05,6.966908583862433e-10,7.211535568936396e-08,0.0006768426792851015
3.75942396187189e-06,0.4961274965783306,3.76,0.0,0.02731726021914866,0.843167797229152,0.15200011956157092,0.004051723075270226,0.006185721145838985,0.04844764590204854,0.1239060123822228,3.051229156204009e-09,0.29182797208591016,3.6201567671914766e-05,0.0008974234614738628,0.07348909993356598,0.0029013422129733893,0.0002748953765382187,0.0003859181984597519,0.016884439533246334,0.27530310610991937,0.0004447482553053777,0.0005328461515308382,0.006484737728620114,0.019631948724112447,0.004338063912120331,0.0020048865673334437,0.011840840926791886,1.3736703020960944e-07,0.035858474398196685,3.9817723400648716e-08,0.003554563019754872,0.0017608864635357848,0.0026752073674262146,1.234429587642722e-05,7.359217687549462e-07,0.01842558500509255,0.008594854230329107,0.012448182508662517,0.0060344258431325555,6.209794673044459e-08,2.845240935741586e-09,0.00568623238021736,0.001474049275357646,4.637899974153779e-05,4.894404757846484e-06,4.15563727179558e-06,0.0020468792394418077,1.1711031129194556e-05,6.882608049735469e-10,7.12185020141726e-08,0.0006864235869312043
3.7694652496740545e-06,0.4962089241451278,3.76,0.0,0.02686852180448474,0.8423068390640429,0.15265231400037016,0.004100141321034532,0.006098431709974165,0.04833201324781777,0.12437689922652889,2.9681121430371475e-09,0.29217898442939627,3.528340571668786e-05,0.0008922962400303909,0.07432695129832097,0.002903721139919817,0.00027591504957027166,0.00037859596730037073,0.01663241602638124,0.27486528959166234,0.00043683433773456204,0.0005254613597369635,0.006544532422329055,0.01974617431526542,0.00429013620418354,0.0019776325477663314,0.011757586541541387,1.3460124693577523e-07,0.03618991716767285,3.949171671472316e-08,0.003555778293577892,0.0017361085484700325,0.0026511661057167964,1.2408337638286701e-05,7.284695080141854e-07,0.018556688825030764,0.008656025017204678,0.012518970428565554,0.006137000813978588,6.260144886891808e-08,2.799212158761316e-09,0.005774528855043108,0.0015056173323642623,4.645206535111736e-05,4.925898750838824e-06,4.166188277903045e-06,0.002066980575017488,1.1652549026408317e-05,6.798089942241721e-10,7.031960291876095e-08,0.0006959353846911594
3.779506537476219e-06,0.4962890275167552,3.76,0.0,0.026432611521996767,0.8414583280768533,0.15329412128058,0.004148464623108187,0.006011986786599867,0.04821817239490745,0.12484163330573116,2.887144315849545e-09,0.29252123501630134,3.4384982134394484e-05,0.0008870552617164126,0.07515899336879503,0.002906050675058954,0.00027691626866929237,0.00037141744219506005,0.016383456734834052,0.2744277216003455,0.00042905539320109735,0.0005181550325436079,0.006603660233113509,0.019858686575092054,0.004241990942526724,0.0019505358939254632,0.01167248820110101,1.3189492185423755e-07,0.03651674637989603,3.9160850874605465e-08,0.0035564879084547083,0.0017114841524093405,0.0026267371352782826,1.2469549102616423e-05,7.209381548086903e-07,0.018685521605209195,0.008716283922445448,0.012587998035521443,0.006239228604191956,6.309746443782244e-08,2.7538694941765786e-09,0.005862517962528437,0.001537192202335216,4.6510905027992185e-05,4.956677340899399e-06,4.176164142832772e-06,0.002086784435135266,1.1590990013753602e-05,6.713444862072019e-10,6.941961434938437e-08,0.0007053761413666284
3.7895478252783838e-06,0.49636783516034494,3.76,0.0,0.02600910662792924,0.8406221297235859,0.15392569398725317,0.004196690413543905,0.005926415660258932,0.0481061047571522,0.12530023812975877,2.8082980550274335e-09,0.2928549755142773,3.350626676984032e-05,0.0008817063348589207,0.0759851022012559,0.0029083277443868985,0.00027789896062606817,0.00036438108901877824,0.016137603073888444,0.27399070876640275,0.0004214110687105489,0.0005109286019409962,0.006662114660084196,0.019969501372272852,0.004193677874402947,0.0019236126109736372,0.011585657983117226,1.2924717491165281e-07,0.03683896941745853,3.882549938536307e-08,0.003556704684244418,0.0016870278939415564,0.0026019513430016418,1.2527955568111787e-05,7.133360474944476e-07,0.018812088879111687,0.008775639696683706,0.012655290198245522,0.006341075812401332,6.358604589122987e-08,2.7092170762349684e-09,0.005950177400900589,0.001568760727857129,4.6555765446473225e-05,4.986742165178055e-06,4.1856024202840865e-06,0.0021062951807827262,1.1526547326192695e-05,6.628758846922354e-10,6.851944419447163e-08,0.0007147440729381547
3.7995891130805484e-06,0.4964453747800657,3.76,0.0,0.02559759814115589,0.8397981060915157,0.1545471851472823,0.004244816358902483,0.005841744980743602,0.04799579113494785,0.1257527421208814,2.7315427772820944e-09,0.29318044971287854,3.264719742602106e-05,0.0008762552377108538,0.07680516237412244,0.002910549388690408,0.00027886305393240695,0.0003574852829976804,0.015894890831807396,0.27355453819249154,0.00041390085488905536,0.0005037833499708747,0.006719890117705437,0.020078635271561965,0.004145244666230644,0.0018968776012154621,0.011497205814834788,1.2665710323604717e-07,0.037156597390297315,3.848602642432264e-08,0.0035564413016136056,0.0016627533712468632,0.0025768388944586865,1.2583584264749084e-05,7.056712833712419e-07,0.01893639757677516,0.008834101456966737,0.012720872280138852,0.0064425101903725955,6.406724932221192e-08,2.665257881212653e-09,0.006037485806837608,0.0016003101024369233,4.658690574958291e-05,5.016095216263246e-06,4.194539385045212e-06,0.0021255174401780363,1.1459409681759693e-05,6.544113556069329e-10,6.761995303874634e-08,0.0007240375386342541
3.809630400882713e-06,0.4965216733400062,3.76,0.0,0.02519769049697308,0.8389861162490957,0.1551587480273295,0.004292840348417204,0.005757998876450607,0.04788721177420179,0.1261991783019527,2.6568472210329054e-09,0.29349789375682256,3.180768221946729e-05,0.0008707077084797626,0.07761906679406799,0.002912712766060306,0.0002798084793633367,0.0003507283183835679,0.015655350452994835,0.2731194782816993,0.0004065240979911642,0.0004967204154880707,0.006776981900456574,0.02018610547519377,0.004096736913327928,0.0018703447029181353,0.011407239380089489,1.2412378462995735e-07,0.0374696449177405,3.814278666332405e-08,0.0035557102916724784,0.001638673196714699,0.0025514292090682254,1.2636464218880762e-05,6.97951714863069e-07,0.019058455957570112,0.00889167865343503,0.012784770065207809,0.006543500647625055,6.454113427712947e-08,2.621993798239744e-09,0.0061244227479586,0.0016318278782185575,4.660459653816825e-05,5.0447388289086885e-06,4.203009999884237e-06,0.0021444560822404713,1.1389761024678751e-05,6.459586286248102e-10,6.672195503050179e-08,0.0007332550368404623
3.818667559904661e-06,0.4965893026449045,3.76,0.0,0.024847375939869985,0.8382654956335693,0.15570079265717826,0.004335973192455906,0.005683435893062454,0.0477909564141984,0.12659581364759606,2.591355321468021e-09,0.2937769168095952,3.1068739259133416e-05,0.0008656371856044096,0.07834623564387776,0.0029146077347955157,0.00028064334627836516,0.000344764291756184,0.015442497130022256,0.2727290813876535,0.00039999847485255185,0.0004904349870294598,0.006827776754909655,0.02028142088529901,0.0040530522277853155,0.0018466485105789942,0.01132506201795434,1.2189154658210548e-07,0.03774748615455985,3.783093561814331e-08,0.003554662790399578,0.0016171768648031877,0.0025283300513610565,1.2681731336595371e-05,6.909635356466963e-07,0.019166392324608254,0.008942749881852235,0.01284085959186551,0.00663398774554868,6.496142511571886e-08,2.5836511828023483e-09,0.006202332248386414,0.0016601568655084588,4.660925102101646e-05,5.0699137052839335e-06,4.210262642135344e-06,0.0021612625651813303,1.1325078323117387e-05,6.383673027849103e-10,6.591566969366257e-08,0.0007414847007535512
3.827704718926609e-06,0.4966559666121615,3.76,0.0,0.024505878058685766,0.8375543997409549,0.15623503125481294,0.0043790206649475995,0.005609653675223869,0.047696074333562134,0.12698759423403672,2.5274797824415976e-09,0.29404978255937947,3.0345434325087026e-05,0.0008604972683636499,0.07906827141621217,0.0029164513993850836,0.0002814629922844468,0.00033890994764462914,0.015232248800596013,0.2723399580255708,0.0003935796578445111,0.0004842176896005348,0.006878012441507857,0.020375416430705538,0.004009372786024391,0.0018231350772220936,0.011241818619652112,1.197038255526576e-07,0.03802164691344728,3.751655782336585e-08,0.0035532554387982325,0.0015958552791634835,0.0025050336937497827,1.2724820256759554e-05,6.839424986985529e-07,0.01927252140712937,0.008993119806122793,0.012895625256237053,0.006724069992589408,6.537588622288423e-08,2.545872299646306e-09,0.006279911455488723,0.0016884419138256128,4.6603450432493544e-05,5.094518252190632e-06,4.2171883753514195e-06,0.002177847273161424,1.125863360298878e-05,6.307964838252627e-10,6.511174657373614e-08,0.000749650816602672
3.836741877948558e-06,0.49672168344939294,3.76,0.0,0.024172934969814593,0.8368527208488912,0.15676157532491125,0.004421981644506911,0.005536665016693284,0.047602550197017625,0.1273745525079876,2.465194632379197e-09,0.2943166481809322,2.9637647589349117e-05,0.0008552920205598563,0.07978511252914942,0.0029182419387314682,0.00028226737374698947,0.00033316390926014616,0.015024617638779566,0.2719522681953241,0.00038726691470277933,0.00047806908191599403,0.00692768721653805,0.02046810575761711,0.0039657276007589,0.0017998124367649424,0.011157582724484846,1.175599214985024e-07,0.038292144315231764,3.7199891580451016e-08,0.0035514970271227748,0.0015747157270088715,0.0024815599557722764,1.2765755358829241e-05,6.768938099492373e-07,0.019376851727982366,0.009042795884211469,0.012949086461941522,0.006813727131666736,6.578456691548736e-08,2.5086565413677644e-09,0.0063571473686740475,0.00171667471636274,4.6587411911921394e-05,5.118554831754959e-06,4.223809883071857e-06,0.0021942141569857103,1.119055026404633e-05,6.232509422773991e-10,6.431068675873848e-08,0.0007577525617640485
3.845779036970506e-06,0.4967864709353817,3.76,0.0,0.023848292720300063,0.8361603500299739,0.15728053609898493,0.004464855128163388,0.00546448133084505,0.04751036843647371,0.12775672321096226,2.404474183446548e-09,0.2945776663942046,2.8945245103840024e-05,0.0008500254581593683,0.08049670234533056,0.0029199776122014304,0.0002830564497642091,0.00032752476746191915,0.014819612975970741,0.27156616158442143,0.00038105944507080996,0.0004719896447024304,0.006976799824968496,0.02055950279805139,0.003922144383584323,0.0017766880230352937,0.011072426231075025,1.1545912912450452e-07,0.03855899727774163,3.688116869765468e-08,0.003549396228107561,0.0015537649373829634,0.0024579281254895552,1.2804561887605608e-05,6.69822510130387e-07,0.01947939252206961,0.009091785718316125,0.013001262729983103,0.006902939662278761,6.618751806067465e-08,2.4720027511711767e-09,0.006434027570719193,0.001744847213370093,4.656135772086919e-05,5.142025999524492e-06,4.230148955405082e-06,0.002210367265753254,1.1120948159063975e-05,6.157351754733745e-10,6.351296354520665e-08,0.0007657891940588414
3.8548161959924544e-06,0.4968503464297113,3.76,0.0,0.023531705083120396,0.8354771773161427,0.15779202444736742,0.0045076402251555,0.005393112712274399,0.04741951327886127,0.1281341432195738,2.3452906532051967e-09,0.2948329855925429,2.826807995622052e-05,0.0008447015449376137,0.08120298904349584,0.0029216567599076823,0.0002838301824141191,0.00032199108515266437,0.01461724144754047,0.2711817780054729,0.0003749563861447778,0.0004659797842687034,0.007025349479744098,0.02064962174131694,0.0038786495652028403,0.0017537686928381032,0.01098641936941798,1.1340073918103748e-07,0.038822226404462756,3.6560614479889304e-08,0.003546961593499443,0.0015330091022104,0.002434156953323051,1.2841265884176258e-05,6.627334748521182e-07,0.019580153699920482,0.009140097039025583,0.013052173666015443,0.00699168883721417,6.658479185407267e-08,2.4359092597856297e-09,0.006510540219828404,0.001772951593579875,4.652551469048783e-05,5.164934497110232e-06,4.236226489081558e-06,0.002226310734106468,1.1049943530568138e-05,6.082534295238696e-10,6.271902316746015e-08,0.0007737600491076904
3.862949639112207e-06,0.4969070686434964,3.76,0.0,0.023253465461273413,0.8348700946470707,0.15824606631729574,0.0045460705914112665,0.005329585166597115,0.04733886470136575,0.12846979146264859,2.2933167904694553e-09,0.295058019471952,2.76715282357098e-05,0.0008398642189689739,0.08183407385332143,0.0029231183565058194,0.0002845133944522471,0.0003170997317155435,0.014437361825093253,0.2708374139079038,0.0003695521449825665,0.0004606306765811294,0.007068562554009919,0.020729647930818832,0.003839600640068473,0.0017333218622672467,0.01090834281287726,1.1158385401258456e-07,0.03905605254209008,3.627073085464124e-08,0.003544491961277892,0.0015145002379612187,0.0024126588218898763,1.2872523928693309e-05,6.563420761677331e-07,0.01966932589586631,0.009183003579827353,0.013096927898643454,0.007071152034088204,6.69375283921839e-08,2.4039024108129892e-09,0.006579078015722412,0.0017981810405864984,4.6485077223192176e-05,5.185073472806973e-06,4.241489212158924e-06,0.002240484089884049,1.0984933350082794e-05,6.015522636987789e-10,6.200805875294013e-08,0.000780877090572985
3.87108308223196e-06,0.4969630779696719,3.76,0.0,0.02298138769078677,0.8342702913239445,0.15869422512743975,0.00458442822591007,0.005266730608216767,0.04725926601572976,0.128801652703358,2.2425458623742516e-09,0.2952786562801217,2.7087066968212253e-05,0.0008349864122002568,0.08246079369460192,0.002924531791743202,0.0002851841272242711,0.0003122915376301179,0.014259619672735783,0.270494639927198,0.00036423102489734625,0.0004553383960253466,0.007111319404045307,0.02080866119418101,0.0038006612181554662,0.001713050486833128,0.010829681783475691,1.0980021840152547e-07,0.03928697852042313,3.597969613510973e-08,0.0035417648074973582,0.001496157684327847,0.0023910754774224088,1.290212057970392e-05,6.499434501161134e-07,0.019757073254328846,0.009225372665341578,0.013140687491019341,0.007150212717062153,6.728574955006257e-08,2.372345801701687e-09,0.006647301120051692,0.0018233438439050952,4.64370684640477e-05,5.204761299716303e-06,4.246570291397676e-06,0.0022544941564104303,1.091895794270447e-05,5.948846547353872e-10,6.130078731567288e-08,0.0007879399949175647
3.879216525351713e-06,0.4970183862427944,3.76,0.0,0.02271530751605988,0.8336776856087527,0.1591365806472235,0.004622712689468094,0.005204553894796878,0.04718070539773871,0.12912975766815482,2.1929563723025656e-09,0.29549499569489335,2.6514566341722204e-05,0.000830070890643474,0.08308312027286899,0.002925896023029831,0.00028584236010750205,0.0003075654120815271,0.014084014779040525,0.27015353912439954,0.0003589922874820801,0.0004501030976469611,0.007153620347006934,0.02088667230596328,0.003761847999033151,0.0016929584564660603,0.010750483938091289,1.0804931239475781e-07,0.03951502244699511,3.568766103997127e-08,0.0035387861050661493,0.0014779849222271411,0.0023694194592012124,1.2930076218876332e-05,6.435408097431218e-07,0.019843404266091717,0.009267210140702309,0.013183466798977521,0.007228858762507848,6.762949574952617e-08,2.341237284856609e-09,0.006715202059293655,0.0018484348264731904,4.6381661178723013e-05,5.22400033692546e-06,4.2514831309049694e-06,0.0022683440795890674,1.0852094450783853e-05,5.882531910796476e-10,6.059748095953772e-08,0.0007949484287658214
3.887349968471466e-06,0.49707300505426855,3.76,0.0,0.02245506524907781,0.8330921954396139,0.15957321222576973,0.004660923602405008,0.005143059165134978,0.047103170949610196,0.1294541381213778,2.1445279984909347e-09,0.295707134857298,2.5953890609317713e-05,0.0008251203770387758,0.08370102812558601,0.0029272100603099237,0.00028648807492714755,0.0003029202549524143,0.013910545502495968,0.2698141890985188,0.0003538351656504975,0.0004449248959516998,0.007195465956742699,0.020963692146125205,0.003723176902631776,0.0016730493383865638,0.010670795798466986,1.0633061645835696e-07,0.03974020328139899,3.5394772046633426e-08,0.0035355617417907586,0.0014599851316464902,0.0023477029476052995,1.2956411593171444e-05,6.371372617141045e-07,0.019928327780183573,0.009308521900477441,0.013225280165922204,0.007307078526102569,6.796880820679919e-08,2.3105744611732844e-09,0.006782773714151227,0.0018734489742889009,4.631902987093388e-05,5.242793049009393e-06,4.256240571503092e-06,0.0022820370335285903,1.078441759794999e-05,5.816603275332606e-10,5.989839595289301e-08,0.0008019021031198565
3.894670067279244e-06,0.4971215818825406,3.76,0.0,0.022225710227619724,0.8325712700519994,0.15996135189207175,0.00469525027002847,0.005088299871676838,0.047034257438582715,0.1297429231004297,2.1019185396403024e-09,0.29589454718335867,2.5459276177587033e-05,0.0008206372107494073,0.08425334835806017,0.0029283490017579057,0.00028705850234075935,0.00029880792616678687,0.013756246654964683,0.2695103308988206,0.0003492628821931316,0.0004403133954832873,0.007232738367681826,0.021032171531858893,0.0036885069733383776,0.0016552902203859606,0.010598694804235696,1.0481090116040523e-07,0.03994043440236047,3.513055952734549e-08,0.003532454571929402,0.001443935605828956,0.002328116143625096,1.2978745518833279e-05,6.313757749928217e-07,0.02000356311997235,0.009345257903493893,0.013262098151117408,0.007377102600643904,6.827043308420152e-08,2.283356812955789e-09,0.006843301061817205,0.0018958920003524493,4.625663054973997e-05,5.259327001270329e-06,4.260399570217667e-06,0.0022942291250064245,1.0722872828446016e-05,5.757616617579075e-10,5.927302812003058e-08,0.0008081133863379679
3.901990166087022e-06,0.49716961756076716,3.76,0.0,0.022000847957339205,0.8320559814517319,0.16034497625227162,0.004729516900786388,0.005034097852250945,0.04696615668647304,0.13002874219412514,2.06021735832889e-09,0.29607870136706116,2.4974019333768756e-05,0.0008161297905051617,0.08480205629476076,0.002929445877846276,0.00028761876782651044,0.0002947594730205572,0.013603672165848188,0.26920799876495194,0.00034475547028199003,0.00043574823472522327,0.007269643378719473,0.02109986492844359,0.0036539749819164413,0.0016376840714062244,0.010526265742629222,1.0331647916392762e-07,0.040138377333877116,3.4865871418907276e-08,0.0035291572873231846,0.0014280304468341327,0.0023084982913246987,1.2999799675026344e-05,6.256181004559875e-07,0.02007767274689803,0.009381577238091325,0.013298155734407714,0.007446764515172644,6.856853113390984e-08,2.2564959647513345e-09,0.006903551500526206,0.0019182654331987884,4.618865136320522e-05,5.275503447542274e-06,4.2644512366690156e-06,0.002306299002872201,1.0660778912632538e-05,5.698977042446831e-10,5.8651440198294365e-08,0.0008142799635799265
3.9093102648948e-06,0.4972171200555031,3.76,0.0,0.021780371060269237,0.8315462694279281,0.16072414214197756,0.004763723329669854,0.004980454758128138,0.04689885991552741,0.13031162041235445,2.019409075825567e-09,0.29625966321768143,2.4498010865421777e-05,0.0008116000048550998,0.08534713894535585,0.0029305000744182246,0.0002881688635530048,0.0002907740810813843,0.013452818154212497,0.2689072387900037,0.0003403123209487684,0.0004312294200135059,0.007306181896314316,0.02116678043493292,0.0036195909807921105,0.001620232871486763,0.010453540160442087,1.0184697499708572e-07,0.040334047454995754,3.460080577615489e-08,0.003525674000700747,0.0014122713941466024,0.002288857527683545,1.3019589814079762e-05,6.198662851113187e-07,0.0201506637824537,0.009417484276242578,0.013333463295830902,0.007516056756408972,6.886313343430601e-08,2.2299897039579413e-09,0.00696352055128404,0.001940565953077967,4.61152220355175e-05,5.291324389485671e-06,4.268403793540435e-06,0.002318249017538058,1.059818535068208e-05,5.640699549610726e-10,5.8033787986059393e-08,0.0008204017101536484
3.9166303637025774e-06,0.4972640971896484,3.76,0.0,0.02156417487348259,0.8310420737304882,0.16109890603875818,0.004797869423421817,0.004927371847074425,0.04683235832925978,0.13059158326077416,1.9794793123267117e-09,0.2964374970432602,2.4031138930125804e-05,0.000807049710160127,0.08588858498305862,0.0029315110107109945,0.0002887087834893597,0.0002868509339480722,0.013303679976637908,0.26860809401883606,0.000335932812329737,0.0004267569354447464,0.007342354967492275,0.021232926188187857,0.0035853645533163708,0.0016029384197920433,0.010380548856450027,1.0040201479182109e-07,0.04052746057361404,3.433545794253634e-08,0.0035220087674668766,0.0013966600185255805,0.002269201756909079,1.3038131847802881e-05,6.141223087512596e-07,0.020222543537677534,0.009452983405392778,0.013368031176739901,0.007584972112356797,6.915427140310908e-08,2.2038356925984602e-09,0.00702320395173487,0.0019627903448936027,4.6036472772119526e-05,5.306791888940681e-06,4.272265118719127e-06,0.002330081524510028,1.0535140089440646e-05,5.582798277651105e-10,5.7420218070997055e-08,0.000826478526629559
3.923950462510355e-06,0.4973105566435994,3.76,0.0,0.021352157383880438,0.8305433341077012,0.1614693240449513,0.0048319550789062615,0.004874850000924867,0.04676664311887465,0.1308686566996153,1.940411899951025e-09,0.29661226568788407,2.3573289331348464e-05,0.0008024807298326234,0.0864263846987435,0.002932478139030819,0.00028923852344264577,0.00028298921411378447,0.013156252266624155,0.2683106045688466,0.0003316163109442723,0.00042233074386356374,0.007378163773466023,0.02129831035600262,0.0035513048243688223,0.0015858023416801738,0.010307321882371866,9.89812266263646e-08,0.04071863289747502,3.406992055926462e-08,0.0035181655855015563,0.001381197728609573,0.0022495386516030377,1.3055441829661378e-05,6.083880844973256e-07,0.0202933195028224,0.009488079024762088,0.013401869673365712,0.00765350366883672,6.94419763914163e-08,2.1780314707452363e-09,0.007082597652287465,0.0019849354974568138,4.595253411010749e-05,5.321908065764734e-06,4.276042751749006e-06,0.0023417988814884855,1.0471689534273252e-05,5.525286147787641e-10,5.6810868108955e-08,0.0008325103379409247
3.930538551437356e-06,0.4973519337735277,3.76,0.0,0.021164832201196488,0.8300990836179133,0.16179903056890044,0.0048625804319830995,0.00482806048897498,0.046708164495009245,0.13111557414222824,1.9059760375054526e-09,0.2967669875269597,2.3168842703487682e-05,0.0007983541513641415,0.08690728008072768,0.002933310672369571,0.00028970658355142087,0.00027956551066392354,0.01302502478794833,0.26804431025018294,0.0003277847988604866,0.0004183867048304307,0.007410081331673161,0.021356511722237393,0.0035208007763567013,0.001570516489406841,0.010241240345931475,9.772287869722294e-08,0.04088878580632037,3.383084926974833e-08,0.0035145578334601657,0.001367410174544258,0.0022318417419980685,1.3069980778499988e-05,6.032371487758012e-07,0.02035608045841082,0.009519323724182986,0.01343170916607347,0.00771484844343532,6.969800199439513e-08,2.1551046212996782e-09,0.007135801110630037,0.002004795896757915,4.587266042471581e-05,5.335214041427903e-06,4.2793770278659945e-06,0.002352247997932833,1.041427463813141e-05,5.473868384006602e-10,5.6266167996464984e-08,0.0008379004456043402
3.936467831471656e-06,0.49738882436670523,3.76,0.0,0.020999006115783616,0.8297029588259621,0.16209282862528945,0.004890101311703817,0.004786338981965311,0.04665606692072682,0.13133583315049496,1.87556170532541e-09,0.2969041931626411,2.281093749894052e-05,0.0007946295893957563,0.0873375509651107,0.002934028963868231,0.0002901207855189678,0.0002765256600992023,0.012908096443669779,0.26780583857845497,0.0003243792345287385,0.00041486904475658624,0.007438556624950959,0.021408376136367036,0.0034934735780879976,0.0015568707043713346,0.010181641299550622,9.660662828135377e-08,0.041040393226740635,3.3615668918518255e-08,0.0035111926897632506,0.0013551061654677593,0.0022159189578621723,1.3082233588410351e-05,5.986104171169366e-07,0.02041181089665647,0.00954717021429922,0.013458072813313803,0.007769784525466916,6.992608884422247e-08,2.1347093231622398e-09,0.007183478729528933,0.0020226115389272476,4.579734953447393e-05,5.346948958939319e-06,4.282329069331937e-06,0.0023615755071403777,1.0362377854693664e-05,5.427877691889865e-10,5.577902288654138e-08,0.0008427203198075597
3.9423971115059564e-06,0.497425388521654,3.76,0.0,0.020835748662132208,0.8293103067974589,0.16238387379158425,0.00491758244575313,0.004744986009043743,0.04660446961367807,0.13155424387652442,1.8456863548295748e-09,0.2970394948490415,2.2458742322915235e-05,0.0007908958989350261,0.08776541730899623,0.0029347176455458536,0.0002905283071004413,0.0002735246587413617,0.012792278607635916,0.26756851526145076,0.0003210138506190213,0.00041138162637451703,0.007466795433205678,0.021459755467266958,0.0034662705268327268,0.001543331182286568,0.010121938629352482,9.550558325529974e-08,0.04119056045634699,3.340052023401393e-08,0.003507717713646405,0.0013429019764380319,0.0022000042535476982,1.3093706975126324e-05,5.939932710764648e-07,0.02046683099479566,0.00957475980564271,0.013483976043919224,0.00782445745953327,7.015198005852356e-08,2.1145388063013457e-09,0.007230959753064449,0.002040369996087767,4.5718866378905275e-05,5.358457323378671e-06,4.285238526511704e-06,0.002370831652956662,1.0310292720425418e-05,5.382163252091185e-10,5.529486336193836e-08,0.0008475106081095397
3.948326391540257e-06,0.4974616300639941,3.76,0.0,0.020675010442777423,0.8289210956528369,0.16267219509995132,0.004945023830706182,0.004704001388775067,0.04655336789348077,0.13177082082727892,1.8163418319235182e-09,0.29717292332502915,2.211219302715361e-05,0.0007871539832621656,0.08819087686193623,0.002935376488093174,0.00029092914970725407,0.000270562073333774,0.012677567196404772,0.26733235648394643,0.00031768829311999973,0.0004079243930855149,0.007494798615464432,0.021510654088407157,0.0034391956389461607,0.001529898482297949,0.010062146885209556,9.441955063115711e-08,0.041339296761349315,3.318544739426487e-08,0.00350413491926031,0.0013307980720631983,0.002184101269820543,1.3104409671831295e-05,5.893866030806886e-07,0.020521145035549835,0.00960209484454206,0.013509424220074942,0.007878864125916814,7.03756927245232e-08,2.0945915721287237e-09,0.007278242420054287,0.0020580698100339714,4.563728038526224e-05,5.369740364125868e-06,4.288108784835053e-06,0.0023800176816580966,1.0258041021366107e-05,5.336730630584189e-10,5.4813746632291204e-08,0.0008522713136080892
3.954255671574557e-06,0.49749755276483476,3.76,0.0,0.02051674308118805,0.8285352935735779,0.16295782139469112,0.004972425473293108,0.004663384809083293,0.04650275708503273,0.13198557863511767,1.787520421807921e-09,0.29730450876619396,2.177122490679457e-05,0.0007834047304606512,0.08861392798284737,0.002936005275627743,0.0002913233155857231,0.0002676374715387454,0.012563957883578255,0.26709737738268624,0.0003144022051287702,0.0004044972808702569,0.007522567077000395,0.021561076375095606,0.0034122527546194175,0.0015165731014573907,0.010002280302426982,9.334833864764996e-08,0.041486611530197434,3.297049347488075e-08,0.003500446296053229,0.0013187948591085047,0.002168213551547408,1.3114350442281031e-05,5.847912785478051e-07,0.020574757360431073,0.009629177676280683,0.01353442267472758,0.00793300152532976,7.059724400896904e-08,2.0748660873656345e-09,0.007325325053036159,0.002075709565276205,4.5552660872315314e-05,5.380799331690489e-06,4.290943098039648e-06,0.002389134835789875,1.0205643917931184e-05,5.291585064900039e-10,5.433572659372672e-08,0.0008570024482236962
3.960184951608857e-06,0.49753316034193196,3.76,0.0,0.020360899201403382,0.8281528688116241,0.1632407813285409,0.004999787389948764,0.004623135832371255,0.046452632520131674,0.13219853204664672,1.7592140546747254e-09,0.29743428079601314,2.1435772770219218e-05,0.0007796490133062618,0.08903456962483024,0.0029366038055239777,0.00029171080782071916,0.0002647504221461881,0.012451446110806223,0.26686359208103355,0.0003111552271777752,0.0004011002185708118,0.007550101767408047,0.02161102670269811,0.0033854455417401323,0.0015033554768436727,0.00994235280371499,9.229175682833242e-08,0.0416325142655979,3.275570045804043e-08,0.0034966538088435114,0.0013068926884948,0.002152344548586617,1.312353807598255e-05,5.802081362892909e-07,0.02062767236671288,0.009656010644157298,0.013558976710209426,0.007986866777384322,7.081665102896181e-08,2.0553607844588956e-09,0.007372206056818824,0.002093287888604201,4.5465077010374585e-05,5.391635497057724e-06,4.293744590670021e-06,0.002398184353466888,1.015312195409011e-05,5.246731359505187e-10,5.3860853921366055e-08,0.0008617040324151712
3.966114231643158e-06,0.49756845646083586,3.76,0.0,0.020207432407958404,0.8277737896984794,0.16352110335915698,0.005027109606372552,0.004583253900518281,0.04640298953904129,0.1324096959118685,1.7314146140274057e-09,0.29756226849684275,2.1105771006829696e-05,0.0007758876891659918,0.08945280132013778,0.002937171888240553,0.00029209163033855606,0.00026190049526830626,0.012340027098539473,0.266631013722899,0.00030794699755044174,0.0003977331281668418,0.007577403678717524,0.021660509444911796,0.0033587774997384267,0.0014902459876417328,0.009882378001266911,9.124961605118734e-08,0.04177701457673975,3.25411092424048e-08,0.0034927593978995855,0.0012950918572593429,0.002136497616707007,1.3131981383506625e-05,5.756379888544513e-07,0.020679894504459007,0.009682596088576646,0.013583091596919864,0.008040457119049741,7.103393097170436e-08,2.036074064004298e-09,0.007418883917036721,0.0021108034486403953,4.5374597783303025e-05,5.4022501510173515e-06,4.296516260945995e-06,0.0024071674677026106,1.0100495065664377e-05,5.202174156956304e-10,5.3389176161085396e-08,0.0008663760948996192
3.972043511677458e-06,0.4976034447357477,3.76,0.0,0.020056297266019683,0.8273980246541016,0.16379881574571747,0.005054392157095229,0.004543738339785275,0.04635382349202091,0.13261908517354015,1.7041145600297327e-09,0.29768850042078865,2.0781153653401464e-05,0.0007721215999036992,0.08986862316526874,0.002937709347146331,0.0002924657879093834,0.0002590872625252931,0.012229695856616289,0.26639965450616576,0.0003047771525828932,0.00039439592504799564,0.007604473843538706,0.021709528972075478,0.003332251963415732,0.0014772449571908727,0.009822369198897618,9.022172859925746e-08,0.04192012217166623,3.232675965808304e-08,0.0034887649790238083,0.001283392610487926,0.0021206760185215304,1.3139689191893507e-05,5.710816228533229e-07,0.02073142827359453,0.009708936346160496,0.013606772572040701,0.008093769903104658,7.124910111157156e-08,2.0170042987108863e-09,0.007465357198710501,0.0021282549553878973,4.5281291951213614e-05,5.412644603500582e-06,4.299260983753741e-06,0.0024160854057564698,1.0047782588285762e-05,5.157917847718748e-10,5.292073782012943e-08,0.0008710186723757965
3.977972791711758e-06,0.4976381287305546,3.76,0.0,0.019907449281793548,0.8270255421954599,0.16407394654572224,0.005081635085057112,0.004504588365606872,0.04630512974080086,0.13282671485684058,1.6773060544206195e-09,0.297813004600398,2.046185445795483e-05,0.0007683515717998436,0.09028203580619977,0.0029382160183423333,0.00029283328614876093,0.0002563102972241058,0.012120447194584334,0.2661695257153825,0.00030164532695279634,0.00039108851828046303,0.007631313333241043,0.02175808964953752,0.0033058721067641883,0.0014643526549929537,0.009762339394302667,8.920790819859467e-08,0.04206184684985317,3.211269047898915e-08,0.0034846724436461366,0.0012717951432105778,0.002104882924454132,1.3146670340194492e-05,5.66539799333773e-07,0.02078227822103673,0.009735033748890442,0.013630024838321325,0.008146802596570375,7.14621786411847e-08,1.998149834255502e-09,0.0075116245448068894,0.002145641159766634,4.518522801383235e-05,5.42282018293591e-06,4.301981513478627e-06,0.0024249393885092474,9.995003265979362e-06,5.113966367361575e-10,5.24555804563063e-08,0.0008756318092514859
3.983902071746059e-06,0.4976725119597893,3.76,0.0,0.0197608448832704,0.826656310944661,0.16434652361205454,0.005108838441201258,0.0044658030872500734,0.04625690365998353,0.1330326000594362,1.6509810190224529e-09,0.29793580855911395,2.014780694034799e-05,0.0007645784154903262,0.09069304042377667,0.0029386917504781603,0.00029319413151815296,0.0002535691745267341,0.012012275731676954,0.26594063775350935,0.00029855115395690135,0.0003878108108657481,0.007657923256175865,0.021806195836098198,0.003279640946778689,0.0014515692986719268,0.009702301281484941,8.82079700635183e-08,0.04220219849504847,3.189893943279765e-08,0.0034804836589321353,0.0012602996022530275,0.0020891214137540425,1.3152933675187094e-05,5.620132541708848e-07,0.02083244893790161,0.009760890623292131,0.013652853562961581,0.008199552779114485,7.167318076835964e-08,1.979508990508052e-09,0.007557684674793844,0.002162960853132783,4.508647417523768e-05,5.4327782356146205e-06,4.3046804867747965e-06,0.0024337306298750326,9.942175260531005e-06,5.070323487821491e-10,5.199374276593535e-08,0.0008802155573756558
3.989831351780359e-06,0.49770659788960114,3.76,0.0,0.019616441401321176,0.8262902996366375,0.1646165745902986,0.0051360022840816555,0.004427381512335606,0.04620914063837105,0.13323675594195028,1.6251320724665342e-09,0.29805693932149163,1.9838944449680137e-05,0.0007608029259232562,0.0911016387192795,0.0029391364045635187,0.00029354833132435616,0.0002508634716060334,0.01190517590644418,0.26571300017271016,0.0002954942657755911,0.00038456269999149236,0.007684304755943293,0.021853851882526188,0.0032535613472540036,0.001438895055882952,0.009642267253341878,8.722173094356416e-08,0.04234118706837772,3.168554321490916e-08,0.0034762004679045446,0.0012489060880420874,0.0020733944755549276,1.3158488047266019e-05,5.575026984293452e-07,0.02088194505678764,0.009786509289660869,0.013675263876589856,0.008252018141427165,7.188212480031902e-08,1.961080065288713e-09,0.007603536383193072,0.0021802128667823355,4.4985098310382354e-05,5.442520125059067e-06,4.307360425441255e-06,0.0024424603362500864,9.889316161158217e-06,5.026992822216352e-10,5.153526067070063e-08,0.000884769975775724
3.995760631814659e-06,0.4977403899386748,3.76,0.0,0.01947419705112023,0.8259274771264751,0.1648841269162713,0.0051631266794842845,0.0043893225512330195,0.04616183608023256,0.13343919771878293,1.5997516767872107e-09,0.2981764234232014,1.953520021906207e-05,0.0007570258823297123,0.09150783290016311,0.0029395498537764186,0.0002938958937180462,0.00024819276779197485,0.011799141986085698,0.2654866217043004,0.00029247429372372766,0.0003813440772754438,0.007710459009701244,0.021901062130138656,0.0032276360225576644,0.0014263300461749956,0.009582249404376561,8.624900915932085e-08,0.04247882260168474,3.1472537503308064e-08,0.0034718246895749606,0.0012376146563681679,0.0020577050099672995,1.3163342306488257e-05,5.530088187381721e-07,0.02093077124912886,0.00981189206132254,0.013697260872316971,0.008304196483579178,7.208902795042449e-08,1.9428613359036815e-09,0.007649178538134277,0.002197396071442837,4.488116793318472e-05,5.452047231397252e-06,4.3100237393608065e-06,0.0024511297059934445,9.836442994112996e-06,4.983977525221336e-10,5.108016740326092e-08,0.0008892951303997519
4.00168991184896e-06,0.49777389147919937,3.76,0.0,0.019334070912103173,0.8255678123970911,0.1651492078135177,0.005190211700023585,0.004351625021750587,0.046114985406633585,0.13363994064838522,1.5748318547217763e-09,0.2982942869217963,1.923650742303245e-05,0.0007532480482067043,0.09191162566461873,0.0029399319832498832,0.00029423682769137157,0.00024555664472643084,0.011694168076394605,0.2652615102907606,0.00028949086851298,0.00037815482902663327,0.007736387226355198,0.021947830909304657,0.0032018675417335714,0.0014138743429848732,0.009522259533779031,8.528962463649213e-08,0.042615115190456875,3.1259956971188134e-08,0.0034673581190965987,0.0012264253202727711,0.002042055829303447,1.3167505298387641e-05,5.485322777249153e-07,0.020978932222361135,0.009837041243856821,0.013718849604766926,0.008356085713209628,7.229390739633584e-08,1.924851059616921e-09,0.0076946100797753575,0.002214509376707705,4.4774750164001415e-05,5.461360950685036e-06,4.312672729574354e-06,0.0024597399288871164,9.783572233108413e-06,4.941280590427806e-10,5.062849359870713e-08,0.0008937910938390242
4.00761919188326e-06,0.49780710583691296,3.76,0.0,0.019196022913609296,0.825211274564497,0.16541184429168526,0.005217257424860121,0.004314287652443585,0.04606858405634717,0.13383900002649035,1.5503653688712386e-09,0.29841055540439065,1.8942799217219514e-05,0.0007494701713157821,0.09231302019043579,0.0029402826899128875,0.000294571143075279,0.00024295468646434238,0.01159024812874039,0.2650376731083456,0.0002865436204355106,0.0003749948364293377,0.007762090645275208,0.021994162538413593,0.0031762583314811923,0.0014015279750515261,0.00946230914780575,8.434339893133614e-08,0.0427500749888822,3.104783529836788e-08,0.0034628025278860366,0.0012153380513887,0.002026449659007905,1.317098586106402e-05,5.440737143399398e-07,0.0210264327179175,0.009861959134563591,0.01374003508943989,0.008407683844177977,7.249678038558777e-08,1.9070474767817623e-09,0.007739830019146843,0.002231551730608157,4.466591170558068e-05,5.470462694427406e-06,4.315309590597078e-06,0.0024682921857731147,9.730719807187047e-06,4.898904834602856e-10,5.0180267361724705e-08,0.0008982579451298
4.01354847191756e-06,0.4978400362945463,3.76,0.0,0.019060013816365642,0.8248578328845461,0.16567206314445881,0.00524426393933822,0.004277309086873303,0.04602262748702485,0.13403639117742083,1.526344798265819e-09,0.29852525399755553,1.8654008788851792e-05,0.0007456929836876733,0.09271202012061892,0.002940601882283321,0.00029489885053584594,0.00024038647959476233,0.011487375949054556,0.2648151165962052,0.0002836321795900963,0.0003718639757799109,0.007787570534641536,0.022040061322553033,0.0031508106800096003,0.001389290928237701,0.009402409462884856,8.341015525915502e-08,0.04288371220348712,3.083620518638348e-08,0.003458159663783004,0.001204352781666133,0.002010889138869023,1.3173792821444128e-05,5.396337442633119e-07,0.021073277508645426,0.009886648021778747,0.013760822301907824,0.008458988994812504,7.269766410030364e-08,1.889448812025077e-09,0.007784837436654182,0.002248522119057533,4.455471881166043e-05,5.479353888950511e-06,4.317936413645743e-06,0.00247678764808877,9.67790111146967e-06,4.856852778264136e-10,4.973551435200264e-08,0.0009026957694978254
4.0194777519518606e-06,0.4978726860893562,3.76,0.0,0.01892600519385592,0.8245074567594923,0.16592989094764257,0.005271231334627161,0.004240687887843962,0.04597711117633592,0.13423212944552543,1.5027626950894346e-09,0.29863840737724556,1.8370069406037936e-05,0.0007419172016390749,0.09310862954885496,0.002940889480253451,0.00029521996156973214,0.00023785161336956618,0.011385545206725496,0.2645938464853624,0.00028075617610973905,0.00036876211872262496,0.007812828189793999,0.022085531552214363,0.003125526740947662,0.0013771631473483282,0.009342571408899384,8.248971852237339e-08,0.043016037086850034,3.062509837292553e-08,0.003453431251222346,0.0011934694050965084,0.001995376824285715,1.3175934991602245e-05,5.352129603253918e-07,0.021119471396231607,0.009911110184207058,0.013781216177057767,0.008509999386105044,7.289657568249076e-08,1.8720532757466924e-09,0.007829631480550034,0.0022654195652729884,4.444123725729109e-05,5.4880359747662735e-06,4.320555189601928e-06,0.0024852274774210766,9.625131017966069e-06,4.815126721458533e-10,4.9294257870102575e-08,0.0009071046581018683
4.025407031986161e-06,0.4979050584156154,3.76,0.0,0.0187939594150125,0.8241601157438193,0.16618535405756973,0.005298159707394577,0.004204422541278826,0.04593203062298058,0.13442623018744118,1.479611794998843e-09,0.2987500397779905,1.809091446156187e-05,0.0007381435258050407,0.09350285300594746,0.0029411454148831123,0.00029553448849893257,0.00023534967981680754,0.011284749442709577,0.26437386782527295,0.0002779152403651651,0.0003656891324661151,0.007837864931715871,0.022130577502133195,0.0031004085370120197,0.0013651445378011203,0.009282805632424763,8.158191533592259e-08,0.04314705993189601,3.041454564566062e-08,0.0034486189914067103,0.0011826877792969984,0.001979915187499766,1.3177421165441285e-05,5.308119329111933e-07,0.021165019208837454,0.009935347890327505,0.013801221608451165,0.008560713339983924,7.309353225646559e-08,1.8548590659633234e-09,0.007874211365490772,0.0022822431292168943,4.432553231364191e-05,5.496510405976447e-06,4.323167811711512e-06,0.002493612825117711,9.572423885744341e-06,4.77372876398472e-10,4.885651893659888e-08,0.0009114847077964112
4.031336312020461e-06,0.49793715642527514,3.76,0.0,0.01866383962781468,0.8238157795495322,0.1664384786097593,0.005325049159502963,0.004168511459841479,0.045887381347612013,0.1346187087649505,1.4568848875336507e-09,0.29886017500157774,1.7816477512656427e-05,0.0007343726411846257,0.09389469544690647,0.002941369628197376,0.0002958424444649096,0.000232880273835886,0.011184982077093016,0.264155185008698,0.0002751090031476307,0.0003626448799861008,0.007862682105612086,0.02217520343022834,0.0030754579635123634,0.0013532349671933727,0.009223122499958337,8.068657404808958e-08,0.043276791066604765,3.0204576856326337e-08,0.0034437245624813003,0.0011720077269970362,0.0019645066188114352,1.3178260115633575e-05,5.264312103565797e-07,0.0212099257988826,0.009959363397851244,0.013820843447771144,0.008611129277632908,7.328855090479937e-08,1.8378643697665135e-09,0.007918576371147063,0.0022989919070489583,4.420766872516134e-05,5.504778649704645e-06,4.325776078318546e-06,0.0025019448319397466,9.519793570877791e-06,4.732660789981699e-10,4.842231636701716e-08,0.0009158360209076959
4.0372655920547615e-06,0.4979689832287672,3.76,0.0,0.018535609743172185,0.8234744180511807,0.16668929051771955,0.00535189979771639,0.004132952986454527,0.04584315889371306,0.13480958053811087,1.4345748206845324e-09,0.29896883642556515,1.7546692318797683e-05,0.0007306052171967677,0.09428416223821882,0.0029415620729829834,0.0002961438434221183,0.0002304429932841276,0.011086236416419615,0.2639378017959082,0.00027233709584207255,0.00035962922022252493,0.007887281079523651,0.022219413576589145,0.0030506767918174957,0.0013414342668290967,0.009163532101217417,7.980352475694165e-08,0.0434052408488988,2.9995220934990234e-08,0.003438749619714189,0.0011614290374875992,0.0019491534278109992,1.3178460590681387e-05,5.220713193470667e-07,0.02125419604088613,0.00998315895320571,0.013840086504321766,0.00866124571780336,7.348164866401461e-08,1.8210673646337095e-09,0.007962725840821345,0.0023156650305730065,4.4087710687062605e-05,5.512842185537188e-06,4.328381695684661e-06,0.0025102246277371437,9.4672534365666e-06,4.691924480693672e-10,4.799166684582981e-08,0.0009201587050144345
4.049124152123362e-06,0.4980318354579488,3.76,0.0,0.018284679009658654,0.8228004994916573,0.16718407893679538,0.005405485081694428,0.004062886914737145,0.04575597674511988,0.1351865650491741,1.3911770497250874e-09,0.2991818293324406,1.702081353342811e-05,0.0007230833515151773,0.0950559922923432,0.0029418515202260923,0.0002967270301336766,0.0002256632154476815,0.010891782926358846,0.26350694625290355,0.00026689480084715644,0.0003536830960048121,0.007935830002722119,0.022306603387455968,0.0030016291476781727,0.0013181586327206194,0.00904466850785615,7.807363146482245e-08,0.04365833789740103,2.9578458919833476e-08,0.0034285647008850226,0.001140574748328225,0.001918622023990703,1.3176980965574852e-05,5.134160336375965e-07,0.021340847072156947,0.010030099132720115,0.013877455290823336,0.008760574654623801,7.38621494136488e-08,1.788059100684375e-09,0.008050375852284575,0.0023487810155532066,4.384176515488752e-05,5.528361109620884e-06,4.333591367247702e-06,0.0025266320486558684,9.362494778505984e-06,4.611452632036352e-10,4.714108360808628e-08,0.000928718641034519
4.059796856185102e-06,0.49808750531839147,3.76,0.0,0.018064957804364075,0.8222038475297178,0.16762173465364666,0.005453580254753574,0.004001015443592028,0.04567892833053386,0.13552050965392157,1.3534746387643262e-09,0.2993687087007001,1.6562772540054994e-05,0.0007163319071447246,0.0957425764157248,0.0029420031133894245,0.0002972296295650535,0.00022146731372782712,0.01072019980317614,0.2631236465486273,0.0002621104639376163,0.00034842788062744066,0.007978791931782511,0.022383694380123293,0.002958080981837222,0.0012975805175224934,0.008938104103590045,7.655709807499512e-08,0.0438818473589393,2.9205740996750074e-08,0.003419139060902958,0.0011221498022840782,0.0018913547164449492,1.3173552885265122e-05,5.057023756328594e-07,0.021416705966334895,0.01007161534522199,0.013909839125015328,0.008848933490820741,7.419820052818445e-08,1.7590093359535355e-09,0.008128518393167783,0.0023783186634517206,4.3613883190748045e-05,5.541643118185602e-06,4.338286340934977e-06,0.0025412312662004273,9.268644746143063e-06,4.5401752564780136e-10,4.638783652655801e-08,0.0009363258511075195
4.070469560246842e-06,0.49814234300697785,3.76,0.0,0.017850831807819222,0.8216163729896828,0.16805229016417242,0.005501551525473354,0.0039402578240817126,0.04560319463873571,0.13584948632526794,1.317015380994154e-09,0.2995511580243935,1.611878599396145e-05,0.0007096013821116398,0.09642156436043872,0.00294205151185443,0.00029771123764367816,0.0002173693880115633,0.0105518184632084,0.26274458961644487,0.00025743166760952053,0.00034326294767466107,0.008021069070013619,0.022459503267065254,0.00291510392772867,0.0012773510166199159,0.008831984792487427,7.507782990395322e-08,0.04410136717731256,2.8835418098749282e-08,0.0034094772738085936,0.0011040486155147187,0.0018642991988434348,1.3168190804035921e-05,4.980634564923506e-07,0.021490579689684097,0.010112453282891449,0.013941068516397037,0.008936303194388052,7.452829050760293e-08,1.7305714483232505e-09,0.00820595514474276,0.0024075992574973688,4.338018630281939e-05,5.55428539431156e-06,4.342995345896598e-06,0.0025556783622686786,9.175273289431415e-06,4.4699901304887203e-10,4.5646271096510717e-08,0.0009438421935670625
4.081142264308582e-06,0.49819636528856875,3.76,0.0,0.017642116096673488,0.8210379066333949,0.16847588845907197,0.005549399658298354,0.003880602301766504,0.04552875060574952,0.1361735837627591,1.2817605580363249e-09,0.2997292993724207,1.5688479250908577e-05,0.000702895127716589,0.09709300067948189,0.0029419968021201976,0.0002981719640920106,0.00021336720956448413,0.010386596655522995,0.26236977749680507,0.0002528563037684941,0.0003381873527918443,0.008062670050560288,0.022534054013773556,0.002872704278750409,0.0012574680225847534,0.00872635986828167,7.363490086294149e-08,0.04431695822668671,2.8467627516861156e-08,0.003399588191543073,0.001086268929269714,0.0018374661902382226,1.3160944520481785e-05,4.905016180634869e-07,0.021562497203352578,0.010152625579313325,0.013971169930947788,0.00902267842927228,7.485251662031913e-08,1.702734627552317e-09,0.008282684397603629,0.00243661894831643,4.3141026336504665e-05,5.566296946050795e-06,4.347725360364814e-06,0.002569979496308965,9.082441873259649e-06,4.400900634621287e-10,4.4916416891958056e-08,0.0009512684583061644
4.091814968370322e-06,0.49824958848903617,3.76,0.0,0.01743863254322853,0.8204682812529157,0.16889267014685444,0.005597125448569524,0.0038220366423898445,0.04545557146416493,0.13649289017745123,1.24767233420895e-09,0.2999032509958082,1.527148224360262e-05,0.0006962163391960978,0.0977569332754967,0.0029418391669140255,0.0002986119264604269,0.0002094585860637851,0.010224491455852679,0.26199920733871085,0.0002483822820265438,0.00033320012346786226,0.008103603645941388,0.02260737033151154,0.002830887293373809,0.001237929157860494,0.008621276005329116,7.222740401444113e-08,0.044528681338738045,2.8102498024879173e-08,0.003389480442029895,0.0010688082390529943,0.0018108656661943768,1.3151863379394633e-05,4.83019007190158e-07,0.021632487544303206,0.010192144715983733,0.014000169364656522,0.009108054745702726,7.517097537097065e-08,1.6754880583784001e-09,0.00835870500118758,0.002465374214569782,4.289674789070958e-05,5.577686869326848e-06,4.352482605183182e-06,0.0025841406940659245,8.990207609616524e-06,4.3329085427850747e-10,4.419828661614428e-08,0.0009586054741396924
4.1024876724320625e-06,0.49830202859928563,3.76,0.0,0.017240209560445585,0.8199073317246595,0.16930277345283398,0.005644729718587433,0.003764548181569183,0.04538363275276654,0.13680749320514762,1.2147137716921531e-09,0.3000731274601728,1.4867429894283844e-05,0.0006895680581915826,0.09841341319463998,0.0029415788813150576,0.0002990312499229612,0.0002056413623179439,0.010065459367298798,0.2616328717483441,0.0002440075316791838,0.00032830026186702677,0.008143878748065386,0.02267947566555877,0.0027896572520366395,0.0012187317969300463,0.008516777328244688,7.085445159099731e-08,0.044736597234835716,2.774015015109209e-08,0.0033791624331961038,0.0010516638156685815,0.001784506883306096,1.3140996235255721e-05,4.7561758313091e-07,0.021700579794184733,0.010231023016571911,0.014028092341364665,0.009192428548498548,7.548376244707662e-08,1.648820937723686e-09,0.00843401633960556,0.002493861852173427,4.264768808844125e-05,5.5884643386670045e-06,4.357272589614675e-06,0.002598167844878564,8.898623442087686e-06,4.2660141298115586e-10,4.3491877237129885e-08,0.0009658541054875009
4.1131603764938025e-06,0.49835370123722844,3.76,0.0,0.017046681850530904,0.8193548950579429,0.16970633422152598,0.005692213313855724,0.003708123872606103,0.04531291032521587,0.13711747982506023,1.1828488384933514e-09,0.3002390397760514,1.4475962489731898e-05,0.000682953175460756,0.09906249442302449,0.00294121630882908,0.00029943006705790887,0.00020191342082714366,0.009909456416899191,0.2612707591263036,0.00023973000351924513,0.0003234867475667796,0.008183504348964282,0.022750393184440967,0.002749017513321406,0.0011998730877480447,0.008412905483617623,6.951517495731699e-08,0.04494076646175388,2.7380696457191798e-08,0.003368642357137953,0.001034832725561991,0.0017583984042023784,1.3128391418202572e-05,4.6829912510067334e-07,0.02176680304929714,0.010269272641722142,0.014054963911614713,0.00927579706498736,7.579097267204958e-08,1.6227224907142747e-09,0.008508618307457697,0.002522078963331435,4.239417636106915e-05,5.598638598035205e-06,4.362100157726442e-06,0.0026120666994590806,8.80773833046152e-06,4.200216278673698e-10,4.279717110784561e-08,0.0009730152491424321
4.1345057846172835e-06,0.49845480487750504,3.76,0.0,0.016673681157116423,0.8182749192349382,0.17049435965931697,0.00578682195917841,0.003598413859095718,0.0451750193512314,0.13772394807278,1.122260239329696e-09,0.300559398925496,1.3729372236631532e-05,0.0006698344301060867,0.10033869035581464,0.0029401861774556864,0.0003001667483516509,0.0001947171051783081,0.009606360152183373,0.26055913711942796,0.0002314585328894693,0.0003141145804254231,0.008260843415683007,0.022888756015796378,0.0026695180715375043,0.001163159195670578,0.008207196896774764,6.693426949099799e-08,0.04533810589657897,2.667088356383737e-08,0.0033470277165266182,0.0010020978952775368,0.001706963278928984,1.3098159296890561e-05,4.5391736534361866e-07,0.021893758877555857,0.010343933668873092,0.014105650670459253,0.009439511081338158,7.638903729284736e-08,1.5721887404516192e-09,0.008655696129385302,0.0025776914848394438,4.187507522080656e-05,5.617214759890526e-06,4.371884346286461e-06,0.0026395018213157652,8.628242246871533e-06,4.071899383471861e-10,4.144273085207194e-08,0.00098707880539185
4.1531262662954894e-06,0.49854063688649325,3.76,0.0,0.01636282820643426,0.817359110651876,0.17116166241963895,0.0058689671801890695,0.003506055275653214,0.04505848091290473,0.1382387284733595,1.0726531488095223e-09,0.3008269043218697,1.3115889636312452e-05,0.0006585242126727294,0.10142836453709954,0.002938958461187648,0.0003007437969034056,0.0001887116936493134,0.009351426771347805,0.25995197307261153,0.00022454152912797324,0.0003062108455319556,0.00832627477760761,0.023005790435964964,0.002602111625941016,0.0011322075079464053,0.008030147450418941,6.478494111672616e-08,0.045673053777532294,2.6062065336080587e-08,0.00332758626252554,0.0009745342206023931,0.0016629808767972439,1.3066559327733545e-05,4.4165628193218264e-07,0.02199867880348422,0.010407122416388347,0.014146661654550322,0.009579030137715525,7.689342096753514e-08,1.5298621284590596e-09,0.008781689032618112,0.002625298844920431,4.1410681008959794e-05,5.6315381197077995e-06,4.380576932042624e-06,0.002663067547084786,8.47433910423394e-06,3.963510913179525e-10,4.029901014142751e-08,0.0009990703033875119
4.171746747973695e-06,0.49862434437971487,3.76,0.0,0.016064730633604293,0.8164669536378154,0.17181091292830133,0.005950757953135683,0.0034167354409674155,0.04494530987423607,0.13874067902770745,1.025892499358878e-09,0.3010838086352422,1.2535772465867844e-05,0.0006473513561136626,0.10249640277043953,0.0029374279901681886,0.00030126062900536816,0.00018294908750529073,0.009105066823890699,0.25935734804046806,0.0002178919071443537,0.00029855449143964736,0.008389861546955207,0.023119531412594724,0.0025365167960238965,0.0011022377746080939,0.007855510299387082,6.27263679330322e-08,0.04599745893352303,2.5463373411406712e-08,0.0033076393842453476,0.0009478750919376635,0.001619857254138831,1.3030343319549582e-05,4.296665641168744e-07,0.0220983279468751,0.010468565925773863,0.014184814222730678,0.009715480690437943,7.738215829575629e-08,1.4891134041436307e-09,0.008905540380069998,0.002672052726301078,4.093715392589579e-05,5.644160952958481e-06,4.389429910082981e-06,0.002686319860552865,8.32312073438078e-06,3.858394691399452e-10,3.919014093678815e-08,0.0010108095280400155
4.188505181484081e-06,0.49869792463203855,3.76,0.0,0.015806769225463743,0.8156835789717066,0.1723803374497946,0.00602407063358686,0.0033388820989957942,0.04484623804335977,0.13918182325988268,9.86107385105491e-10,0.30130636220940976,1.2040783348485218e-05,0.0006374221904791182,0.10343943625326,0.002935795303746122,0.00030167504916405515,0.00017796207970332417,0.00889047507692944,0.25883277081996625,0.00021212756313657136,0.00029187042421423265,0.008445553096096495,0.023219175971258804,0.002479025375236118,0.0010760877726831198,0.007700522942635012,6.094793388110925e-08,0.046280665692339074,2.4933515613427836e-08,0.003289285661601751,0.000924638591671713,0.0015818016618489878,1.2993997879343563e-05,4.1911152248889197e-07,0.022183631332554028,0.010522421593048864,0.01421680504835232,0.009835669423931515,7.780903373154091e-08,1.4537433301321567e-09,0.009015186550902011,0.0027133959238410093,4.0504398177712675e-05,5.654109174563615e-06,4.3975420668337385e-06,0.002707000430911852,8.189445035129576e-06,3.766554508682053e-10,3.822158200904626e-08,0.0010211636681900793
4.205263614994466e-06,0.49876989379239556,3.76,0.0,0.015558092106716773,0.8149181570053828,0.17293611832448383,0.006097103750801152,0.003263370920628375,0.04474971546592328,0.13961323537669498,9.483837232599167e-10,0.30152106220880787,1.1570238404772933e-05,0.0006276201306984771,0.10436551022447804,0.0029339244840903464,0.00030204213939490505,0.00017315661971881028,0.008682459326271496,0.25831808275201623,0.000206564547456906,0.0002853776413033145,0.008499826035402747,0.02331632492994857,0.0024229882435461746,0.0010507011589066288,0.007547706630894714,5.9236960145659104e-08,0.04655580639837363,2.4412391381694572e-08,0.0032705783051650192,0.0009021031458096849,0.0015444781070813565,1.2954273250269354e-05,4.0878229195014913e-07,0.022264898365031885,0.010574953053441685,0.014246659001457596,0.009953389336759332,7.822395349565899e-08,1.4195676956968644e-09,0.009123120853106903,0.002754038955186518,4.006647362469502e-05,5.662757541700304e-06,4.405795229457645e-06,0.0027274661495392686,8.058159118839164e-06,3.677297607009721e-10,3.728050190308395e-08,0.0010313219937775407
4.222022048504852e-06,0.4988403011725838,3.76,0.0,0.015318246068711221,0.814170139009871,0.17347869766131788,0.006169860886607645,0.00319014462975698,0.044655661000064774,0.1400352176576601,9.126140000001881e-10,0.30172823084383493,1.1122980847667448e-05,0.0006179515124872291,0.10527490691615808,0.0029318194417667287,0.0003023626345839364,0.00016852590985226275,0.008480846063579664,0.2578131377370512,0.0002011959219540797,0.00027907178569837755,0.008552715935674514,0.023411056700265203,0.0023683941641053914,0.0010260619255870723,0.007397146317702913,5.759074832226669e-08,0.046823100173212104,2.390019728385857e-08,0.0032515420124045644,0.0008802530604315275,0.001507899153418886,1.2911333210418009e-05,3.986805522374388e-07,0.02234223774513211,0.010626200913121516,0.014274456323850732,0.010068653741402039,7.862724697089015e-08,1.3865479945375012e-09,0.009229357214062744,0.00279397970903483,3.9624355322139596e-05,5.670142826765348e-06,4.414191266883688e-06,0.002747734163477662,7.92934023328563e-06,3.590585509251764e-10,3.636647619441837e-08,0.0010412886495423247
4.238780482015237e-06,0.4989091944914151,3.76,0.0,0.015086803070973612,0.8134389904089303,0.17400850415758842,0.006242345606521293,0.003119145772395071,0.04456399564614419,0.1404480653762336,8.786957722435844e-10,0.3019281754516331,1.0697896867047813e-05,0.0006084219728407604,0.1061679158487297,0.0029294843936566338,0.00030263729817204215,0.000164063383313939,0.008285463077388776,0.2573177798124834,0.00019601493670710118,0.0002729484890603244,0.008604258106691983,0.023503447682009654,0.0023152291930480205,0.0010021536789106274,0.007248916437816012,5.600670392530657e-08,0.0470827624496216,2.339709779823373e-08,0.0032322004394845154,0.0008590723351611182,0.0014720746592169422,1.2865337149242286e-05,3.8880731915882933e-07,0.022415756901846762,0.01067620464706632,0.014300274589536187,0.01018147904672346,7.901923648554124e-08,1.3546465158314379e-09,0.009333911312261356,0.0028332172757897706,3.9178967069877076e-05,5.67630173114778e-06,4.422730261362399e-06,0.002767820785650738,7.80305173130415e-06,3.5063763153339276e-10,3.547904533811805e-08,0.0010510678224389149
4.255538915525623e-06,0.4989766199159014,3.76,0.0,0.014863358727740347,0.8127241907400586,0.17452595334545165,0.006314561446280457,0.003050316919559465,0.044474642543737765,0.14085206661048694,8.465314146661033e-10,0.3021211892781444,1.029391566123525e-05,0.0005990364854304661,0.10704483262791067,0.002926923833148546,0.00030286691964829995,0.0001597627007598871,0.00809613983157641,0.2568318447334389,0.00019101503226607038,0.0002670033842320932,0.008654487515770033,0.02359357225517013,0.0022634770026418154,0.0009789597363870522,0.007103081530454835,5.448233366210819e-08,0.04733500476195036,2.2903227502391635e-08,0.003212576239224128,0.0008385447541527817,0.0014370119758863693,1.2816440005010695e-05,3.7916299937074684e-07,0.02248556186407454,0.010725002599909819,0.014324188761395702,0.010291884510841762,7.940023730061796e-08,1.323826385597593e-09,0.009436800411132089,0.0028717518613598503,3.8731182063547587e-05,5.681270826643915e-06,4.431410750634165e-06,0.0027877415112020796,7.679344297955965e-06,3.424625285729477e-10,3.461772023993475e-08,0.0010606637258370284
4.272297349036008e-06,0.4990426221213751,3.76,0.0,0.014647530930106704,0.8120252335625566,0.1750314478557859,0.006386511901134352,0.0029836008371244243,0.04438752695956176,0.14124750212194698,8.160281925717642e-10,0.3023075521915689,9.91000911883418e-06,0.0005897993957466122,0.10790595786027368,0.0029241425021883745,0.0003030523120895699,0.00015561774576270293,0.00791270777548325,0.2563551613363805,0.0001861898401263728,0.00026123211590525796,0.008703438719965624,0.023681502782553106,0.002213119170724289,0.0009564632100614435,0.006959696835875457,5.3015242359763096e-08,0.04758003458545894,2.241869300928408e-08,0.003192691097713535,0.0008186539633666603,0.0014027161350065286,1.2764792232553868e-05,3.6974744035426673e-07,0.022551757153546036,0.010772631992190983,0.01434627125292008,0.01039989200814213,7.977055738705854e-08,1.2940516006584254e-09,0.009538043205146424,0.002909584705830424,3.828182354906355e-05,5.685086502319628e-06,4.4402299462467e-06,0.0028075110371342644,7.558257086077087e-06,3.345285185865535e-10,3.3781987193855974e-08,0.001070080585860281
4.289055782546394e-06,0.49910724435641485,3.76,0.0,0.0144389585342846,0.8113416263299918,0.17552537769715004,0.006458200416832183,0.002918940636994142,0.044302576269393344,0.14163464527810085,7.870976211620226e-10,0.30248753136399986,9.545191320450548e-06,0.0005807144557956583,0.108751596133223,0.0029211453643378103,0.00030319430970350954,0.00015162262000566665,0.007735000612852203,0.25588755278235414,0.00018153318246820173,0.00025563035015251307,0.00875114580653761,0.02376730961943853,0.002164135450590618,0.0009346470817545248,0.006818808881300571,5.160312992843718e-08,0.04781805520598212,2.1943575087012596e-08,0.0031725657705698115,0.0007993835401477272,0.0013691900299844452,1.271053979093325e-05,3.6055998038466077e-07,0.02261444569092674,0.010819128930302416,0.014366591993536623,0.010505525802284896,8.013049778067548e-08,1.2652870448220342e-09,0.009637659672065091,0.0029467180041047782,3.7831665562221686e-05,5.68778491463572e-06,4.449183930234152e-06,0.0028271432844208725,7.439818784521429e-06,3.268306971869797e-10,3.2971312371920406e-08,0.0010793226289718832
4.305814216056779e-06,0.4991705284973123,3.76,0.0,0.014237300083660451,0.8106728902451196,0.1760081205419918,0.006529630381390663,0.0028562799189811795,0.04421971993703507,0.14201376199639668,7.596563295141891e-10,0.30266138193809167,9.198517957913416e-06,0.000571784858441641,0.10958205503465643,0.0029179375785213417,0.0003032937653974844,0.0001477716382574267,0.007562854551484345,0.25542883774061004,0.00017703907127081627,0.00025019378342260674,0.008797642338021296,0.023851061126374373,0.002116504028191684,0.0009134942739935759,0.0066804560573281305,5.0243788326187394e-08,0.04804926560517064,2.1477930314902537e-08,0.0031522201188660627,0.0007807170586050298,0.0013364345932203488,1.2653824141389614e-05,3.5159949398568754e-07,0.022673728709648882,0.01086452841822696,0.014385218494789312,0.010608812323921255,8.04803517861043e-08,1.2374985213668584e-09,0.009735670929297025,0.0029831548281998863,3.738143407026394e-05,5.689401939357687e-06,4.458267836913233e-06,0.002846651421022214,7.324048631063267e-06,3.1936396407547667e-10,3.218514599649786e-08,0.001088394070268322
4.322572649567165e-06,0.4992325150904107,3.76,0.0,0.01404223262154827,0.8100185600923027,0.17648004201552975,0.006600805118146909,0.00279556289404883,0.044138889489357284,0.14238511072024232,7.336240720260829e-10,0.30282934764895175,8.869085585587441e-06,0.0005630132712254402,0.11039764425889545,0.002914524474360432,0.0003033515484559814,0.0001440593233079942,0.007396108516721375,0.25497883144543326,0.00017270170701445727,0.00024491815058488717,0.00884296130540145,0.0239328236863422,0.00207020175503785,0.0008929877123337867,0.0065446691646814095,4.893509855328252e-08,0.048273860371218995,2.1021793262728257e-08,0.0031316731435214163,0.0007626381466694968,0.0013044489621119244,1.2594782259802719e-05,3.428644380121707e-07,0.02272970568271071,0.010908864371471991,0.014402215916518381,0.010709779962258534,8.082040635211027e-08,1.2106527459373204e-09,0.009832099100430315,0.0030188990545235842,3.6931808384976366e-05,5.689973127043309e-06,4.467476016943146e-06,0.002866047885409315,7.210957347148001e-06,3.121231549098348e-10,3.1422926087134464e-08,0.0010972991031156338
4.337655239726512e-06,0.49928722610099086,3.76,0.0,0.013872054320848797,0.8094416063184537,0.1768958117817075,0.006664646851779208,0.002742533893731996,0.04406781926418646,0.1427128905259392,7.11337534795224e-10,0.30297567793902064,8.586623005184526e-06,0.0005552557489391701,0.11111921800411023,0.0029112816576011857,0.0003033686529957035,0.00014083243631776146,0.007250523307363397,0.25458111701092057,0.00016892745468278549,0.00024030419082071567,0.008882768334531508,0.024004762730419193,0.0020296460910774203,0.0008750702801401825,0.006424674585195976,4.7798903074785746e-08,0.04847049653176789,2.0619410910051112e-08,0.003113023771207212,0.0007468560483848049,0.0012763180422949729,1.2539765256113128e-05,3.351940496810253e-07,0.022777339037175118,0.010947884574273047,0.014416172745965895,0.010798693078316135,8.111830773687296e-08,1.187270846526442e-09,0.009917549913686327,0.0030504804850490274,3.6528188006875516e-05,5.689622093602737e-06,4.47586444555283e-06,0.0028834189356241567,7.1114683085501625e-06,3.0579520665255235e-10,3.0756930710807517e-08,0.0011051747946099718
4.352737829885859e-06,0.49934094569226906,3.76,0.0,0.013706755660643827,0.8088756349455126,0.1773033530489446,0.006728286807515497,0.0026909950644495566,0.043998289115685624,0.14303475947622438,6.900789457145805e-10,0.30311759290598767,8.316823168556132e-06,0.0005476292487011143,0.11182922632988522,0.0029078810486270873,0.0003033533704965779,0.00013770988540868668,0.0071090707261268335,0.25419016724331456,0.00016527165330432121,0.00023581412779767152,0.008921670936299394,0.024075188571819544,0.001990129040949076,0.0008576501846497134,0.0063067904506504315,4.670066322735005e-08,0.04866206359368124,2.022473829705354e-08,0.003094238754590229,0.0007315249386320237,0.0012488057973210843,1.2483064950434678e-05,3.2770307049037773e-07,0.022822443512702184,0.010986093144073669,0.014428905278816993,0.010885775380194487,8.140869643560708e-08,1.1646034280457201e-09,0.01000175435820402,0.0030815084682184997,3.612600367074872e-05,5.688477809083939e-06,4.484343504353088e-06,0.002900717127150388,7.014149188919434e-06,2.996420599265296e-10,3.0109449225817524e-08,0.00111292207563905
4.367820420045206e-06,0.4993937008441816,3.76,0.0,0.013546135482756936,0.8083203342159777,0.17770290851173037,0.006791727255758232,0.002640907372546817,0.04393025328548813,0.1433508905827002,6.697988696335606e-10,0.30325524872515575,8.05910841548699e-06,0.0005401347523916289,0.11252789633537125,0.002904326798799605,0.0003033063599592514,0.00013468808703636967,0.006971639594296824,0.25380584368880343,0.00016173045622108718,0.0002314449569281269,0.00895969183907914,0.02414414559840057,0.0019516317423064347,0.0008407151791251553,0.00619102546494774,4.5639006977956856e-08,0.04884869410271272,1.9837760933853343e-08,0.003075330287159707,0.0007166331694545489,0.001221908469882838,1.2424772031278215e-05,3.2038966203364284e-07,0.02286508775789062,0.011023512616208367,0.014440456402650285,0.010971050877255301,8.16917662276281e-08,1.1426281663645755e-09,0.010084730179679115,0.0031119872375051,3.572565862399713e-05,5.686565361952285e-06,4.4929079826081605e-06,0.0029179501132471425,6.918993368841249e-06,2.9365976355476935e-10,2.948005881255232e-08,0.0011205439252002288
4.382903010204553e-06,0.49944551778497,3.76,0.0,0.01339000227531124,0.8077754007299516,0.17809471370700342,0.006854970415163098,0.0025922323910999422,0.04386366728347511,0.14366145208312944,6.504488764453824e-10,0.303388795407517,7.81292530285749e-06,0.000532772975445765,0.11321545471175558,0.002900623118419325,0.00030322828581472416,0.0001317635796169767,0.006838120841168974,0.2534280075914031,0.00015830013305074162,0.00022719371290637257,0.008996853323106487,0.02421167697164883,0.0019141349156466135,0.0008242531295706297,0.006077384576233264,4.4612613081582875e-08,0.04903051764442608,1.945845376002402e-08,0.00305631007696873,0.0007021692276779044,0.0011956214857183742,1.2364974360472477e-05,3.1325180487155853e-07,0.02290533915371491,0.011060164860485899,0.01445086763230679,0.011054544408472493,8.196770722974377e-08,1.1213233348019737e-09,0.010166495501535255,0.003141921395142564,3.5327528967072254e-05,5.683909537922257e-06,4.5015524648386335e-06,0.0029351251329151184,6.825990564873666e-06,2.8784441989394744e-10,2.8868335649375822e-08,0.0011280432893136735
4.396477341347965e-06,0.49949137194242216,3.76,0.0,0.013253167824243593,0.8072935804477759,0.17844090094595394,0.006911722367612547,0.002549601532896572,0.04380494371813154,0.14393633066133038,6.337924475271936e-10,0.30350559334767213,7.600781607479337e-06,0.0005262612416550373,0.11382494355747474,0.00289716556145403,0.0003031320123262865,0.0001292119413479231,0.006721210640393329,0.25309338725060226,0.00015530464833849627,0.00022346600365217363,0.009029581899898404,0.02427127097395313,0.0018812269758532742,0.0008098317405576277,0.005976925149852546,4.371795545009849e-08,0.04919015359032121,1.9123606662151155e-08,0.0030391056469697,0.0006895080796811782,0.0011724806642071856,1.2309940262696062e-05,3.069760300585483e-07,0.02293957417893903,0.011092513449611907,0.014459296366272367,0.011128186127891864,8.2210111480437e-08,1.1027047409227336e-09,0.010239064551225351,0.0031684005685620625,3.4971396130741464e-05,5.680903936337244e-06,4.509396305799134e-06,0.0029505387504141257,6.744117727019418e-06,2.827500566470717e-10,2.833254023394416e-08,0.0011346903975331328
4.408694239377036e-06,0.4995320235426351,3.76,0.0,0.0131328928188601,0.8068667441652473,0.17874739427212913,0.0069626652675170994,0.002512163566249384,0.043753041254096806,0.14418007335828315,6.193886831039683e-10,0.303608049273357,7.417164764696185e-06,0.0005204930723240523,0.11436608017064734,0.0028939558074877973,0.00030302472091585326,0.0001269785796383269,0.006618563722579567,0.25279654242759975,0.00015268087615866933,0.0002201889736034244,0.009058470431426475,0.024323971923498996,0.00185227717659793,0.0007971645754960445,0.005887982806929811,4.293556301559075e-08,0.04933065924485567,1.8827506098455655e-08,0.0030235585811125326,0.0006783947167177753,0.0011520693637200963,1.2259476125717187e-05,3.0144650637218577e-07,0.022968813423028544,0.011121122962933433,0.014466144120256135,0.011193263049429771,8.242357514078194e-08,1.0863852926624168e-09,0.010303562396486311,0.0031918612161426856,3.465285002568055e-05,5.677715569522721e-06,4.516503905343765e-06,0.002964379508667482,6.671904067823899e-06,2.7827563382819463e-10,2.786201207254227e-08,0.001140591714332604
4.420911137406107e-06,0.4995721038354613,3.76,0.0,0.013015250260686293,0.8064461970305302,0.1790491988659885,0.007013482495885194,0.0024755863094258535,0.04370201495892631,0.14442044560335446,6.055181043442289e-10,0.30370805708749804,7.240205609798379e-06,0.0005148124660584809,0.11490032643899606,0.0028906556363646435,0.0003028982421439209,0.0001248032783702363,0.0065182969267213965,0.2525037081026409,0.00015012358606945813,0.00021698418403437537,0.009086833192115987,0.02437581032654069,0.0018239485759210716,0.0007847866074909723,0.0058004318759943985,4.217411486206043e-08,0.049468231765016676,1.8536362623778744e-08,0.0030079575133114484,0.0006675421060118182,0.0011320480717446884,1.220817187353985e-05,2.960280728161546e-07,0.022996598292202873,0.011149265867886154,0.01447231350331213,0.01125721723208678,8.263268367215411e-08,1.07046905776646e-09,0.010367299207615794,0.003214973770390231,3.433634176304336e-05,5.6740824635404486e-06,4.523653962165212e-06,0.0029781938254557997,6.60107459300834e-06,2.739037438308805e-10,2.7402324824561766e-08,0.0011464177821042972
4.433128035435178e-06,0.4996116253938108,3.76,0.0,0.012900154753526743,0.8060317931928872,0.17934642692783395,0.0070641751287594595,0.002439850634722406,0.04365184352080734,0.1446575279090714,5.921599421277032e-10,0.3038056858299536,7.069653390840055e-06,0.0005092193650915038,0.11542780062760098,0.002887267352817756,0.0003027529347210144,0.00012268441708951334,0.006420356506297764,0.25221481139343227,0.00014763100913886781,0.00021385014419841232,0.009114681123548903,0.024426806858099448,0.0017962304839151228,0.0007726916807429754,0.00571426887685348,4.1432998904939703e-08,0.049602934366386284,1.825014599155057e-08,0.0029923078071207245,0.0006569444539584089,0.0011124131016916892,1.2156068954015134e-05,2.907193882168236e-07,0.023022962106094735,0.011176952568089444,0.01447782411380798,0.011320063070456009,8.283752899989051e-08,1.0549456337333477e-09,0.010430285101697162,0.0032377412462481353,3.402202310862271e-05,5.670017138087145e-06,4.530843423692007e-06,0.002991984819441108,6.531618357576575e-06,2.696322962074031e-10,2.695325644220285e-08,0.0011521700901186975
4.4453449334642485e-06,0.49965060050913207,3.76,0.0,0.012787524153291678,0.8056233900964913,0.1796391879182407,0.007114744218950505,0.0024049377234372747,0.04360250612642745,0.1448913988683238,5.792936532660933e-10,0.30390100237567125,6.905266371257256e-06,0.0005037136282774982,0.11594862024650777,0.0028837932677687845,0.0003025891576545457,0.00012062042112259493,0.006324689678790919,0.2519297798599394,0.00014520142187194197,0.00021078538395618112,0.009142024961592733,0.024476981708235892,0.0017691121755523842,0.0007608737175188206,0.005629489179933546,4.0711621652878215e-08,0.049734829018054316,1.7968822840137828e-08,0.00297661464882421,0.0006465960502866039,0.0010931605465038117,1.2103207686093127e-05,2.8551906654559836e-07,0.02304793762165739,0.011204193207835358,0.014482695034562142,0.01138181514856689,8.303820155638748e-08,1.0398048637887654e-09,0.010492530258684147,0.0032601667588907715,3.3710035976207806e-05,5.665531953895359e-06,4.5380692368742e-06,0.003005755460585671,6.463523483351215e-06,2.654592422365236e-10,2.651458645574261e-08,0.0011578501084034492
4.457561831493319e-06,0.49968904119110924,3.76,0.0,0.01267727942992459,0.805220848423616,0.17992758861763042,0.007165190796116262,0.0023708290705474594,0.04355398245204299,0.1451221351837196,5.668996662563016e-10,0.3039940715109778,6.746811569505378e-06,0.0004982950361556136,0.11646290196995719,0.0028802356954226557,0.0003024072699308748,0.00011860976042856882,0.006231244628254429,0.25164854157895883,0.0001428331453540119,0.00020778845420284272,0.00916887523581775,0.024526354590368095,0.001742582910586963,0.0007493267216445984,0.005546087079628665,4.000940768142988e-08,0.049863976452448264,1.7692356942410367e-08,0.002960883052610928,0.00063649127089279,0.0010742862985642606,1.2049627277873884e-05,2.8042568193968314e-07,0.023071557033059967,0.01123099767719572,0.01448694484572339,0.011442488214236596,8.323478988245145e-08,1.0250368341496355e-09,0.01055404490655397,0.003282253514768124,3.340051274665995e-05,5.660639108841505e-06,4.545328358204313e-06,0.0030195085752604193,6.396777250099994e-06,2.6138254318303295e-10,2.6086096238999356e-08,0.0011634592871467113
4.46977872952239e-06,0.49972695917800225,3.76,0.0,0.012569344537006446,0.8048240320367619,0.18021173318545738,0.007215515866932809,0.0023375064880724284,0.04350625265436765,0.14534981169884587,5.549595875028782e-10,0.30408495600612173,6.594064499657599e-06,0.0004929632957741138,0.116970761563132,0.002876596950545754,0.00030220763021243706,0.00011665094844618277,0.006139970505318342,0.25137102520914445,0.00014052454435982715,0.00020485792720694872,0.009195242269504517,0.024574944749830185,0.0017166319514646073,0.000738044781391229,0.005464055864397638,3.932579909209944e-08,0.049990436176939865,1.7420709414123987e-08,0.002945117865593311,0.0006266245801064703,0.001055786068476503,1.1995365845516255e-05,2.7543777347407826e-07,0.023093851972571286,0.011257375617232723,0.014490591637474229,0.011502097154816981,8.342738043750171e-08,1.0106318737679199e-09,0.010614839307442087,0.0033040048031226918,3.3093576591360476e-05,5.6553506345348754e-06,4.5526177634175165e-06,0.0030332468513158332,6.331366177715705e-06,2.5740015850501895e-10,2.5667569248708908e-08,0.001168999056202997
4.481995627551461e-06,0.4997643659422727,3.76,0.0,0.012463646287181177,0.8044328079204708,0.1804917232187569,0.007265720415322481,0.002304952107594524,0.043459297361412,0.145574501430539,5.434552592647695e-10,0.3041737166850156,6.446808915035454e-06,0.00048771804530515703,0.11747231381478102,0.002872879345896834,0.00030199059654884133,0.00011474254091253072,0.006050817425576969,0.25109716004957044,0.0001382740263911344,0.00020199239688719643,0.009221136180048804,0.024622770972513173,0.001691248579695397,0.0007270220719473874,0.005383387883956792,3.866025497445768e-08,0.05011426648654708,1.7153838906831373e-08,0.0029293237726883033,0.0006169905325764531,0.001037655402865892,1.1940460432601946e-05,2.7055384941511876e-07,0.02311485351216133,0.011283336425240173,0.01449365302250619,0.011560656974123708,8.361605819290719e-08,9.965805471798764e-10,0.01067492374458044,0.0033254239879061285,3.2789341814281477e-05,5.649678393204663e-06,4.559934456944457e-06,0.0030469728430703603,6.267276105776228e-06,2.5351009103509553e-10,2.525879121766659e-08,0.0011744708246730635
4.4942125255805315e-06,0.4998012726964725,3.76,0.0,0.012360114232486286,0.8040470461233102,0.18076765780985318,0.007315805402715011,0.0022731483821647087,0.043413097663354466,0.1457962756015463,5.323693574847645e-10,0.3042604124926107,6.304836554673614e-06,0.00048255885849750823,0.11796767247478618,0.0028690851897874127,0.0003017565261015031,0.00011288313472720789,0.005963736466751059,0.2508268760933584,0.00013608004074241369,0.0001991904790472226,0.009246566879641864,0.02466985159350841,0.0016664221110173087,0.0007162528575909268,0.005304074613737973,3.8012250894669766e-08,0.05023552447727807,1.6891701818669576e-08,0.0029135053013678454,0.0006075837748796007,0.0010198897012876956,1.1884947029664018e-05,2.6577239132475907e-07,0.023134592165631553,0.011308889259962419,0.014496146148233906,0.011618182770455869,8.380090633890827e-08,9.828736503051503e-10,0.010734308509941958,0.0033465145000696438,3.2487914189328814e-05,5.643634074839353e-06,4.567275479550425e-06,0.003060688976184407,6.2044922702386394e-06,2.497103620221558e-10,2.4859550326695788e-08,0.0011798759805402305
4.506429423609602e-06,0.4998376903991088,3.76,0.0,0.012258680549757378,0.8036666197000313,0.1810396336032099,0.007365771768340382,0.002242078087548016,0.043367635103443436,0.14601520367356177,5.216856019765566e-10,0.3043451005597874,6.167946892389322e-06,0.00047748524897446603,0.1184569501967111,0.0028652167837707296,0.00030150577488194613,0.00011107136686521089,0.005878679664611713,0.2505601040761761,0.00013394107761076335,0.00019645081156956785,0.009271544076228098,0.024716204505766944,0.0016421419093787704,0.0007057314935494662,0.005226106716603537,3.738127839981731e-08,0.050354266060122284,1.6634252482107942e-08,0.002897666826275363,0.0005983990468415201,0.0010024842322450395,1.1828860593865348e-05,2.610918580651005e-07,0.023153097891258596,0.011334043046788353,0.01449808770874821,0.01167468971573044,8.398200609682316e-08,9.695022094477851e-10,0.010793003892600765,0.0033672798302360044,3.2189391276338295e-05,5.637229194643265e-06,4.5746379145572845e-06,0.003074397552420117,6.142999373865315e-06,2.459989987332831e-10,2.446963737220545e-08,0.0011852158903629183
4.518646321638673e-06,0.4998736297605575,3.76,0.0,0.012159279931396566,0.8032914046537563,0.18130774485147821,0.0074156204295593355,0.0022117243227476237,0.043322891668906356,0.1462313533807988,5.113879547517849e-10,0.30442783626560327,6.035946888887295e-06,0.0004724966743588915,0.11894025848554689,0.0028612764204663035,0.00030123869750384885,0.00010930591328541692,0.005795600007643094,0.2502967755192119,0.00013185566718025882,0.00019377205456272485,0.00929607727477119,0.024761847168788508,0.0016183973996595979,0.0006954524275168218,0.005149474101804619,3.676684453323181e-08,0.050470545975813776,1.6381443330513284e-08,0.0028818125737063967,0.0005894311825396915,0.0009854341483089002,1.1772235068904956e-05,2.5651068942410534e-07,0.02317040009498899,0.011358806482934108,0.01449949395652195,0.01173019303575462,8.415943721875619e-08,9.56457475050771e-10,0.010851020167831144,0.003387723521759192,3.189386273164244e-05,5.630475090820838e-06,4.582018893832221e-06,0.003088100754296494,6.082781649976878e-06,2.42374072206022e-10,2.4088845913309293e-08,0.001190491899027497
4.530863219667744e-06,0.4999091012487451,3.76,0.0,0.012061849481339471,0.8029212798782244,0.18157208347074658,0.007465352282230735,0.0021820705098589822,0.04327884978186789,0.14644479076406844,5.014610987745278e-10,0.30450867329698317,5.908650747575681e-06,0.0004675925402176089,0.1194177076504951,0.0028572663815191347,0.0003009556469485643,0.00010758548784687281,0.005714451430468185,0.2500368227668079,0.00012982237868542054,0.0001911528904609546,0.009320175778815956,0.02480679661732205,0.0015951780791501398,0.0006854102008390949,0.005074165981248222,3.61684713588512e-08,0.05058441781034032,1.613322507454395e-08,0.0028659466259570976,0.0005806751110044039,0.0009687345003648229,1.1715103405140726e-05,2.5202730948188487e-07,0.023186527634167495,0.011383188042613046,0.014500380713873384,0.01178470799160214,8.433327777620171e-08,9.437309166706985e-10,0.01090836758692454,0.0034078491641587895,3.1601410628568e-05,5.62338292264254e-06,4.5894156032333665e-06,0.0031018006496409175,6.023822921810668e-06,2.3883367770364673e-10,2.371697238992416e-08,0.001195705329559414
4.5430801176968146e-06,0.4999441150945834,3.76,0.0,0.011966328615759289,0.8025561271002591,0.18183273909493602,0.007514968201108131,0.00215310039335786,0.04323549229030821,0.14665558020515795,4.918906400157495e-10,0.3045876637060752,5.785879674624226e-06,0.00046277220383466184,0.11988940676234397,0.0028531889356845134,0.0003006569743436521,0.00010590884126373871,0.005635188806172612,0.2497801790193998,0.00012783981950032104,0.00018859202408320802,0.00934384869229749,0.02485106947005398,0.0015724735279242857,0.0006755994494203442,0.0050001709231854655,3.5585695494603704e-08,0.050695934011037266,1.5889546866791195e-08,0.002850072925546608,0.0005721258566650471,0.0009523802510347511,1.165749757982733e-05,2.4764012987550543e-07,0.023201508821728382,0.011407195982176276,0.01450076338417979,0.011838249862029956,8.450360398378969e-08,9.313142211068103e-10,0.010965056367674456,0.003427660386906193,3.131210977607372e-05,5.61596366877212e-06,4.596825286896997e-06,0.0031154991960298632,5.96610665872589e-06,2.3537592240152984e-10,2.3353816224785828e-08,0.0012008574829852723
4.555297015725885e-06,0.4999786812973039,3.76,0.0,0.011872658968123019,0.8021958308226236,0.1820897991292894,0.007564469040257849,0.0021247980389011325,0.04319280245908903,0.14686378446131063,4.826624240482199e-10,0.30466485796545556,5.667461643572103e-06,0.0004580349778243223,0.12035546361503638,0.0028490463370300124,0.0003003430287540204,0.00010427476008267011,0.005557767937751564,0.24952677836242532,0.00012590663424412422,0.0001860881826575918,0.009367104921553735,0.024894681938266362,0.0015502734182411637,0.0006660149043905187,0.004927476903423449,3.50180676642018e-08,0.05080514590311656,1.5650356445817083e-08,0.002834195279317941,0.0005637785395820052,0.0009363662873193331,1.1599448617374137e-05,2.4334755281872604e-07,0.02321537143078025,0.011430838345207644,0.014500656962833187,0.011890833926883311,8.467049062043054e-08,9.191992868259967e-10,0.011021096685485473,0.0034471608535438856,3.102602801997075e-05,5.608228125861638e-06,4.604245250782646e-06,0.003129198245112118,5.909616028630751e-06,2.319989568650293e-10,2.2999179916638297e-08,0.001205949638239044
4.567513913754956e-06,0.5000128096296691,3.76,0.0,0.011780784298413059,0.801840278267332,0.18234334880293304,0.007613855633494676,0.002097147831686546,0.04315076396105741,0.14706946469971072,4.737629182624051e-10,0.304740305021264,5.553231164726859e-06,0.00045338013358654436,0.12081598469120343,0.0028448408232503324,0.0003000141569853895,0.00010268206567163083,0.005482145548812506,0.2492765557915246,0.00012402150388105356,0.00018364011581432089,0.009389953177519481,0.024937649834445515,0.0015285675230382286,0.0006566513925545856,0.004856071354136056,3.446515226434216e-08,0.0509121037065626,1.5415600283272208e-08,0.0028183173624200548,0.0005556283754826975,0.0009206874324919939,1.1540986609580549e-05,2.39147973864346e-07,0.023228142699545273,0.011454122967565806,0.014500076047937148,0.011942475451458604,8.483401088160838e-08,9.07378218613692e-10,0.011076498665081137,0.003466354256126756,3.0743226533303346e-05,5.600186907403102e-06,4.611672865901088e-06,0.00314289954681282,5.85433394602255e-06,2.287009598459579e-10,2.2652869118732998e-08,0.0012109830521087547
4.579730811784027e-06,0.5000465096430241,3.76,0.0,0.011690650406405979,0.8014893593194354,0.18259347122051117,0.007663128794833452,0.0020701344744048183,0.04310936086823078,0.14727268053194048,4.6517940387099765e-10,0.3048140523443141,5.443029059613498e-06,0.00044880690460471405,0.12127107513152018,0.002840574614092345,0.0002996707033998016,0.00010112961323622433,0.005408279273550109,0.24902944723414386,0.00012218314482978737,0.00018124659554824254,0.00941240197809112,0.02497998858082435,0.0015073457235415635,0.0006475038366318726,0.004785941210337534,3.392652693707045e-08,0.05101685655336666,1.518522372586877e-08,0.0028024427221733537,0.0005476706756108981,0.0009053384572693514,1.1482140735832637e-05,2.3503978454146722e-07,0.0232398493366311,0.011477057482371105,0.014499034850748257,0.011993189671799628,8.499423621677206e-08,8.958433250825647e-10,0.011131272372792957,0.003485244309976717,3.0463760109263684e-05,5.591850442811713e-06,4.61910557097788e-06,0.0031566047534194864,5.800243116094055e-06,2.2548012637675318e-10,2.2314692700785545e-08,0.0012159589592216902
4.591947709813098e-06,0.5000797906722403,3.76,0.0,0.011602205048855662,0.8011429664713211,0.1828402474128932,0.007712289318954638,0.0020437429848141186,0.04306857764306976,0.14747349004836113,4.568993947554195e-10,0.3048861459792476,5.336702240655654e-06,0.0004443144895896394,0.12172083870770933,0.0028362499098866845,0.0002993130097428401,9.961629086397817e-05,0.00533612764604247,0.24878538956773183,0.00012039030809352188,0.00017890641615252834,0.009434459650647752,0.025021713217854433,0.0014865980160409975,0.0006385672552997865,0.004717072954089335,3.340178215439288e-08,0.05111945250505855,1.495917111985969e-08,0.002786574781821593,0.0005399008464028254,0.0008903140902853575,1.1422939283236471e-05,2.3102137482446e-07,0.02325051752660984,0.011499649324933896,0.014497547205865843,0.012042991780896208,8.515123668272627e-08,8.84587113672999e-10,0.011185427809408649,0.0035038347487395213,3.0187677452718198e-05,5.583228976730392e-06,4.626540874435019e-06,0.003170315423550362,5.7473260757070445e-06,2.2233469390930702e-10,2.1984462799719747e-08,0.0012208785720657202
4.604164607842168e-06,0.5001126618405627,3.76,0.0,0.011515397860374501,0.8008009947675764,0.18308375638694066,0.0077613379816808435,0.0020179586929708363,0.04302839912984678,0.14767194985234233,4.4891094103104827e-10,0.30495663059182726,5.234103496171949e-06,0.0004399020554762185,0.12216537779896806,0.002831868890181289,0.0002989414149821809,9.814101858513252e-05,0.005265650088976854,0.24854432063485218,0.00011864177839904375,0.00017661839412613317,0.009456134334707753,0.025062838412606765,0.0014663145179021383,0.0006298367630621158,0.004649452656520032,3.289052082130664e-08,0.051219938570472565,1.4737385933393831e-08,0.0027707168441737993,0.0005323143890091959,0.0008756090279007347,1.1363409666650767e-05,2.270911353786403e-07,0.02326017293587058,0.011521905737618788,0.01449562658117202,0.012091896915747583,8.530508084535138e-08,8.736022852518763e-10,0.011238974903551848,0.003522129319730534,2.99150214581296e-05,5.574332568555344e-06,4.633976355971698e-06,0.00318403302600443,5.695565231523467e-06,2.192629305669406e-10,2.166199486134874e-08,0.0012257430810434038
4.616381505871239e-06,0.5001451320643201,3.76,0.0,0.011430180277806418,0.8004633417504828,0.1833240751743237,0.00781027554046121,0.00199276723815986,0.04298881054612159,0.14786811509426143,4.4120280874146103e-10,0.3050255495144652,5.135091280784221e-06,0.00043556874027714677,0.12260479337158842,0.0028274337124720725,0.00029855625515708877,9.670274745458104e-05,0.005196806901888791,0.2483061792555051,0.00011693637334298301,0.0001743813680578213,0.009477433984700093,0.02510337846708899,0.0014464854728788174,0.0006213075699616368,0.004583066017739409,3.239235788754875e-08,0.051318360723682704,1.4519810876807025e-08,0.0027548720951396295,0.0005249068986821812,0.0008612179433795655,1.1303578448581931e-05,2.232474596630364e-07,0.023268840718711405,0.011543833774638947,0.014493286087523568,0.01213992014525308,8.545583563247859e-08,8.628817311423115e-10,0.011291923505565637,0.003540131779556256,2.9645829474975388e-05,5.565171092172049e-06,4.641409667837341e-06,0.003197758943492873,5.644942895161575e-06,2.162631238589598e-10,2.1347107671301517e-08,0.0012305536545555074
4.62859840390031e-06,0.500177210057505,3.76,0.0,0.011346505467920619,0.8001299074061825,0.18356127887938056,0.007859102734861137,0.0019681545655671658,0.042949797474331114,0.14806203950521435,4.337639864994106e-10,0.3050929447900667,5.039529511371613e-06,0.00043131365579652555,0.12303918496157368,0.002822946511026476,0.0002981578632384982,9.530045866147054e-05,0.005129559248968909,0.24807090523687975,0.0001152729425556429,0.00017219419848893628,0.009498366372833956,0.025143347326461313,0.001427101255770173,0.0006129749811524433,0.004517898404723349,3.190691996654857e-08,0.05141476392205843,1.4306388009503363e-08,0.002739043607161213,0.0005176740640420828,0.0008471354954624695,1.1243471358913232e-05,2.1948874590728112e-07,0.023276545523641702,0.011565440306776392,0.014490538488197742,0.012187076458896847,8.560356662956406e-08,8.524185285918147e-10,0.011344283381875596,0.00355784588999973,2.9380133570821284e-05,5.555754235883766e-06,4.648838535666739e-06,0.0032114944762527565,5.595441315384022e-06,2.1333360230535613e-10,2.1039623375826402e-08,0.0012353114391111582
4.640815301929381e-06,0.5002089043362713,3.76,0.0,0.011264328258281723,0.7998005941115426,0.18379544072602264,0.007907820287055525,0.0019441069227231576,0.04291134585349674,0.1482537754303977,4.2658392529675456e-10,0.3051588572142522,4.947287368649998e-06,0.00042713589020785186,0.1234686506600821,0.0028184093957961233,0.0002977465689993107,9.393316266075064e-05,0.005063869146500116,0.24783843938072894,0.00011365036688207307,0.00017005576775656228,0.009518939092053936,0.02518275858714452,0.0014081523764643553,0.0006048343963442556,0.004453934887242061,3.143384497025898e-08,0.051509192124405,1.4097058841655683e-08,0.0027232343425443403,0.0005106116662352964,0.000833356336363586,1.1183113314447494e-05,2.158133989134495e-07,0.023283311499871097,0.011586732026025627,0.014487396208095627,0.012233380756195854,8.574833801926741e-08,8.422059355254728e-10,0.011396064209810786,0.0035752754141590752,2.9117960792327933e-05,5.546091502521505e-06,4.656260758923362e-06,0.003225240845544071,5.5470427076389835e-06,2.104727264439564e-10,2.073936749488815e-08,0.001240017559462396
4.6530321999584514e-06,0.5002402232233295,3.76,0.0,0.011183605071157116,0.7994753065817453,0.18402663210368822,0.007956428902323849,0.0019206108557347985,0.04287344197105319,0.14844337386212458,4.1965270476510614e-10,0.3052233263760204,4.858239104373147e-06,0.00042303451050200935,0.12389328710153517,0.002813824451414931,0.0002973226988945456,9.25998983240084e-05,0.004999699449983964,0.24760872348855295,0.00011206755757453381,0.00016796497981873265,0.00953915955906844,0.025221625504822712,0.001389629483417415,0.0005968813091303841,0.004391160271903256,3.0972781756850966e-08,0.05160168830915335,1.3891764434718667e-08,0.0027074471566919337,0.0005037155779944899,0.0008198751192177157,1.1122528438244925e-05,2.122198317137749e-07,0.023289162303962753,0.011607715450158478,0.014483871342707474,0.012278847836880396,8.589021245036903e-08,8.322373872654929e-10,0.011447275572861213,0.0035924241128285754,2.885933341536241e-05,5.536192209730687e-06,4.663674211097897e-06,0.0032389991970314066,5.4997292812869916e-06,2.0767887830395735e-10,2.0446168928151745e-08,0.0012446731187610003
4.665249097987522e-06,0.5002711748522325,3.76,0.0,0.011104293860318195,0.7991539518186249,0.18425492261234802,0.00800492926954551,0.0018976532053302125,0.04283607245480429,0.14863088447243825,4.129606150427407e-10,0.30528639069691843,4.772263854132705e-06,0.00041900856480956317,0.12431318945422677,0.002809193736278888,0.00029688657595096997,9.129973211398912e-05,0.004937013840998793,0.24738170036476717,0.00011052345549906888,0.00016592076006337374,0.009559035017438818,0.025259961002337475,0.001371523366612025,0.0005891113062113174,0.004329559134381846,3.052338978472791e-08,0.05169229449256282,1.3690445492271316e-08,0.00269168480124273,0.000496981762612266,0.0008066865050039176,1.1061740078737903e-05,2.0870646712024828e-07,0.02329412110662926,0.011628396927207813,0.01447997566684428,0.012323492391775832,8.602925128446231e-08,8.225064923802198e-10,0.011497926956350112,0.0036092957411115187,2.8604269182585143e-05,5.5260654904261095e-06,4.671076839660416e-06,0.0032527706040518726,5.453483264633283e-06,2.0495047922132595e-10,2.015985995357254e-08,0.0012492791987354498
4.677465996016593e-06,0.5003017671715639,3.76,0.0,0.01102635405059428,0.7988364390597807,0.18448038010656523,0.008053322061693749,0.0018752211027469132,0.042799224265007756,0.14881635564528733,4.0649834500944435e-10,0.3053480874687862,4.6892454557476635e-06,0.00041505708460075455,0.1247284514132686,0.00280451928170378,0.000296438519665839,9.003175728249164e-05,0.004875776813834883,0.24715731381802966,0.00010901703036005487,0.00016392205510255158,0.009578572540717258,0.02529777767746201,0.0013538249600312262,0.0005815200665254193,0.00426911584990722,3.00853387775375e-08,0.051781051746903985,1.3493042444366324e-08,0.0026759499271180303,0.0004904062728391847,0.0007937851689715325,1.1000770828604994e-05,2.052717391407124e-07,0.023298210599649424,0.011648782639868101,0.014475720643139475,0.01236732899435452,8.616551456418451e-08,8.130070276986153e-10,0.011548027743499776,0.003625894045254098,2.8352781535831964e-05,5.5157202934031405e-06,4.678466665728338e-06,0.0032665560707710382,5.4082869277995145e-06,2.022859830243109e-10,1.98802762195017e-08,0.0012538368598859488
4.689682894045664e-06,0.5003320079490421,3.76,0.0,0.010949746480047883,0.7985226797284837,0.1847030707386155,0.00810160793632684,0.0018533019654891278,0.04276288468659291,0.14899983450823368,4.002571346487689e-10,0.3054084528901338,4.609072273222221e-06,0.00041117908676768485,0.12513916519572096,0.0027998030911572905,0.0002959788459143823,8.87950930883074e-05,0.004815953661957275,0.24693550866089597,0.00010754727994046971,0.00016196783255353382,0.009597779035622677,0.025335087810548666,0.0013365253436817672,0.0005741033602970851,0.004209814622077351,2.9658308402999382e-08,0.05186800021859059,1.3299495530489025e-08,0.0026602450874793,0.00048398524971584217,0.0007811658065936007,1.0939642543388942e-05,2.0191409426452756e-07,0.023301453002886205,0.011668878609811079,0.014471117430325016,0.01241037209292819,8.629906089804756e-08,8.037329348508904e-10,0.011597587211870538,0.003642222759690214,2.8104879845717744e-05,5.505165384095255e-06,4.6858417835153346e-06,0.0032803565352287224,5.36412260356519e-06,1.9968386634092903e-10,1.9607256731456265e-08,0.0012583471416956358
4.7018997920747345e-06,0.500361904775527,3.76,0.0,0.010874433344650226,0.7982125873843902,0.18492305900067527,0.00814978753607528,0.001831883492969118,0.042727041321513844,0.14918136696366857,3.942284212645234e-10,0.3054675221012075,4.531637026224715e-06,0.00040737357559394874,0.12554542153776765,0.002795047139562052,0.00029550786686567026,8.758888403609493e-05,0.004757510464336252,0.24671623070794457,0.00010611322935647503,0.00016005708080805249,0.009616661245245144,0.025371903372051936,0.0013196157452060636,0.0005668570480116192,0.004151639510066945,2.9241987960110033e-08,0.051953179146234645,1.3109744875807195e-08,0.0026445727405992993,0.00047771492134752975,0.0007688231390714697,1.0878376359846518e-05,1.9863199264986782e-07,0.023303870071388243,0.011688690701915548,0.014466176891286554,0.012452636003452179,8.642994766574789e-08,7.946783164352297e-10,0.01164661453015373,0.0036582856042874285,2.7860569632419563e-05,5.494409345471074e-06,4.693200359620916e-06,0.0032941728722766747,5.320972706375882e-06,1.971426432137963e-10,1.934064383383928e-08,0.0012628110628562532
4.714116690103805e-06,0.5003914650689397,3.76,0.0,0.010800378145342538,0.797906077675077,0.1851404077660864,0.00819786148912405,0.0018109536620470744,0.042691682081238795,0.1493609977195175,3.8840398614800834e-10,0.3055253292177963,4.456836625023821e-06,0.00040363954461598004,0.12594730969380147,0.002790253372666387,0.0002950258909065115,8.64122991374279e-05,0.004700414071676393,0.2464994267725023,0.00010471393032854456,0.0001581888087909777,0.009635225752270294,0.02540823602992747,0.0013030875411182094,0.0005597770793252703,0.0040945744542948805,2.8836076074160145e-08,0.05203662687860154,1.2923730560849982e-08,0.002628935252649386,0.00047159160162921183,0.0007567519184135139,1.0816992714019938e-05,1.9542390920787176e-07,0.023305483102558526,0.011708224628410526,0.014460909600902476,0.01249413490291376,8.655823100770374e-08,7.858374313613937e-10,0.01169511875530015,0.0036740862817846386,2.7619852774683772e-05,5.48346057906319e-06,4.70054063215017e-06,0.0033080058964103827,5.2788197496664215e-06,1.9466085999761876e-10,1.9080283186846945e-08,0.001267229621506718
4.726333588132876e-06,0.5004206960780966,3.76,0.0,0.010727545637372394,0.7976030682884043,0.18535517832970755,0.008245830409688907,0.001790500722490225,0.042656795179377226,0.14953877031941687,3.827760930701024e-10,0.3055819073638318,4.384572010804364e-06,0.00039997597837951884,0.12634491743729126,0.00278542370647956,0.00029453322257302856,8.526453119222378e-05,0.004644632092576997,0.2462850446620965,0.00010334846046959541,0.0001563620457095526,0.009653478982215661,0.025444097156900804,0.0012869322576906875,0.0005528594919181902,0.004038603300614848,2.8440280403473876e-08,0.0521183808924443,1.2741392689223816e-08,0.002613334900405504,0.0004656116889280555,0.0007449469321101384,1.0755511359020812e-05,1.922883345766835e-07,0.02330631294337492,0.011727485952931195,0.01445532585367153,0.012534882823277495,8.66839657251488e-08,7.772046913241882e-10,0.011743108829966147,0.003689628475412357,2.7382727712035027e-05,5.472327306119794e-06,4.707860909670474e-06,0.003321856364497386,5.237646361587826e-06,1.9223708652861503e-10,1.8826023739280665e-08,0.001271603795483122
4.741522270308161e-06,0.5004565890755576,3.76,0.0,0.010638650271433346,0.7972311114495687,0.18561868698656236,0.008305322303654947,0.0017657202882423325,0.04261406333242039,0.14975725914929733,3.760419387818855e-10,0.30565058290065933,4.298121805803641e-06,0.00039551796062088195,0.12683340511347874,0.002779371994418899,0.0002939062544227244,8.387657065318186e-05,0.00457706629847432,0.24602181373282825,0.00010169666067815609,0.000154147370165401,0.009675747721946711,0.025488040724434443,0.0012673546605094903,0.0005444797881769706,0.0039705179958106586,2.7961886619470537e-08,0.05221771503237314,1.2519737289508524e-08,0.0025939948103535443,0.00045837182997302976,0.0007306338199831523,1.0678967008852116e-05,1.8848888744763119e-07,0.023306283233444285,0.011751060654832224,0.014447957644839677,0.012584516453782382,8.683681242619151e-08,7.66754084929958e-10,0.011802068914057145,0.0037085964091407774,2.7092922625340328e-05,5.458240662907604e-06,4.716931537476617e-06,0.0033391013640120225,5.187797458345684e-06,1.8930251724453515e-10,1.8518200581502195e-08,0.0012769815450384353
4.756710952483445e-06,0.5004919973086882,3.76,0.0,0.010551529334950975,0.7968642908045641,0.18587841444377431,0.00836465390548052,0.0017416377470329963,0.042572022361308325,0.14997302046601496,3.6958589551617143e-10,0.30571746830666957,4.215269334877614e-06,0.0003911652996100646,0.1273155725966087,0.00277327126392934,0.0002932637928643321,8.253048268988986e-05,0.0045114240502489265,0.24576215079981492,0.00010009409331886477,0.0001519936012186341,0.009697556739541056,0.025531293268510624,0.0012483249525586657,0.0005363378256681335,0.003904067140075143,2.749816469913037e-08,0.052314556357641005,1.2303557426711416e-08,0.002574719526706156,0.00045134161336649774,0.0007167143821195482,1.0602336376854979e-05,1.8479637841535518e-07,0.023305112744144863,0.0117742324797998,0.014440134454804122,0.012633037098841352,8.698590320815676e-08,7.566066658647937e-10,0.01186026462745857,0.003727177453177054,2.6808645899237755e-05,5.443896322645964e-06,4.72596578621931e-06,0.0033563756436116414,5.1394031816309556e-06,1.864528516574368e-10,1.8219302610857437e-08,0.0012822939673572988
4.77189963465873e-06,0.5005269336654523,3.76,0.0,0.010466122541664553,0.7965024607126974,0.18613446883474513,0.008423826311757632,0.0017182322174683915,0.04253065146877056,0.15018613083319943,3.633954052800762e-10,0.305782621257143,4.13584816302278e-06,0.0003869160083874002,0.1277915790344393,0.0027671249981043385,0.0002926063974207424,8.122486024224742e-05,0.004447647805521909,0.24550596190298693,9.853914357157291e-05,0.0001498990007139745,0.009718917412515403,0.025573874834812278,0.0012298278234150178,0.0005284265418282294,0.00383921938877848,2.704860732697404e-08,0.05240897149756043,1.2092738992254012e-08,0.0025555128831992063,0.00044451464461660046,0.0007031788884870503,1.0525653251654395e-05,1.8120802035880896e-07,0.023302838727425442,0.011797011213990353,0.01443187435664094,0.01268047071223004,8.713133553965791e-08,7.467526286855152e-10,0.01191771238687336,0.0037453785296819534,2.6529875039351768e-05,5.429308937290693e-06,4.7349608432197796e-06,0.0033736803214482816,5.09243107744857e-06,1.8368552217746643e-10,1.7929060349720744e-08,0.001287542814026347
4.787088316834015e-06,0.5005614106701193,3.76,0.0,0.01038237211888054,0.7961454799216411,0.18638695492826446,0.00848284059058748,0.0016954834200938241,0.04248993050441322,0.15039666434016988,3.574578718706599e-10,0.3058460973748801,4.059699927771115e-06,0.0003827680945119762,0.1282615800906444,0.002760936604641776,0.0002919346178849673,7.99583459432074e-05,0.004385681684153549,0.2452531553786406,9.70302513057519e-05,0.00014786187605329759,0.009739840777510281,0.025615804837697233,0.0012118483213548552,0.0005207390708587798,0.0037759433912839483,2.661272588758388e-08,0.05250102518471805,1.1887168531710338e-08,0.0025363785267798933,0.0004378847160788225,0.0006900177334231406,1.0448949972103837e-05,1.7772107166895155e-07,0.02329949743726597,0.011819406329478215,0.014423194829438124,0.012726842851018631,8.727320443308825e-08,7.37182494324854e-10,0.01197442831680422,0.0037632064934815285,2.625658131523747e-05,5.414492743586838e-06,4.743914050188523e-06,0.0033910164043766205,5.04684909355963e-06,1.8099805639480616e-10,1.7647211792231415e-08,0.001292729791058099
4.800758130791771e-06,0.5005920572928573,3.76,0.0,0.010308367120801203,0.7958282300535896,0.18661122548020795,0.00853581910339764,0.0016755547213916702,0.04245382117678962,0.15058400058449975,3.523201455467547e-10,0.3059018365684297,3.993840189258413e-06,0.0003791200013519944,0.12867957231041968,0.0027553337865434584,0.0002913181644006629,7.885083729317852e-05,0.004331414952695667,0.2450284475017976,9.57103805725901e-05,0.0001460762428113436,0.009758306762214949,0.025653000305913474,0.0011960972705037448,0.0005140061877780977,0.0037203129653951075,2.623173616648999e-08,0.05258190647319983,1.1706548990491576e-08,0.002519222280432148,0.0004320812663062177,0.0006784849206523832,1.0379925385596061e-05,1.746672947131166e-07,0.023295606934010706,0.011839241523252369,0.014415038626062379,0.012767691010941622,8.73979162957411e-08,7.288045295613794e-10,0.012024860028737937,0.003778938257446741,2.6015271524800254e-05,5.400973974192034e-06,4.751934078398385e-06,0.0034066464778671848,5.0069877136375095e-06,1.7864564781835198e-10,1.7400514075303984e-08,0.001297346545833075
4.814427944749527e-06,0.5006223503322431,3.76,0.0,0.010235620119693279,0.7955147001082474,0.18683275978190297,0.008588671117194403,0.0016561280607568286,0.04241820865951726,0.15076935833217275,3.4736957216343605e-10,0.3059562987985984,3.9304046186365505e-06,0.00037555095558998794,0.1290929320880024,0.0027497019202556046,0.00029069088410874365,7.777302239386846e-05,0.004278531992929896,0.24480634328443787,9.442553144593583e-05,0.0001443346587293065,0.00977643478347257,0.025689696540412307,0.0011807432767258219,0.0005074444516547037,0.0036659075367452753,2.5861111395522135e-08,0.05266097054181432,1.1530007507673647e-08,0.0025021298039697285,0.0004264282677182465,0.00066724083708495,1.0310931161760675e-05,1.7169154501835353e-07,0.023290905581470858,0.011858779896392502,0.014406568322240968,0.012807717801938952,8.751988213897246e-08,7.206426285020011e-10,0.01207472311817325,0.0037943781882575876,2.577834153632623e-05,5.387290873834738e-06,4.759916445984656e-06,0.0034223033102410805,4.968203964844019e-06,1.7635426777944322e-10,1.716022822930042e-08,0.0013019157131476233
4.828097758707284e-06,0.5006522981986778,3.76,0.0,0.010164093769804376,0.7952047957318499,0.18705162762941013,0.00864139735642637,0.0016371898490022058,0.042383079530503805,0.1509527867666934,3.425982276912045e-10,0.30600952065567333,3.869293030917336e-06,0.0003720595073320337,0.1295017657783621,0.0027440433307595116,0.00029005315727919035,7.672400794440152e-05,0.0042269953600837734,0.24458678055293656,9.317467300166504e-05,0.00014263598114910977,0.00979423221611756,0.025725906458216492,0.0011657761765463842,0.0005010492500228183,0.0036127044279074855,2.5500531403280546e-08,0.05273826083644065,1.1357463223830844e-08,0.002485103394350675,0.0004209215659539202,0.0006562787686226998,1.0241988050015285e-05,1.687919239642474e-07,0.023285417820947153,0.011878027742745387,0.014397795501547754,0.01284694099491425,8.763916587352591e-08,7.1269051524266e-10,0.012124028722343489,0.003809531126739672,2.5545759335806263e-05,5.3734529792611895e-06,4.767859516773483e-06,0.0034379874292618734,4.930475409007729e-06,1.7412225388450282e-10,1.6926178247277484e-08,0.0013064384454873595
4.84176757266504e-06,0.5006819090871647,3.76,0.0,0.0100937521005377,0.7948984251427623,0.18726789686327644,0.008693998529911625,0.0016187268569047928,0.04234842074500934,0.15113433364082565,3.3799857886674033e-10,0.30606153756962207,3.810409622428047e-06,0.00036864421136483883,0.129906177527955,0.002738360292215538,0.00028940535763166155,7.57029289495442e-05,0.0041767685995763955,0.24436969856115512,9.19568057779139e-05,0.00014097909515543196,0.009811706234526877,0.025761642608697358,0.0011511860352295443,0.0004948160893645733,0.003560681070226849,2.5149686571607846e-08,0.05281381968034386,1.1188836000765806e-08,0.00246814524215413,0.00041555711848261195,0.0006455921000815433,1.0173115963475492e-05,1.65966565858578e-07,0.023279167492415837,0.011896991175424657,0.014388731404011609,0.01288537808010881,8.775582980454516e-08,7.049421021791987e-10,0.01217278778137911,0.003824401859917114,2.5317489957140606e-05,5.3594695683192855e-06,4.775761744002111e-06,0.0034536993048485025,4.893779923665886e-06,1.7194798586194883e-10,1.6698192686945904e-08,0.0013109158676345525
4.855437386622796e-06,0.5007111909824343,3.76,0.0,0.010024560460163487,0.7945954990634182,0.1874816334236987,0.008746475331507195,0.0016007262069963305,0.04231421962526369,0.15131404531897885,3.3356352115484417e-10,0.30611238384940287,3.753662778458061e-06,0.0003653036287186965,0.13030626929825437,0.00273265502787409,0.0002887478523242107,7.470894779905508e-05,0.004127816223844623,0.2441550379687936,9.077096081121036e-05,0.00013936291305461583,0.009828863817931507,0.02579691718385847,0.0011369631443193414,0.000488740592642349,0.00350981502487978,2.4808277468243216e-08,0.052887688301718694,1.1024046473100614e-08,0.0024512574350598246,0.0004103309920448132,0.0006351743179019982,1.0104334004387038e-05,1.6321363833571008e-07,0.02327217784696314,0.011915676132341735,0.014379386936101888,0.012923046264289579,8.78699346130458e-08,6.973914841958307e-10,0.012221011038107812,0.0038389951193955607,2.509349571630657e-05,5.345349663505732e-06,4.783621667304723e-06,0.003469439352210162,4.858095709962621e-06,1.6982988105448406e-10,1.6476104582701925e-08,0.0013153490772038602
4.8691072005805525e-06,0.5007401516647552,3.76,0.0,0.0099564854616956,0.7942959306536672,0.18769290140438072,0.008798828440759075,0.0015831753654345403,0.04228046385031198,0.15149196681859864,3.2928622843938596e-10,0.3061620927210208,3.6989648882222045e-06,0.0003620363281230354,0.13070214089035195,0.002726929710045267,0.0002880810019489008,7.374125336738885e-05,0.004080103689475592,0.24394274081930437,8.9616198697765e-05,0.0001377863738535152,0.009845711755649595,0.025831742028392606,0.0011230980190058883,0.0004828184968362067,0.003460084002503761,2.447601449556645e-08,0.05295990686079201,1.0863016097663936e-08,0.002434441961232358,0.00040523936011259643,0.0006250190125297826,1.0035660489006185e-05,1.605313426780623e-07,0.023264471559109854,0.011934088381597726,0.014369772680446183,0.012959962468428747,8.798153946864926e-08,6.900329335159283e-10,0.012268709038106436,0.0038533155799040718,2.4873736436046975e-05,5.331102035609882e-06,4.791437909763642e-06,0.003485207934857107,4.823401299247051e-06,1.6776639972438176e-10,1.6259751357308525e-08,0.0013197391451775366
4.882777014538309e-06,0.5007687987147906,3.76,0.0,0.009889494930590501,0.7939996354454113,0.1879017631052208,0.008851058523533526,0.0015660621339692634,0.042247141446067095,0.15166814185064634,3.251601849943846e-10,0.3062106963644999,3.6462321665630473e-06,0.00035884088736786964,0.1310938899703568,0.0027211864601183982,0.00028740516053311324,7.279906013665209e-05,0.004033597374661172,0.2437327505175544,8.849160867614286e-05,0.0001362484427396273,0.009862256652239975,0.025866128649531445,0.00110958139536279,0.0004770456504944192,0.003411465881617363,2.415261754696474e-08,0.053030514476511574,1.0705667198784211e-08,0.002417700712622325,0.0004002785003760775,0.0006151198805267129,9.967112971971062e-06,1.5791791407601356e-07,0.02325607073902401,0.011952233526749475,0.014359898905308956,0.012996143325789952,8.809070204602906e-08,6.828608943809096e-10,0.01231589212995615,0.003867367857966572,2.465816966133478e-05,5.3167352074307465e-06,4.799209175068451e-06,0.003501005367503735,4.7896755586267245e-06,1.657560423360919e-10,1.6048974733577836e-08,0.0013240871164383057
4.896446828496065e-06,0.5007971395185248,3.76,0.0,0.009823557854759708,0.7937065312787712,0.18810827908358918,0.008903166232627652,0.001549374641996639,0.04221424077560911,0.15184261285900197,3.211791722167956e-10,0.3062582259495098,3.595384483187621e-06,0.0003557158945555511,0.13148161209588555,0.002715427348642106,0.00028672067554802943,7.188160735559152e-05,0.003988264556967925,0.2435250118070269,8.739630773995041e-05,0.0001347481105618318,0.009878504932568517,0.025900088226650818,0.0010964042274091692,0.0004714180112916921,0.003363938725535826,2.38378156753871e-08,0.05309954925274534,1.0551923008744723e-08,0.002401035488164994,0.00039544479225208837,0.0006054707263377371,9.898708270074615e-06,1.553716218109582e-07,0.023246996944605035,0.011970117011925735,0.014349775573784924,0.013031605180527981,8.819747855683651e-08,6.7586997785957e-10,0.012362570465758905,0.0038811565107409927,2.4446750863633446e-05,5.302257457570303e-06,4.806934244620738e-06,0.003516831918839306,4.756897695446376e-06,1.6379734851130754e-10,1.5843620645219646e-08,0.0013283940103012873
4.9101166424538214e-06,0.5008251812722525,3.76,0.0,0.009758644337147755,0.7934165382399251,0.18831250820406126,0.008955152208358012,0.001533101338701315,0.04218175052975588,0.15201542105869517,3.1733724534986663e-10,0.30630471166950457,3.5463451997665576e-06,0.00035265994923622474,0.13186540074376477,0.0027096543954695,0.0002860278879249702,7.09881582284067e-05,0.003944073391443831,0.24331947074649596,8.632943977994025e-05,0.0001332843933117287,0.009894462846780706,0.025933631620609316,0.001083557683979947,0.00046593164359416683,0.0033174807976395224,2.353134677755283e-08,0.05316704830393895,1.0401707703855129e-08,0.0023844479968661006,0.0003907347144146427,0.0005960654636802691,9.830462485385083e-06,1.5289076935093274e-07,0.02323727119342275,0.011987744126779583,0.014339412352683023,0.013066364086851828,8.830192379262214e-08,6.690549568928889e-10,0.01240875400194117,0.003894686035044882,2.4239433633541922e-05,5.287676824305411e-06,4.81461197461592e-06,0.003532687814153137,4.725047260655619e-06,1.6188889671846812e-10,1.5643539146695078e-08,0.0013326608210453706
4.937456270369334e-06,0.5008803954949371,3.76,0.0,0.00963177370037379,0.7928455767626563,0.18871433315044714,0.00905876146192208,0.001501752647641502,0.042117957659670864,0.15235620796676355,3.1004818430103617e-10,0.30639466759945166,3.4534018259794975e-06,0.0003467496624170273,0.13262154128482614,0.0026980747913534597,0.0002846187359518001,6.927043885706356e-05,0.0038589928965844507,0.24291477224405175,8.427770788585302e-05,0.00013046299018736222,0.009925531732730211,0.0259995117635248,0.0010588222000792473,0.00045536749918572046,0.003227686758405323,2.294240189858388e-08,0.053297582890625604,1.0111565351401331e-08,0.002351512617661832,0.0003816718460351485,0.0005779628195563692,9.69450863510092e-06,1.481187685223736e-07,0.023215945259459855,0.012022249660013954,0.014318003478214074,0.013133835820849912,8.850403270022429e-08,6.559324737987193e-10,0.012499675529833124,0.00392098537948247,2.383690990153404e-05,5.2582378827633875e-06,4.829821198200334e-06,0.0035644883353764716,4.664048610771946e-06,1.582172213099634e-10,1.5258614194749104e-08,0.0013410780482760358
4.964795898284847e-06,0.5009344953398476,3.76,0.0,0.009508664479499893,0.7922861543604338,0.18910767680619048,0.009161891178179086,0.0014719297582693374,0.04205567857463574,0.15269080910159058,3.032505234078824e-10,0.3064807873938288,3.366853023753352e-06,0.0003410990893174737,0.13336301889870114,0.0026864628015401794,0.0002831803022890907,6.764045750774582e-05,0.0037781178713592028,0.24251824888279194,8.233007098173378e-05,0.00012777684461826218,0.00995550999951541,0.026063849933958248,0.0010353084638657236,0.000445323774676179,0.003141914365837214,2.2383851607957143e-08,0.05342239630477208,9.83465355015663e-09,0.002318906559428156,0.00037306361787926823,0.0005607654771963986,9.559366783012588e-06,1.4358902237166366e-07,0.02319225071445831,0.012055789532853427,0.014295744010909526,0.013198681159515894,8.869743996991462e-08,6.434546845770581e-10,0.012588732496286824,0.00394630063159282,2.345019627702609e-05,5.228478033141427e-06,4.8448290853514205e-06,0.0035964079572077716,4.606522961405303e-06,1.5473038551952247e-10,1.4893079295669328e-08,0.0013493462716375809
4.992135526200359e-06,0.5009875320292759,3.76,0.0,0.009389113276777222,0.7917377065867143,0.18949295390860152,0.009264546085661182,0.00144355100011259,0.041994833693653304,0.15301951360072313,2.969054589474151e-10,0.30656328065651206,3.2861963308036157e-06,0.00033569753285215973,0.13409050949661686,0.0026748327862075004,0.00028171508199802234,6.609310526552558e-05,0.0037012229959893774,0.24212951405110872,8.048056656751422e-05,0.00012521893743806648,0.009984441843083823,0.02612672244940625,0.0010129532138736634,0.00043577258205803156,0.0030599981867902404,2.185388763833955e-08,0.05354175234019935,9.570402504313423e-09,0.002286640549518649,0.0003648851879674639,0.0005444287568284177,9.425142237303865e-06,1.392891844114221e-07,0.02316633742807678,0.01208840097318189,0.01427270146425231,0.013261018112097785,8.888253622365484e-08,6.315851211079002e-10,0.012675997639000252,0.003970665527210665,2.3078871215157347e-05,5.198453336918966e-06,4.859628895835993e-06,0.0036284471593857164,4.552319237139788e-06,1.5141832444724324e-10,1.4545874046299626e-08,0.0013574725974883502
5.01674119132432e-06,0.5010343962685827,3.76,0.0,0.009284402458094258,0.7912530449650005,0.1898331308163844,0.009356533327826676,0.0014191808993651344,0.04194123733673966,0.15331053181170579,2.9155249323247653e-10,0.3066345868629296,3.2182620660748125e-06,0.0003310404106686261,0.13473382626673294,0.002664361599754559,0.0002803754617995353,6.476716697295762e-05,0.003635244140472791,0.24178600747828358,7.889527531320993e-05,0.0001230209486597508,0.010009620441188406,0.026182114201810547,0.0009937742106777725,0.00042757576846316807,0.002989437374129666,2.1399959419806e-08,0.05364471381451514,9.342944547784813e-09,0.0022578998006655697,0.00035787264566388246,0.0005304260561955414,9.305203883945425e-06,1.3560612942305222e-07,0.023141236220806247,0.012116986579051628,0.01425134623217613,0.013315070541145549,8.904232401278667e-08,6.213941451231108e-10,0.012753061968173243,0.0039918084447582245,2.2757475460458666e-05,5.171248213010851e-06,4.872766006109678e-06,0.0036573846895693474,4.506255739243182e-06,1.4857901861749465e-10,1.4248231006410667e-08,0.0013646705587748024
5.041346856448281e-06,0.5010804724940118,3.76,0.0,0.009182290890820477,0.7907764706661323,0.19016736242135507,0.009448142927982888,0.0013958644756851414,0.04188868985729687,0.1535971830943136,2.865136193480848e-10,0.30670325041086643,3.154418988597158e-06,0.000326569120076679,0.13536678700290286,0.0026538961901429923,0.00027901776104752947,6.350097935128205e-05,0.003572168813269244,0.24144825571296596,7.73810715188233e-05,0.0001209168050095404,0.01003401432300632,0.026236426886314185,0.0009754430278534863,0.00041973822549896435,0.002921755042898608,2.0966652808109398e-08,0.05374363119096325,9.124903605147535e-09,0.0022294484449251173,0.0003511729858010786,0.000517055662864218,9.186150115705295e-06,1.320914815572882e-07,0.02311455194112539,0.01214487299272964,0.01422945193310578,0.013367262669452139,8.919593829508172e-08,6.116444068358275e-10,0.01282878028140604,0.004012231244434156,2.2447865366889346e-05,5.143907255959775e-06,4.885726231405874e-06,0.0036864187850151314,4.462662768500821e-06,1.458669713303676e-10,1.3963928462155778e-08,0.001371763751441301
5.065952521572242e-06,0.5011257928648529,3.76,0.0,0.009082657308899887,0.7903076324443866,0.1904959061810438,0.009539378047320078,0.0013735509167452135,0.04183714196179353,0.15387964610257673,2.8176692425866957e-10,0.30676939915882095,3.0943821655558492e-06,0.00032227643587713227,0.1359898232443845,0.0026434454331444104,0.00027764359192279127,6.229143282529555e-05,0.003511856674545156,0.24111601440311559,7.593430799241152e-05,0.00011890209474710329,0.010057651074406286,0.026289707701689213,0.0009579197663563495,0.0004122425644804019,0.0028568397856871108,2.0552873604482808e-08,0.05383866994668029,8.91590095723959e-09,0.002201292007814729,0.000344770797088142,0.0005042886975644076,9.06803926863939e-06,1.2873733436679538e-07,0.02308637879158734,0.01217208334005904,0.014207059945656275,0.013417671132508836,8.934362504756242e-08,6.02313558119114e-10,0.012903199532105883,0.0040319564144881284,2.2149710224937924e-05,5.1164644029246875e-06,4.898506460083232e-06,0.0037155488997560808,4.421441597969107e-06,1.4327591798594065e-10,1.369230727730697e-08,0.0013787566569132723
5.090558186696203e-06,0.5011703880941039,3.76,0.0,0.008985387769719836,0.7898461961627732,0.19081900686673345,0.009630241772465905,0.0013521919030876767,0.04178654682475229,0.15415809047657186,2.772921703940058e-10,0.30683315402949163,3.037888194619031e-06,0.000318155329394489,0.1366033484748737,0.0026330177224320604,0.0002762545037390178,6.113558895913646e-05,0.0034541742197072857,0.24078905010177964,7.455153336050715e-05,0.00011697261015904818,0.01008055697568683,0.02634200146513778,0.0009411663439622787,0.00040507224057022035,0.00279458329351748,2.0157589602009433e-08,0.05392998790355853,8.71556973072835e-09,0.0021734353795011528,0.0003386514375101769,0.0004920974193470323,8.950924556016296e-06,1.2553611268657447e-07,0.023056806625987098,0.012198639624014266,0.014184209433233539,0.013466369694465512,8.948561914760632e-08,5.933804399310151e-10,0.012976364847685645,0.004051005783031183,2.18626762787364e-05,5.088951565437325e-06,4.911104059293445e-06,0.0037447742684497526,4.382496999722997e-06,1.40799902084111e-10,1.3432740970444665e-08,0.0013856535547729818
5.115163851820164e-06,0.5012142874705342,3.76,0.0,0.00889037515356489,0.7893918439528846,0.19113689721188348,0.009720737121978353,0.0013317414908522957,0.04173685996374955,0.15443267733249447,2.7307065993429887e-10,0.30689462941038265,2.9846934996497253e-06,0.00031419897271372317,0.13720775873220137,0.0026226209810225735,0.0002748519842529977,6.003067062218405e-05,0.0033989944596869754,0.24046713983351073,7.322948126530431e-05,0.00011512433902362252,0.010102757070849832,0.026393350735694175,0.0009251464251934895,0.00039821151435489726,0.002734880406528455,1.9779826879162717e-08,0.05401773559014911,8.523554908186434e-09,0.002145882853375287,0.0003328009973357668,0.0004804552050611758,8.83485437262675e-06,1.2248056434127426e-07,0.0230259211317506,0.012224562787031271,0.014160937456822498,0.013513429305204331,8.962214488090103e-08,5.848250177690565e-10,0.013048319578099845,0.00406940052435479,2.158642838882935e-05,5.061398707037229e-06,4.92351683531287e-06,0.003774093932009675,4.3457371739707995e-06,1.3843326108195266e-10,1.3184634207075372e-08,0.001392458531355426
5.139769516944125e-06,0.5012575189462237,3.76,0.0,0.008797518703353343,0.7889442734164817,0.1914497985256176,0.009810867052275895,0.0013121559993114326,0.041688039120947554,0.15470355972444141,2.6908511608773615e-10,0.3069539335279429,2.934572770971728e-06,0.0003104007413884252,0.13780343321535937,0.002612262673374859,0.0002734374610462009,5.8974052814437314e-05,0.003346196614692228,0.24015007066996735,7.196506022144416e-05,0.00011335345633237497,0.010124275233399958,0.026443795931071337,0.0009098253519801312,0.0003916454148175335,0.0026776291432553997,1.9418666334786863e-08,0.054102056587038594,8.339513286593711e-09,0.0021186381623733547,0.0003272062636715412,0.00046933652546155794,8.719872582534037e-06,1.195637513109144e-07,0.022993804005731568,0.012249872769612296,0.014137279081488138,0.013558918162873112,8.975341642959597e-08,5.766283212077248e-10,0.013119105346393347,0.004087161167260983,2.1320631494477315e-05,5.033833920216572e-06,4.935742997696721e-06,0.0038035067607231823,4.3110736723434425e-06,1.3617061285551367e-10,1.294742134480143e-08,0.0013991754880649672
5.164375182068086e-06,0.5013001091892629,3.76,0.0,0.008706723597442099,0.7885031968638352,0.19175792127583344,0.009900634463079963,0.0012933939028374447,0.04164004415034737,0.15497088308157503,2.6531956123492805e-10,0.30701116879947116,2.887317522003156e-06,0.00030675421601929285,0.13839073488531253,0.0026019498179329996,0.00027201230295317803,5.7963253929534816e-05,0.0032956658203932795,0.2398376393159627,7.075534395860702e-05,0.00011165631626674922,0.010145134228985365,0.026493375438757717,0.000895170075562854,0.00038535970365777934,0.0026227307134532906,1.90732404216321e-08,0.05418308785736594,8.163113387608153e-09,0.0020917045133680766,0.0003218546864577029,0.00045871691904983105,8.606018792263774e-06,1.1677904042246146e-07,0.02296053312385903,0.012274588565707978,0.014113267477512194,0.013602901780162546,8.98796383404575e-08,5.687723856806706e-10,0.013188762100400476,0.004104307604854824,2.1064951919481073e-05,5.006283502323169e-06,4.947781126003839e-06,0.0038330114753034115,4.278421318426892e-06,1.3400684267901032e-10,1.2720565024512797e-08,0.0014058081494205548
5.188980847192047e-06,0.5013420836466141,3.76,0.0,0.008617900552758115,0.788068340587354,0.19206146564337648,0.009990042202399522,0.0012754157272538004,0.04159283691051759,0.15523478562182905,2.6175921087843467e-10,0.30706643216429447,2.8427347541683677e-06,0.00030325318285505674,0.13897001105749954,0.0025916890000153687,0.00027057782152531125,5.699592753961168e-05,0.0032472928461352345,0.2395296517066192,6.959756229862192e-05,0.00011002944443326844,0.010165355774958144,0.026542125721623,0.0008811490899078344,0.0003793408409592619,0.002570089516715799,1.874273008799602e-08,0.0542609600628115,7.994035328967566e-09,0.002065084619736501,0.00031673434588982865,0.00044857296417662786,8.49332861004199e-06,1.1412009373776219e-07,0.022926182704629757,0.012298728275041538,0.014088934016489151,0.013645443053491796,9.000100596966732e-08,5.61240197551548e-10,0.01325732816515903,0.004120859105561128,2.0819058523348814e-05,4.97877203028346e-06,4.9596301375863e-06,0.003862606666049734,4.247698123320025e-06,1.3193709043228118e-10,1.2503554814197388e-08,0.001412360070825754
5.213586512316008e-06,0.5013834665988813,3.76,0.0,0.008530965456612895,0.7876394441697175,0.1923606220480402,0.010079093071073743,0.0012581839505905823,0.041546381162656354,0.15549539874289836,2.583903867458921e-10,0.3071198153950624,2.8006457311063474e-06,0.0002998916334241197,0.13954159398472019,0.0025814863850114646,0.0002691352725229833,5.60698547597004e-05,0.003200973825064692,0.2392259226160576,6.84890926073341e-05,0.00010846953035481353,0.010184960596911038,0.026590081418175943,0.0008677323667016265,0.0003735759522005311,0.0025196131281164393,1.842636191642824e-08,0.05433579786542088,7.831970671217641e-09,0.002038780732163744,0.0003118339212694181,0.00043888224969259215,8.381833891424326e-06,1.1158085887855252e-07,0.022890823466523866,0.012322309152473154,0.014064308362498756,0.013686602334602928,9.01177059118186e-08,5.540156430714565e-10,0.013324840295789706,0.004136834325187775,2.058262369347372e-05,4.9513224341135365e-06,4.971289258069861e-06,0.0038922908102298607,4.218825196321395e-06,1.2995673847659218e-10,1.2295905912035163e-08,0.001418834646059359
5.238192177439969e-06,0.5014242812155323,3.76,0.0,0.00844583902592594,0.7872162598258746,0.1926555716470441,0.010167789826889064,0.0012416629082268355,0.04150064247387168,0.15575284739111267,2.55200420853736e-10,0.30717140538983567,2.7608848577156655e-06,0.00029666376325982813,0.14010580142934406,0.0025713477318349623,0.0002676858574299944,5.518293700175113e-05,0.003156609996374274,0.23892627527828497,6.742745169385648e-05,0.00010697342022119135,0.01020396848224012,0.026637275437582462,0.0008548912920024295,0.0003680527966117932,0.0024712122719287317,1.8123405443972508e-08,0.05440772021548801,7.676622230650675e-09,0.0020127946677298563,0.0003071426612721275,0.00042962334438528013,8.271562971608797e-06,1.091555591521134e-07,0.022854522779383254,0.012345347654486687,0.014039418558475493,0.013726437504146151,9.022991641101621e-08,5.47083459134211e-10,0.013391333730626991,0.0041522513199073715,2.0355324195862817e-05,4.923956069002344e-06,4.982757994794131e-06,0.003922062287769735,4.191726653842026e-06,1.2806140013302416e-10,1.2097157899560876e-08,0.0014252351144845884
5.26279784256393e-06,0.5014645496064625,3.76,0.0,0.00836244649161621,0.7867985517773365,0.1929464868074442,0.010256135188299634,0.0012258187022759451,0.04145558812541906,0.15600725040942073,2.5217757100710267e-10,0.30722128444629393,2.7232986520929784e-06,0.0002935639698787444,0.14066293722363132,0.002561278406545617,0.00026623072498136444,5.433318912053861e-05,0.003114107459174837,0.23863054102048692,6.641028813421813e-05,0.0001055381099017784,0.010222398330848311,0.026683739049699447,0.0008425986046903185,0.000362759736860615,0.0024248007850900585,1.7833170647494394e-08,0.054476840626022684,7.527703861406472e-09,0.001987127837379614,0.0003026503555872906,0.0004207757655530302,8.162540885086243e-06,1.0683868351146672e-07,0.02281734480989895,0.012367859482965794,0.014014291108069048,0.013765004046664243,9.033780774836094e-08,5.404291866268783e-10,0.013456842244304537,0.004167127559979615,2.0136841908499213e-05,4.896692785780369e-06,4.9940361115731366e-06,0.003951919395400493,4.166329528498643e-06,1.2624690828355995e-10,1.190687354190562e-08,0.0014315645679804276
5.287403507687891e-06,0.5015042928714387,3.76,0.0,0.008280717305725962,0.7863860956569292,0.19323353155413509,0.01034413183778473,0.0012106191150350388,0.041411187025597276,0.15625872086586132,2.4931095979791737e-10,0.30726953051952166,2.6877447988892666e-06,0.0002905868501749985,0.14121329181703052,0.0025512833960507153,0.00026477097269567693,5.351873306076025e-05,0.003073376937224534,0.23833855890864217,6.543537508305939e-05,0.00010416073821954993,0.010240268203126256,0.026729501970429826,0.0008308283368615605,0.00035768571003510667,0.0023802955722086365,1.7555005576636726e-08,0.05454326743439238,7.384940226673537e-09,0.00196178127188705,0.00029834730787302527,0.0004123199470838909,8.054789573378345e-06,1.0462497666095968e-07,0.02277935066136989,0.012389859626446845,0.013988951053333126,0.013802355126360298,9.044154261535811e-08,5.34039127619704e-10,0.01352139820049298,0.00418147994403416,1.9926864448097694e-05,4.869550999722393e-06,5.005123605175097e-06,0.003981860359422593,4.142563677680681e-06,1.2450930462301114e-10,1.1724637643625378e-08,0.0014378259576009991
5.312009172811852e-06,0.5015435311472015,3.76,0.0,0.008200584869188152,0.7859786779423832,0.19351686199489193,0.01043178242487241,0.001196033526344926,0.041367409627038144,0.15650736636375745,2.465904990623511e-10,0.307316217464622,2.654091277490872e-06,0.00028772719732669393,0.1417571428096106,0.002541367321824664,0.00026330764840503946,5.2737791850908046e-05,0.0030343335542647436,0.23805017540570214,6.450060348458993e-05,0.00010283858048052066,0.01025759536534282,0.026774592442673207,0.0008195557562342362,0.0003528201998830415,0.0023376165536071647,1.7288294145281804e-08,0.05460710405172483,7.248066553088038e-09,0.001936755646411898,0.00029422430997703557,0.00040423720733335193,7.948328081540136e-06,1.0250942924733099e-07,0.022740598507905222,0.012411362399014456,0.013963422048516036,0.01383854166314417,9.054127647347888e-08,5.279003038861403e-10,0.013585032604054878,0.004195324813756716,1.972508569431715e-05,4.842547757621743e-06,5.0160206844330735e-06,0.004011883347226432,4.120361691402689e-06,1.2284482963346355e-10,1.1550055957833713e-08,0.0014440220999689714
5.336614837935813e-06,0.5015822836527152,3.76,0.0,0.00812198627869654,0.7855760954174971,0.19379662672355374,0.010519089568852549,0.0011820328347462612,0.04132422784818624,0.15675328933460136,2.4400681966644135e-10,0.3073614152650812,2.6222155611697734e-06,0.00028497999726393965,0.1422947554710977,0.002531534453606334,0.0002618417517777949,5.198868387337289e-05,0.0029968966197311047,0.23776524404239938,6.36039756123139e-05,0.00010156904225208298,0.010274396332556597,0.026819037313078088,0.0008087573105650893,0.0003481532102683514,0.0022966866074788125,1.703245406515018e-08,0.05466844920056402,7.116828363649517e-09,0.0019120513037206774,0.0002902726173816035,0.00039650971699882844,7.843172743957514e-06,1.0048726803659439e-07,0.022701143723229598,0.012432381476967897,0.01393772643014587,0.013873612408596218,9.063715789067874e-08,5.220004171296196e-10,0.013647775152456552,0.004208677968861426,1.9531206221470777e-05,4.8156988030274484e-06,5.026727750856107e-06,0.004041986477675738,4.0996588008634895e-06,1.2124991256724923e-10,1.1382754140672023e-08,0.0014501556834083968
5.361220503059774e-06,0.5016205687320824,3.76,0.0,0.008044862091380847,0.7851781546597658,0.19407296720232523,0.010606055861200593,0.0011685893823195762,0.04128161499878453,0.1569965873144943,2.4155123156586687e-10,0.3074051902476802,2.5920038825153215e-06,0.0002823404247530477,0.1428263832451555,0.002521788723033716,0.00026037423582984617,5.126981754912641e-05,0.0029609894242664707,0.23748362510033305,6.274359900518548e-05,0.00010034965338594929,0.010290686909151985,0.026862862104776192,0.0007984105740662197,0.00034367523981268684,0.002257431507033547,1.6786934880454405e-08,0.05472739714123365,6.99098120909809e-09,0.0018876682761356416,0.00028648392583163887,0.00038912046714210816,7.739337359911257e-06,9.85539463437683e-08,0.022661039004252755,0.012452929933371973,0.013911885283579012,0.013907614021558296,9.072932886538068e-08,5.163278130783623e-10,0.0137096542863094,0.004221554682254857,1.934493365103679e-05,4.7890186395995144e-06,5.0372453802320545e-06,0.00407216783044446,4.080392788493122e-06,1.1972116199198967e-10,1.1222376753674842e-08,0.0014562292738226914
5.385826168183735e-06,0.5016584038956008,3.76,0.0,0.007969156106001019,0.7847846715533071,0.19434601812421276,0.0106926838677336,0.0011556768830722664,0.04123954570917647,0.15723735320501678,2.392156651211796e-10,0.30744760528476295,2.563350558981053e-06,0.0002798038391713056,0.1433522682386171,0.0025121337371715557,0.0002589060084205628,5.057968635504015e-05,0.0029265390447305423,0.23720518530724088,6.191768077221693e-05,9.917806228209346e-05,0.010306482227106813,0.02690609108629015,0.0007884941958242549,0.0003393772576889623,0.002219779853499221,1.6551216132989526e-08,0.054784037887360956,6.8702903939052625e-09,0.001863606306276407,0.00028285034909974766,0.000382053237504398,7.63683335939348e-06,9.670513471018816e-08,0.02262033448956638,0.01247302027060838,0.013885918506193258,0.013940591143077427,9.081792514081046e-08,5.108714467264654e-10,0.013770697238920703,0.004233969715305313,1.916598293341685e-05,4.762520592571523e-06,5.047574306204448e-06,0.004102425454395359,4.062503899178628e-06,1.1825535718108e-10,1.1068586315776712e-08,0.0014622453203244252
5.410431833307696e-06,0.5016958058591279,3.76,0.0,0.007894815159358123,0.7843954708258517,0.1946159077566563,0.010778976130520479,0.001143270354720614,0.041197995863228684,0.15747567551943098,2.369926090222995e-10,0.3074887199846829,2.5361573725597926e-06,0.0002773657800461886,0.1438726416954453,0.0025025727918912694,0.0002574379337295111,4.991686404077005e-05,0.002893476158489818,0.23692979754444182,6.112452216775984e-05,9.80520303884697e-05,0.010321796782102903,0.02694874733681809,0.0007789878502230345,0.0003352506805271294,0.002183663005843105,1.6324805666703874e-08,0.05483845741102815,6.754530685154087e-09,0.0018398648666618053,0.00027936439783900885,0.0003752925652548549,7.535669959687336e-06,9.493671163582607e-08,0.022579077873034998,0.012492664451047493,0.013859844867418038,0.013972586470438026,9.090307649628702e-08,5.056208483208966e-10,0.013830930084742584,0.004245937333135715,1.8994076563878194e-05,4.7362168682692754e-06,5.057715405555971e-06,0.004132757375089586,4.045934752902082e-06,1.1684943938045896e-10,1.0921062398427542e-08,0.0014682061606244487
5.435037498431657e-06,0.5017327905814377,3.76,0.0,0.007821788936703225,0.7840103856086043,0.19488275826737683,0.01086493516956741,0.0011313460537248396,0.04115694253468344,0.15771163861508655,2.348750875823639e-10,0.30752859087121626,2.51033299908119e-06,0.0002750219624129571,0.1443877244553043,0.0024931088850691325,0.00025597083371089785,4.928000016493052e-05,0.00286173486640267,0.236657340566013,6.03625134722947e-05,9.696942692976973e-05,0.010336644467590063,0.026990852808089764,0.0007698721893511221,0.0003312873503894076,0.0021490150079950675,1.610723800030535e-08,0.05489073783801826,6.643486025028619e-09,0.0018164431782363873,0.0002760189594759275,0.0003688237142921378,7.435854313205653e-06,9.32447545935878e-08,0.02253731451265202,0.012511873925955413,0.013833682065782943,0.014003640830052788,9.098490702654989e-08,5.005660932325678e-10,0.013890377786627457,0.0042574713198667005,1.8828944739651344e-05,4.710118611646471e-06,5.067669684204709e-06,0.004163161601510823,4.030630259315446e-06,1.1550050349251589e-10,1.077950076223333e-08,0.0014741140261881561
5.459643163555618e-06,0.5017693732997736,3.76,0.0,0.007750029795072997,0.7836292570178689,0.19514668603336818,0.0109505634842978,0.0011198814134471922,0.0411163639267643,0.1579453229128274,2.328566171967814e-10,0.3075672715526372,2.485792483625146e-06,0.000272768272027665,0.14489772739673587,0.0024837447295756924,0.00025450548952329053,4.866781594986206e-05,0.0028312525240835108,0.23638769872937324,5.963012920169422e-05,9.592822385792465e-05,0.010351038606909726,0.027032428382971062,0.0007611287973536961,0.0003274795137732976,0.0021157725142217122,1.5898072787828895e-08,0.054940957633608296,6.536949248683629e-09,0.0017933402278796648,0.00027280727909863425,0.0003626326451891299,7.337391647045037e-06,9.162553141705418e-08,0.022495087534831676,0.012530659662740914,0.01380744678314155,0.0140337932490301,9.106353541653934e-08,4.956977730332163e-10,0.013949064241823374,0.004268584993748072,1.8670325466675236e-05,4.684235961854133e-06,5.077438264363411e-06,0.0041936361320769056,4.016537534247262e-06,1.142057907792345e-10,1.064361253786969e-08,0.0014799710471666257
5.484248828679579e-06,0.5018055685640003,3.76,0.0,0.007679492598613439,0.7832519337574217,0.1954078019338879,0.011035863554843964,0.0011088549853041035,0.04107623931487425,0.1581768051041307,2.3093114697451073e-10,0.30760481288107655,2.462456758468877e-06,0.00027060076047068964,0.14540285186501964,0.0024744827660345453,0.00025304264293267285,4.8079100293527726e-05,0.0028019695813225015,0.23612076173719396,5.8925923554547104e-05,9.49264910173901e-05,0.010364991983578434,0.02707349393098078,0.0007527401466790471,0.00032381980160225624,0.0020838747131937934,1.5696893421541468e-08,0.0549891917793342,6.4347217884744e-09,0.0017705547849509887,0.000269722941296275,0.00035670598584769056,7.240285394678495e-06,9.00754918033152e-08,0.022452437934303435,0.012549032170637601,0.013781154736211835,0.014063081025275563,9.113907519331228e-08,4.910069662620783e-10,0.014007012326663277,0.004279291222128661,1.8517964622136406e-05,4.658578105856699e-06,5.0870223733211715e-06,0.004224178960002842,4.003605818269871e-06,1.1296268132296799e-10,1.0513123447301289e-08,0.001485779257110283
5.50885449380354e-06,0.501841390269087,3.76,0.0,0.007610134565029849,0.7828782717406512,0.19566621162825804,0.011120837843166816,0.00109824638278342,0.04103654899223292,0.1584061583466662,2.2909304981895611e-10,0.3076412631027432,2.4402521998296316e-06,0.00026851564017884997,0.14590329008485078,0.002465325175328994,0.0002515829976871696,4.751270600856374e-05,0.0027738294292247896,0.23585642439023205,5.824852608945076e-05,9.396239151897328e-05,0.010378516869826304,0.0271140683608772,0.0007446895561736887,0.00032030121016577464,0.0020532632512261827,1.5503305693868176e-08,0.055035511941132764,6.3366133827652866e-09,0.0017480854169200802,0.0002667598529065724,0.00035103100291642613,7.144537320189486e-06,8.859125906488435e-08,0.022409404669772502,0.012567001524911423,0.013754820725569732,0.01409153979600934,9.121163496529054e-08,4.864852130304537e-10,0.014064243939912268,0.004289602436223091,1.8371615976727257e-05,4.633153330081319e-06,5.096423333000539e-06,0.0042547880780746785,3.99178639757147e-06,1.1176868667169321e-10,1.0387773060895816e-08,0.0014915405974727776
5.533460158927501e-06,0.5018768516859109,3.76,0.0,0.007541915122347314,0.7825081337315153,0.19592201581926688,0.01120548879401938,0.0010880362282002802,0.04099727421830213,0.1586334524489391,2.2733709405852357e-10,0.30767666799956905,2.419110220012503e-06,0.00026650927944030635,0.14639922555801435,0.002456273890835927,0.0002501272208620298,4.69675463591623e-05,0.0027467782545799514,0.23559458635060962,5.759663768313918e-05,9.303417731585069e-05,0.010391625053484118,0.027154169670467132,0.0007369611509816745,0.0003169170829711614,0.0020238821551270625,1.5316936497372804e-08,0.05507998662925534,6.2424417987509225e-09,0.0017259305041314025,0.0002639122266298138,0.0003455955740157329,7.050147635436769e-06,8.716962232053119e-08,0.022366024755507256,0.01258457738968023,0.01372845868222798,0.014119203604598481,9.128131866271283e-08,4.821244912212389e-10,0.014120780044745304,0.004299530645638955,1.8231041181177126e-05,4.607969070110316e-06,5.105642550036776e-06,0.004285461482889447,3.981032526935698e-06,1.1062144372182147e-10,1.026731409210528e-08,0.0014972569219128312
5.558065824051462e-06,0.5019119654908095,3.76,0.0,0.0074747957752199475,0.7821413890033947,0.1961753105029261,0.011289818835768942,0.0010782061020672322,0.04095839716985621,0.15885875404465205,2.2565838199245134e-10,0.30771107102280043,2.398966892013634e-06,0.00026457819737915963,0.14689083344627654,0.0024473306103717576,0.0002486759441737834,4.644259174202414e-05,0.0027207649013187797,0.2353351519153924,5.69690267094745e-05,9.214018497459059e-05,0.010404327863309965,0.027193814993783188,0.0007295398241960357,0.0003136610934676821,0.001995677755048465,1.5137432660481177e-08,0.055122681350337724,6.1520325447196536e-09,0.0017040882537485624,0.0002611745654680765,0.00034038816080542416,6.957115110526283e-06,8.580752885765787e-08,0.022322333349009852,0.012601769039427932,0.013702081711925345,0.014146104965622018,9.134822575573591e-08,4.779171912613762e-10,0.014176640709338805,0.004309087452633219,1.80960097224985e-05,4.583031958452992e-06,5.11468150711255e-06,0.00431619717861126,3.971299354896086e-06,1.0951870828792758e-10,1.0151511728885389e-08,0.0015029300004018077
5.582671489175423e-06,0.5019467437937825,3.76,0.0,0.007408739980091592,0.7817779130149618,0.1964261872053018,0.011373830381091122,0.001068738494959522,0.04091990089456215,0.15908212675737915,2.240523511799619e-10,0.30774451341902825,2.3797626039556205e-06,0.0002627190589520786,0.14737828093975647,0.002438496807838912,0.0002472297652627941,4.593686651346803e-05,0.0026957407387588114,0.2350780298001443,5.6364525392791e-05,9.12788316339229e-05,0.01041663619284184,0.02723302064576806,0.000722411200204623,0.00031052722860421174,0.0019685986076761228,1.4964459857505886e-08,0.05516365875199515,6.065218584763034e-09,0.0016825567129223147,0.00025854164795001454,0.00033539778291905714,6.865437177948522e-06,8.450207668258412e-08,0.022278363834922592,0.01261858537929094,0.013675702137244129,0.01417227492810676,9.141245145747138e-08,4.738560945016874e-10,0.014231845146069731,0.004318284066072595,1.7966298854318585e-05,4.558347870420936e-06,5.123541755262057e-06,0.004346993180289818,3.9625438514293454e-06,1.0845834852581962e-10,1.0040142997130618e-08,0.001508561523144627
5.607277154299384e-06,0.5019811981651595,3.76,0.0,0.00734371302857137,0.781417587102237,0.19667473320709009,0.011457525827548722,0.0010596167617633102,0.0408817692669398,0.15930363135611153,2.225147629751521e-10,0.3077770343491081,2.3614417409907996e-06,0.0002609286699762778,0.14786172761107902,0.0024297737445616416,0.0002457892489436288,4.5449446079121474e-05,0.002671659536145726,0.23482313293192217,5.578202638743297e-05,9.04486111445351e-05,0.010428560522858916,0.02727180216459685,0.0007155615996732442,0.00030750977318466085,0.001942595420041824,1.4797701511602557e-08,0.05520297876029777,5.98184007457161e-09,0.001661333781222811,0.0002560085141038866,0.00033061399277873856,6.775110030718208e-06,8.325050752891108e-08,0.022234147905321307,0.012635034964189284,0.013649331537664873,0.014197743136890043,9.147408693466227e-08,4.699343539399015e-10,0.014286411749322879,0.004327131315077247,1.78416935042583e-05,4.533921968127236e-06,5.1322249063726175e-06,0.0043778475167839575,3.954724737919799e-06,1.074383398549668e-10,9.932996155482158e-09,0.0015141531043214587
5.631882819423345e-06,0.5020153396611182,3.76,0.0,0.007279681938441466,0.7810602981860427,0.19692103175657324,0.011540907558067163,0.0010508250781963153,0.040843986946580334,0.1595233259021994,2.2104163485379879e-10,0.3078086710003922,2.343952392387923e-06,0.00025920397220598825,0.14834132575562828,0.002421162480302587,0.00024435492842286876,4.497945413404059e-05,0.0026484773433090927,0.23457037825147928,5.5220479565253445e-05,8.964809038321057e-05,0.010440110942530539,0.027310174351761432,0.0007089780061083334,0.0003046032949863791,0.0019176209741992207,1.463685780655321e-08,0.05524069871046666,5.901744090569755e-09,0.0016404172223744046,0.00025357045214260244,0.000326026851297064,6.6861287148344545e-06,8.205020009994644e-08,0.022189715636540867,0.012651126016870146,0.013622980787659882,0.014222537892081154,9.153321949744917e-08,4.661454724126287e-10,0.014340358131914916,0.004335639662331657,1.772198616131386e-05,4.509758742649084e-06,5.140732626387684e-06,0.004408758233327653,3.947802419160119e-06,1.0645675958007508e-10,9.82987012221122e-09,0.0015197062856574716
5.656488484547306e-06,0.5020491788481247,3.76,0.0,0.007216615351760205,0.7807059384941035,0.19716516227156322,0.011623977941316909,0.00104234839949269,0.040806539338508155,0.1597412658881817,2.1962924759428e-10,0.3078394586926667,2.327246081602497e-06,0.00025754203847329457,0.1488172207182465,0.0024126638839547035,0.00024292730648417166,4.452605998857944e-05,0.002626152377258278,0.23431968652444454,5.467888894419548e-05,8.887590573458859e-05,0.010451297169327543,0.027348151310034253,0.0007026480339406287,0.00030180263060662345,0.0018936300529725054,1.4481644804098572e-08,0.05527687347111247,5.824784356717168e-09,0.0016198046753294992,0.00025122298582550717,0.00032162690446720473,6.598487216365301e-06,8.089866342818227e-08,0.022145095562672367,0.012666866444927954,0.013596660092923594,0.014246686206604882,9.158993276954566e-08,4.6248328386348294e-10,0.014393701160149755,0.004343819217050864,1.7606976746612845e-05,4.485862054396334e-06,5.149066629587019e-06,0.004439723393772141,3.941738917802768e-06,1.0551178090936992e-10,9.730573930870671e-09,0.001525222539827739
5.681094149671267e-06,0.5020827258260314,3.76,0.0,0.007154483439559546,0.780354405297066,0.19740720053090616,0.011706739332013083,0.001034172421150707,0.04076941255557584,0.15995750436897133,2.1827415413138988e-10,0.307869430978167,2.3112775174441687e-06,0.00025594006790645674,0.1492895512067347,0.0024042786439031133,0.00024150685664052216,4.4088476107397656e-05,0.0026046449142688665,0.2340709821609631,5.4156309788432836e-05,8.813075973412285e-05,0.0104621285677671,0.02738574647942369,0.0006965598980736693,0.00029910287200415946,0.0018705793669567493,1.4331793528793955e-08,0.05531155556232769,5.750820997262626e-09,0.0015994936647160144,0.00024896186246374676,0.00031740516083704674,6.512178543446187e-06,7.979353066430672e-08,0.022100314745868203,0.012682263856861413,0.013570379024832796,0.014270213861820867,9.164430687290296e-08,4.5894193807617686e-10,0.014446456987522838,0.00435167974759292,1.7496472470447253e-05,4.462235171719894e-06,5.157228673079554e-06,0.004470741082536573,3.93649781119466e-06,1.0460166876034297e-10,9.63492621241233e-09,0.0015307032737042433
5.705699814795228e-06,0.5021159902500792,3.76,0.0,0.007093257812672641,0.7800056006577553,0.19764721885609582,0.011789194071141788,0.0010262835416456884,0.040732593382786314,0.16017209208583746,2.1697310243592214e-10,0.3078986197360219,2.2960043646873353e-06,0.00025439538123547237,0.14975844959252416,0.002396007278053167,0.00024009402425373934,4.3665955812278076e-05,0.002583917187214204,0.2338241930434805,5.365184589910067e-05,8.741141786580905e-05,0.01047261416705979,0.02742297267122753,0.0006907023848407942,0.00029649935370436005,0.0018484274829194127,1.4187049112433094e-08,0.055344795267932026,5.679720288311295e-09,0.0015794816106911923,0.0002467830415375146,0.0003133530698593181,6.427194803466684e-06,7.873255316752878e-08,0.022055398843587197,0.012697325577224397,0.01354414655322345,0.014293145461222019,9.169641859453107e-08,4.555158818948705e-10,0.014498641087096543,0.004359230693710794,1.7390287677691115e-05,4.438880807801453e-06,5.165220551450834e-06,0.0045018094062963,3.93204417014074e-06,1.037247754117871e-10,9.542754704485653e-09,0.0015361498314517088
5.730305479919189e-06,0.50214898135203,3.76,0.0,0.007032911438266285,0.779659431193008,0.1978852862835126,0.011871344486121423,0.0010186688270122752,0.040696069243443475,0.16038507758359807,2.157230428825147e-10,0.30792705526144876,2.281387032493332e-06,0.000252905416193518,0.1502240421988991,0.0023878501435243963,0.0002386892276214542,4.3257791035272024e-05,0.002563933288052441,0.23357925036250277,5.316464703084633e-05,8.671670550820446e-05,0.010482762677723358,0.027459842100285892,0.0006850648243125758,0.0002939876406362358,0.0018271347537271046,1.4047170075212495e-08,0.055376640742155245,5.611354400671698e-09,0.0015597658382328176,0.00024468268389421147,0.0003094625011057734,6.343527275706052e-06,7.771359465477224e-08,0.02201037217290539,0.012712058660924126,0.013517971077566584,0.01431550448222417,9.174634152667853e-08,4.5219984255385305e-10,0.01455026828257389,0.004366481178440139,1.7288243683531542e-05,4.415801155874459e-06,5.173044092374136e-06,0.004532926495433767,3.928344499865335e-06,1.0287953494958094e-10,9.453895786374423e-09,0.0015415634974787983
5.75491114504315e-06,0.5021817079601752,3.76,0.0,0.006973418561685156,0.7793158078474643,0.1981214687277782,0.011953192890906612,0.001011315977206122,0.040659828167037754,0.16059650732141056,2.1452116242821174e-10,0.30795476635000607,2.2673884791535784e-06,0.00025146772302198496,0.15068644957715463,0.0023798074460100673,0.00023729285903184547,4.286331022649056e-05,0.002544659075109238,0.23333608845989479,5.26939064327774e-05,8.604550502272024e-05,0.0104925825072238,0.027496366415528693,0.0006796370638992165,0.0002915635165718,0.0018066632498973138,1.3911927579161927e-08,0.055407138111028466,5.545601170788321e-09,0.001540343585897224,0.0002426571414984074,0.0003057257243297062,6.2611664796646815e-06,7.673462570969724e-08,0.021965257772015308,0.012726469906716824,0.013491860456621808,0.014337313326066553,9.179414622831599e-08,4.489888159413103e-10,0.01460135277809934,0.004373440019621571,1.719016860157416e-05,4.3929979228213e-06,5.180701152668863e-06,0.004564090505275958,3.925366683331203e-06,1.0206445977846829e-10,9.368194036719878e-09,0.0015469454992509692
5.779516810167111e-06,0.5022141785182963,3.76,0.0,0.0069147546332421796,0.778974645678719,0.19835582913668934,0.012034741586042378,0.001004213294160056,0.04062385875877629,0.16080642577752924,2.1336479619315955e-10,0.3079817803771915,2.2539740318678406e-06,0.00025007996008457624,0.1511457867710782,0.002371879248801986,0.00023590528578648534,4.248187643492784e-05,0.00252606208485569,0.233094644679332,5.223885855471899e-05,8.53967529784117e-05,0.010502081774702226,0.02753255672890828,0.0006744094431951618,0.0002892229731401427,0.001786976692853429,1.378110467816944e-08,0.05543633156874507,5.482343877922671e-09,0.0015212120140717781,0.00024070294770624993,0.00030213539035888143,6.180102239324928e-06,7.579371865643611e-08,0.02192007745903233,0.012740565869947894,0.0134658220366418,0.01435859336584863,9.183990037441192e-08,4.458780506525621e-10,0.014651908186817246,0.0043801157410573435,1.7095897166157495e-05,4.3704723611910634e-06,5.1881936141512086e-06,0.004595299617140805,3.9230799264134436e-06,1.0127813732299051e-10,9.285501813873819e-09,0.0015522970099710867
5.804122475291072e-06,0.5022464011038985,3.76,0.0,0.006856896239618499,0.7786358636532754,0.19858842763817094,0.01211599285867494,0.0009973496514506148,0.04058815017067283,0.16101487554837215,2.1225142721657077e-10,0.3080081233736503,2.2411112203096427e-06,0.0002487398895948861,0.1516021635701419,0.0023640654814832567,0.00023452685119174573,4.21128854289543e-05,0.002508111448125215,0.23285485922376595,5.179877687476298e-05,8.476943750735062e-05,0.01051126832484228,0.027568423642803097,0.0006693727700125143,0.0002869621993884297,0.0017680403899454898,1.3654495718228028e-08,0.05546426346923883,5.421471005710772e-09,0.0015023682127482594,0.00023881680803754314,0.00029868451279944057,6.100323743562867e-06,7.488904246132119e-08,0.02187485188822089,0.012754352874581034,0.01343986267819758,0.014379364992733982,9.188366886868408e-08,4.4286303262196165e-10,0.014701947558221773,0.0043865165833044065,1.7005270550267472e-05,4.3482252996878e-06,5.1955233801074895e-06,0.004626552039211122,3.921454704982e-06,1.0051922475779976e-10,9.205678858602039e-09,0.0015576191511336732
5.828728140415033e-06,0.5022783834455343,3.76,0.0,0.006799821039561412,0.7782993844527568,0.19881932167966673,0.01219694898252489,0.0009907144654951953,0.04055269207411773,0.16122189744222287,2.1117875233631793e-10,0.3080338200962477,2.228769622819696e-06,0.00024744537346146146,0.15205568475179393,0.002356365948292534,0.00023315787551927343,4.1755763912329426e-05,0.0024907778105189905,0.2326166750195701,5.1372971816993125e-05,8.416259578493767e-05,0.010520149740929552,0.027603977275973912,0.0006645182975514876,0.00028477757186315763,0.0017498211712838499,1.3531905745945722e-08,0.05549097441321377,5.3628760305301064e-09,0.001483809208842209,0.00023699559142006596,0.00029536645052922393,6.021819602921616e-06,7.401885789293739e-08,0.02182960060374889,0.012767837024557952,0.013413988781691866,0.01439964766035617,9.192551398363216e-08,4.399394764204903e-10,0.014751483404333132,0.004392650514107508,1.691813618026015e-05,4.326257172178847e-06,5.2026923724869e-06,0.004657846007253273,3.920462714218524e-06,9.978644601480922e-11,9.128591916771078e-09,0.0015629129949584584
5.853333805538994e-06,0.5023101329391569,3.76,0.0,0.006743507703588799,0.7779651342898659,0.1990485661603621,0.012277612217828538,0.0009842976682060576,0.040517474633851545,0.16142753056787218,2.101445827574258e-10,0.30805889409524345,2.216920724260533e-06,0.00024619436925252925,0.15250645031323357,0.0023487803361622603,0.0002317986569360597,4.140996791021895e-05,0.0024740332566718956,0.23238003758695064,5.0960788802479186e-05,8.35753116299004e-05,0.010528733357152079,0.027639227288149677,0.0006598377026593614,0.0002826656451873359,0.0017322873284171664,1.3413149853540571e-08,0.055516503330852736,5.3064572254829836e-09,0.0014655319730819008,0.00023523632188254633,0.00029217489095775833,5.944577902945654e-06,7.318151309449267e-08,0.02178434209107617,0.012781024214527896,0.013388206311623277,0.014419459927465345,9.196549549770658e-08,4.371033121375482e-10,0.014800527724734733,0.004398525238476476,1.683434754863365e-05,4.304568045271265e-06,5.2097025288051185e-06,0.00468917978519798,3.920076819735818e-06,9.907858959211548e-11,9.054114380923185e-09,0.001568179566708688
5.877939470662955e-06,0.5023416566638127,3.76,0.0,0.006687935857431348,0.7776330427336082,0.19927621355661385,0.012357984811252488,0.000978089681028759,0.040482488483268735,0.1616318124184883,2.091468255748238e-10,0.3080833677777894,2.205537784598214e-06,0.0002449849262815429,0.1529545556930487,0.0023413082224355347,0.0002304494724046926,4.1074981203835914e-05,0.0024578512383125212,0.23214489491647175,5.0561606419664897e-05,8.300671321867124e-05,0.010537026270188581,0.027674182903316146,0.0006553230651293979,0.0002806231431095848,0.0017154085548744214,1.3298052656900194e-08,0.05554088756041984,5.252117442715003e-09,0.0014475334264894143,0.00023353617067336995,0.0002891038340297487,5.868586254264583e-06,7.237543918996833e-08,0.021739093826077676,0.012793920139983794,0.013362520819660658,0.014438819498857024,9.200367078314237e-08,4.3435067064300724e-10,0.014849092030507825,0.00440414820841295,1.675376402597192e-05,4.283157644505964e-06,5.2165557992045335e-06,0.004720551665597377,3.9202710103215626e-06,9.839450346670994e-11,8.98212595086919e-09,0.0015734198468994225
5.902545135786916e-06,0.5023729613966337,3.76,0.0,0.00663308602896518,0.7773030425433117,0.19950231404094185,0.012438068995785558,0.0009720813902949487,0.04044772470098377,0.16183477895098466,2.0818358863269293e-10,0.3081072624679581,2.194595717287778e-06,0.00024381518181497633,0.15340009198309265,0.002333949082267766,0.00022911057855442047,4.075031380991082e-05,0.0024422065059728163,0.23191119735146723,5.0174834665488714e-05,8.245597090899638e-05,0.010545035350127362,0.02770885293177615,0.0006509668479921802,0.0002786469500015531,0.001699155888580961,1.3186447839252915e-08,0.055564162922959945,5.199763917318299e-09,0.0014298104464752254,0.00023189244878294243,0.00028614757694779585,5.793831839605169e-06,7.159914602969943e-08,0.02169387232199678,0.012806530306839621,0.013336937466585153,0.014457743264627083,9.204009492498866e-08,4.3167787734855756e-10,0.014897187367101165,0.004409526632293357,1.667625067290723e-05,4.262025379218339e-06,5.2232541443742845e-06,0.004751959969970336,3.921020352716207e-06,9.773309233871365e-11,8.91251231185593e-09,0.0015786347734008607
5.927150800910877e-06,0.5024040536269521,3.76,0.0,0.006578939598402577,0.7769750695110054,0.19972691559492015,0.01251786699061237,0.0009662641238252521,0.040413174788595164,0.16203646466114005,2.0725307359401232e-10,0.308130598463501,2.184070976707221e-06,0.00024268335740272362,0.15384314613096753,0.0023267022957178325,0.00022778221252365378,4.043550061162232e-05,0.0024270750440286565,0.23167889747593687,4.979991328554211e-05,8.192229516805881e-05,0.010552767250756998,0.027743245791047394,0.0006467618787556515,0.00027673410278227645,0.001683501656147832,1.3078177593079506e-08,0.055586363793290024,5.1493080975898e-09,0.0014123598725665246,0.00023030259984939484,0.00028330069958948823,5.720301457901231e-06,7.085121836696932e-08,0.02164869317432256,0.012818860040481538,0.01331146104315391,0.014476247337798998,9.207482085163836e-08,4.290814420911765e-10,0.014944824336171739,0.00441466748391493,1.660167805281009e-05,4.2411703661139645e-06,5.229799533364665e-06,0.004783403049049164,3.922300948164698e-06,9.709331664231071e-11,8.845164828742843e-09,0.0015838252434415311
5.951756466034838e-06,0.5024349395697915,3.76,0.0,0.00652547875152506,0.7766490623117367,0.1999500641162837,0.012597381000972517,0.0009606296287202293,0.04037883064958399,0.16223690265471155,2.063535251037532e-10,0.3081533950895188,2.1739414539563917e-06,0.00024158775533019512,0.15428380113347537,0.002319567154534459,0.00022646459277455379,4.01301000582082e-05,0.002412434008965948,0.23144795000773807,4.943631022800181e-05,8.14049346004232e-05,0.010560228419267903,0.027777369525659654,0.0006427013315510756,0.0002748817832488771,0.001668419419025659,1.2973092144373165e-08,0.05560752316746943,5.100665449931393e-09,0.0013951785117884137,0.00022876419342816209,0.0002805580505945005,5.647981565661574e-06,7.013031211196682e-08,0.021603571103680212,0.01283091449432331,0.013286095989936308,0.014494347090370204,9.210789940054553e-08,4.265580444793867e-10,0.014992013116433233,0.004419577511212023,1.6529922045929978e-05,4.220591451609007e-06,5.236193941123589e-06,0.004814879282938826,3.924089890354449e-06,9.647418759990699e-11,8.779980256103689e-09,0.0015889921155159573
5.976362131158799e-06,0.5024656251788182,3.76,0.0,0.006472686435760855,0.7763249623614306,0.200171803520555,0.012676613218008271,0.0009551700502784058,0.04034468456928914,0.1624361247147653,2.054833819679795e-10,0.3081756707492193,2.1641863803039037e-06,0.00024052675519154541,0.15472213622139075,0.002312542868645564,0.0002251579198803982,3.9833692874304795e-05,0.002398261670810411,0.23121831169693388,4.908352016157135e-05,8.090317407113782e-05,0.010567425105400773,0.027811231825910145,0.0006387787101420695,0.00027308731079291233,0.0016538839215087544,1.2871049402589834e-08,0.05562767272692402,5.053755275918341e-09,0.0013782631437163077,0.0002272749186063829,0.0002779147340970206,5.57685831574775e-06,6.943515060685334e-08,0.021558519996818903,0.012842698657894837,0.013260846416171892,0.014512057187825798,9.213937941522247e-08,4.241045294208002e-10,0.015038763483549898,0.004424263244651088,1.6460863665630646e-05,4.200287232982205e-06,5.242439346809732e-06,0.004846387081196982,3.92636522512006e-06,9.58747643822811e-11,8.716860463626671e-09,0.00159413621120126
6.00096779628276e-06,0.5024961161585427,3.76,0.0,0.006420546318920966,0.7760027136819082,0.20039217583747615,0.012755565818603836,0.0009498779119853882,0.04031072919590481,0.16263416136543593,2.046411709101977e-10,0.3081974429719249,2.154786237678038e-06,0.00023949881058315235,0.15515822703589924,0.0023056285723571214,0.00022386237728639748,3.9545880888366226e-05,0.002384537357446941,0.23098994122894245,4.87410630616737e-05,8.041633291975097e-05,0.010574363370075938,0.02784484004563256,0.0006349878317572453,0.0002713481354835055,0.0016398710405681612,1.2771914506994012e-08,0.055646842899391494,5.008500566748985e-09,0.001361610525216837,0.00022583257794456306,0.0002753660970785028,5.506917593705665e-06,6.876452131134742e-08,0.02151355294577907,0.012854217364490751,0.0132357161176969,0.01452939162216845,9.2169307874513e-08,4.217179003276916e-10,0.015085084829111675,0.004428731005312721,1.6394388877186785e-05,4.1802560783841664e-06,5.2485377323381016e-06,0.0048779248828442374,3.929105911891047e-06,9.529415443801855e-11,8.655712175322966e-09,0.0015992583168869348
6.025573461406721e-06,0.5025264179759097,3.76,0.0,0.0063690427504197655,0.7756822627727115,0.20061122130251652,0.012834240965219209,0.000944746096521227,0.04027695752244596,0.16283104193231776,2.0382540521894022e-10,0.3082187284584842,2.145722675698076e-06,0.00023850244591526698,0.15559214579703762,0.0022988233302678194,0.000222578132044629,3.92662859512566e-05,0.002371241401675384,0.2307627991322587,4.840848289799857e-05,7.994376326115016e-05,0.010581049093536262,0.027878201219032728,0.0006313228117090924,0.0002696618314997226,0.0016263577374864531,1.2675559380167393e-08,0.055665062916849625,4.964827832479598e-09,0.0013452173948936181,0.00022443508172901748,0.0002729077173166333,5.438145051787182e-06,6.81172726401641e-08,0.02146868228531862,0.012865475298404493,0.013210708593982877,0.014546363743513544,9.219772993973775e-08,4.1939530418412575e-10,0.015130986178725691,0.0044329869126689585,1.633038841953126e-05,4.160496145752702e-06,5.254491080385854e-06,0.004909491156313663,3.932291786367986e-06,9.473150873676709e-11,8.596446722027092e-09,0.0016043591854218702
6.050179126530682e-06,0.5025565358714662,3.76,0.0,0.006318160724820868,0.7753635584893822,0.20082897844371433,0.012912640805720653,0.0009397678277333498,0.04024336286963215,0.16302679459967317,2.0303478827344153e-10,0.30823954312423274,2.136978434698106e-06,0.0002375362533399511,0.15602396146446199,0.0022921261429079435,0.0002213053355237915,3.8994548848547665e-05,0.0023583550909887837,0.23053684769065905,4.8085346387246575e-05,7.948484836907489e-05,0.010587487983033567,0.027911322076640502,0.0006277780487613279,0.00026802609089431403,0.0016133220112642284,1.2581862448331006e-08,0.05568236087057796,4.922666930054031e-09,0.0013290804772535263,0.00022308044251879582,0.00027053539190673425,5.370526140790369e-06,6.749231072312044e-08,0.02142391962867199,0.012876477001771788,0.013185827064329749,0.014562986290298476,9.222468902697672e-08,4.171340279678612e-10,0.015176476209260303,0.004437036892064883,1.6268757630339207e-05,4.141005400679406e-06,5.260301372877155e-06,0.0049410843993454795,3.935903524662071e-06,9.418601844714833e-11,8.538979806989143e-09,0.0016094395376825097
6.074784791654643e-06,0.5025864748699188,3.76,0.0,0.006267885847559393,0.7750465519278802,0.20104548416409407,0.012990767473209886,0.0009349366535261267,0.04020993886964348,0.16322144646463543,2.0226812264941694e-10,0.3082599021396385,2.1285372742514675e-06,0.00023659888979363146,0.15645373989086192,0.002285535952110368,0.00022004412409446623,3.873032829130119e-05,0.0023458606198688164,0.23031205085961304,4.777124179135225e-05,7.903900113848908e-05,0.010593685580086757,0.027944209060425097,0.0006243482112093336,0.00026643871767213887,0.0016007428537644182,1.2490708296972246e-08,0.0556987637634966,4.881950938447559e-09,0.0013131964866083252,0.00022176676997187912,0.00026824512633162286,5.304046139840492e-06,6.688859651129104e-08,0.021379275901714033,0.012887226881045885,0.013161074483253968,0.014579271418155107,9.225022694013041e-08,4.1493149559387807e-10,0.015221563265276213,0.004440886681913676,1.6209396274768855e-05,4.1217816332690505e-06,5.265970590039194e-06,0.004972703138833117,3.939922609108722e-06,9.365691670071175e-11,8.483231283486793e-09,0.0016145000640658662
6.099390456778604e-06,0.5026162397900978,3.76,0.0,0.006218204302699754,0.7747311963148259,0.201260773819891,0.01306862308585408,0.0009302464296220913,0.04017667945070303,0.16341502358857532,2.0152413587578506e-10,0.3082798199687609,2.12038390682184e-06,0.00023568907415157393,0.1568815439683267,0.00227905164612031,0.0002187946197905465,3.8473300011469974e-05,0.002333741044406922,0.23008837418663813,4.746577779827501e-05,7.860566262324738e-05,0.010599647267338468,0.027976868338118573,0.0006210282236411083,0.000264897622168261,0.0015886002065563579,1.240198725300425e-08,0.05571429755992073,4.84261601385295e-09,0.0012975621307256362,0.0002204922659366701,0.0002660331240569681,5.238690184227356e-06,6.63051431261827e-08,0.021334761375598598,0.01289772921312581,0.013136453555109364,0.014595230727494047,9.227438390434719e-08,4.127852525947118e-10,0.01526625537467745,0.0044445418406136765,1.615220837808801e-05,4.1028224740371635e-06,5.2715007089027346e-06,0.005004345930628003,3.944331295235385e-06,9.314347419523797e-11,8.42912494363541e-09,0.0016195414259109542
6.123996121902565e-06,0.5026458352545665,3.76,0.0,0.006169102822599857,0.7744174469032704,0.2014748812948009,0.013146209746718292,0.0009256913041498637,0.04014357882244233,0.16360755104578623,2.0080173893459095e-10,0.30829931040564623,2.1125039361347964e-06,0.00023480558449152597,0.15730743376796158,0.002272672064452263,0.00021755693094751804,3.8223155853209986e-05,0.002321980239248845,0.2298657847355271,4.7168582471342934e-05,7.818430064541844e-05,0.010605378275035438,0.02800930581678982,0.0006178132543459085,0.0002634008157104993,0.001576874919420178,1.2315595138279092e-08,0.05572898723286108,4.8046012271995945e-09,0.0012821741142426005,0.000219255219794954,0.0002638957766300423,5.17444329140811e-06,6.574101307062937e-08,0.021290385697937363,0.012907988151157363,0.01311196674797708,0.014610875289848243,9.22971986091409e-08,4.106929623589879e-10,0.015310560263615736,0.004448007753196508,1.6097102062372404e-05,4.084125408889993e-06,5.276893701863639e-06,0.005036011359307636,3.9491125798980345e-06,9.264499490606829e-11,8.376588318239249e-09,0.0016245642568520307
6.148601787026526e-06,0.5026752656987578,3.76,0.0,0.006120568659362039,0.774105260873724,0.2016878390704627,0.013223529543601476,0.0009212657030159432,0.04011063146201103,0.1637990529696369,2.0009997396799094e-10,0.3083183866087693,2.104883799864373e-06,0.00023394725546435074,0.15773146667304286,0.0022663960025028204,0.000216331152818268,3.797960290154928e-05,0.002310562856734795,0.22964425101425628,4.687930223139865e-05,7.777440847285052e-05,0.010610883687155558,0.028041527155708856,0.0006146987033390424,0.0002619464055517139,0.0015655487104705788,1.2231433029693375e-08,0.05574285680899295,4.767848455275263e-09,0.0012670291418549837,0.00021805400404314347,0.00026182965425960585,5.1112903852789015e-06,6.51953156802066e-08,0.021246157922581596,0.012918007730025598,0.013087616306859829,0.01462621567302326,9.231870834949328e-08,4.08652407243983e-10,0.015354485370680787,0.004451289637715567,1.6043989387433776e-05,4.065687793224453e-06,5.2821515360168115e-06,0.0050676980379106345,3.954250170963103e-06,9.216081936385602e-11,8.325552487073467e-09,0.0016295691641068978
6.173207452150487e-06,0.5027045353795567,3.76,0.0,0.006072589557956674,0.7737945972401665,0.20189967829336852,0.013300584548877522,0.0009169643160218968,0.040077832100892385,0.16398955259633108,1.9941774094709534e-10,0.3083370611336334,2.097510716345336e-06,0.00023311297576876893,0.15815369750598834,0.0022602222159263446,0.00021511736816706185,3.774236271762973e-05,0.0022994742880272693,0.22942374290630102,4.659760089944092e-05,7.737550356186983e-05,0.010616168447203806,0.0280735377785395,0.0006116801909743733,0.0002605325900588836,0.00155460412785632,1.2149406883095414e-08,0.05575592941141257,4.732302263087399e-09,0.0012521239212936889,0.0002168870700998921,0.0002598314968555881,5.04921631881344e-06,6.466720490613722e-08,0.021202086538068154,0.01292779187155638,0.013063404266213333,0.014641261965100705,9.233894905240198e-08,4.0666147310220927e-10,0.015398037860406598,0.004454392551383449,1.5992786196100418e-05,4.047506865188192e-06,5.28727617214991e-06,0.00509940460764449,3.959728458130919e-06,9.169032095381254e-11,8.275951898736915e-09,0.0016345567297033534
6.197813117274448e-06,0.502733648383552,3.76,0.0,0.0060251537309130385,0.7734854167607962,0.20211042883838803,0.013377376819342594,0.0009127820836889421,0.04004517571238672,0.16417907230640663,1.987541073884063e-10,0.3083553459636284,2.0903726350207386e-06,0.00023230168572695666,0.15857417864941256,0.002254149424781448,0.00021391564784233505,3.751117058561222e-05,0.002288700626206608,0.22920423160527711,4.632315880848518e-05,7.698712636196248e-05,0.010621237363697847,0.028105342884896155,0.0006087535471163574,0.0002591576541461624,0.0015440245129910376,1.2069427289164481e-08,0.055768227300293134,4.6979097505993026e-09,0.001237455166100084,0.00021575294432843992,0.000257898205508463,4.9882058951609615e-06,6.415587694907613e-08,0.021158179494788005,0.012937344389443512,0.013039332461845968,0.014656023797339997,9.235795528462629e-08,4.047181440474755e-10,0.015441224636124129,0.004457321396466953,1.5943411963938853e-05,4.029579758142222e-06,5.292269563394305e-06,0.005131129737569936,3.965532484681657e-06,9.123290009006618e-11,8.227724199764085e-09,0.0016395275116467588
6.222418782398409e-06,0.502762608634939,3.76,0.0,0.005978249834480882,0.7731776818532716,0.2023201193690831,0.013453908396069249,0.0009087141847526414,0.04001265749972953,0.1643676336640964,1.9810832879338782e-10,0.3083732525392405,2.0834581902944924e-06,0.00023151237495846964,0.15899296016152456,0.0022481763174572833,0.00021272605132895012,3.7285774762841494e-05,0.0022782286312768405,0.22898568955279222,4.605567194488376e-05,7.660883917940406e-05,0.01062609511536233,0.028136947461298627,0.0006059148008437434,0.0002578199649390278,0.0015337939652712163,1.1991409320050297e-08,0.055779771911545394,4.664620454199569e-09,0.0012230195982110698,0.0002146502242622981,0.0002560268343881703,4.928243887291173e-06,6.36605679980468e-08,0.02111444423093171,0.012946668993916968,0.013015402542217438,0.014670510366022632,9.237576040458748e-08,4.0282050806961146e-10,0.01548405235219027,0.004460080925948731,1.589578965346032e-05,4.0119035123610695e-06,5.297133654636067e-06,0.00516287212426389,3.971647920576935e-06,9.078798899630228e-11,8.180810072688828e-09,0.0016444820450315343
6.24702444752237e-06,0.5027914199029299,3.76,0.0,0.00593186694617029,0.7728713565142235,0.20252877739497843,0.013530181304268292,0.000904756024294447,0.039980272884812915,0.16455525745466867,1.9747944753748738e-10,0.30839079178570783,2.0767566585522747e-06,0.00023074408014966646,0.1594100898861185,0.0022423015543868844,0.0002115486272805312,3.706593582457721e-05,0.0022680456968838677,0.22876809037925264,4.5794851128989684e-05,7.62402250971089e-05,0.010630746256049841,0.028168356291557076,0.0006031601706599544,0.00025651796765822633,0.0015238973082356234,1.1915272215244552e-08,0.055790583893583955,4.632386256664969e-09,0.001208813950364147,0.00021357757502402948,0.00025421458304308105,4.86931505626915e-06,6.318055236544354e-08,0.021070887697265644,0.01295576929616693,0.012991615979164997,0.014684730453282578,9.239239659161565e-08,4.0096674206939214e-10,0.015526527425620683,0.0044626757489639,1.5849845572829105e-05,3.994475086004645e-06,5.301870381942746e-06,0.005194630491464983,3.978061036717009e-06,9.03550492486392e-11,8.135153082372545e-09,0.0016494208430992787
6.271630112646331e-06,0.5028200858088303,3.76,0.0,0.005885994543583408,0.7725664062428181,0.20273642932594763,0.013606197553159238,0.0009009032224782293,0.03994801749747656,0.16474196371985778,1.9686663959682254e-10,0.30840797413920334,2.0702579181487376e-06,0.00022999588291521155,0.15982561355739575,0.00223652377155488,0.00021038341403247673,3.685142604260101e-05,0.0022581398186916316,0.2285514088475143,4.554042126029369e-05,7.588088694799478e-05,0.010635195219405832,0.028199573966617528,0.0006004860551861563,0.0002552501817127985,0.0015143200571201302,1.1840939122267173e-08,0.055800683142296435,4.601161244360518e-09,0.0011948349683322337,0.00021253372592737186,0.0002524587890809865,4.8114041682386745e-06,6.271514051691074e-08,0.0210275163807905,0.012964648812537368,0.012967974078084065,0.014698692446964746,9.240789481059038e-08,3.9915510368455055e-10,0.015568656047153268,0.004465110336019714,1.580550923909295e-05,3.97729136540105e-06,5.306481671381594e-06,0.005226403589705374,3.984758679949495e-06,8.993356377253772e-11,8.090699530133445e-09,0.0016543443982460794
6.296235777770292e-06,0.5028486098328685,3.76,0.0,0.005840622484459531,0.7722627979681671,0.2029431005238624,0.013681959135849568,0.0008971516038595821,0.03991588716534049,0.1649277717914879,1.9626935495245165e-10,0.3084248095716287,2.0639524120997464e-06,0.00022926690774886747,0.16023957489984972,0.0022308415838083475,0.00020923044009626453,3.664202874553948e-05,0.0022484995644098684,0.22833562079931963,4.5292120595011935e-05,7.553044633919536e-05,0.01063944632329315,0.028230604893896578,0.0005978890243126364,0.0002540151969910482,0.0015050483877629335,1.176833699994114e-08,0.05581008883430472,4.570901612969318e-09,0.0011810794129975544,0.00021151746725292934,0.00025075692121422777,4.75449601018809e-06,6.226367705978251e-08,0.020984336327329836,0.012973310968502098,0.012944477987589766,0.014712404359552005,9.242228497488054e-08,3.973839414938699e-10,0.015610444191769466,0.004467389024006732,1.5762713245928227e-05,3.9603491746736714e-06,5.310969438375855e-06,0.005258190195929759,3.99172824919936e-06,8.952304295095664e-11,8.047398315466594e-09,0.001659253182981451
6.320841442894253e-06,0.502876995320603,3.76,0.0,0.005795740987858888,0.7719604999803896,0.20314881535164878,0.013757468029223216,0.0008934971872389297,0.03988387790415297,0.16511270032338807,1.9568676020994492e-10,0.3084413076140907,2.0578311132754895e-06,0.00022855632006091685,0.16065201572343557,0.0022252535879782875,0.00020808972463562828,3.643753775018579e-05,0.002239114045309092,0.22812070310430738,4.5049700046544315e-05,7.518854272471391e-05,0.01064350377399071,0.028261453306132577,0.0005953658107864343,0.00025281167033949103,0.0014960691068149126,1.1697396384850794e-08,0.05581881945860521,4.541565604197314e-09,0.0011675440622734468,0.0002105276471885534,0.0002491065726513721,4.6985754045689185e-06,6.182553914920341e-08,0.02094135316309536,0.012981759102435587,0.012921128708684537,0.014725873846200924,9.243559599138987e-08,3.956516817301403e-10,0.015651897628698376,0.004469516021009494,1.5721393135848448e-05,3.943645284741381e-06,5.315335587446258e-06,0.005289989113103994,3.998957672757916e-06,8.912302421834602e-11,8.00520080490818e-09,0.001664147650841251
6.345447108018214e-06,0.5029052454889997,3.76,0.0,0.005751340616413947,0.7716594818651414,0.20335359721988316,0.013832726193838879,0.0008899361760316909,0.03985198590862489,0.16529676732169216,1.951180924128722e-10,0.30845747737913687,2.0518854919546525e-06,0.00022786332429888259,0.1610629760142365,0.002219758365818385,0.0002069612779251607,3.6237756847765075e-05,0.0022299728891311456,0.22790663361145116,4.4812922540044313e-05,7.485483252419963e-05,0.010647371670180707,0.02829212326977905,0.0005929133022148116,0.0002516383222208064,0.0014873696232095169,1.1628051116314258e-08,0.055826892846670514,4.513113376319656e-09,0.0011542257128823712,0.00020956316892623586,0.0002475054548194023,4.643627222833668e-06,6.140013488299695e-08,0.020898572115274676,0.01298999646918996,0.012897927103454849,0.014739108221924549,9.244785567339678e-08,3.939568156047755e-10,0.01569302193092716,0.004471495410924111,1.5681487276828883e-05,3.927176421726443e-06,5.319582011287417e-06,0.005321799169816748,4.00643538623637e-06,8.87330612095362e-11,7.96406070754345e-09,0.0016690282372567725
6.370052773142175e-06,0.5029333634323144,3.76,0.0,0.005707412259584011,0.7713597144414356,0.20355746863105567,0.013907735573838191,0.0008864649491280455,0.03982020754372599,0.1654799901736088,1.9456298148696635e-10,0.3084733275818141,2.0461074855428873e-06,0.00022718716214859957,0.1614724940208321,0.0022143544867691957,0.00020584510179191118,3.604249926520305e-05,0.002221066214414713,0.2276933911029015,4.458156240473229e-05,7.45289882855324e-05,0.010651054006737019,0.028322618692964572,0.0005905285334635509,0.0002504939335413233,0.0014789379208480758,1.1560238260050656e-08,0.05583432620109033,4.485506908249217e-09,0.0011411211819981238,0.00020862298790720967,0.00024595139140080413,4.5896363979556e-06,6.098690152072295e-08,0.020855998031683382,0.012998026243489016,0.012874873903319988,0.014752114477958989,9.245909091089185e-08,3.9229791376228613e-10,0.015733822484241863,0.004473331157890478,1.5642936743306703e-05,3.910939274802137e-06,5.323710590024403e-06,0.0053536192198748046,4.014150311391651e-06,8.835273075748521e-11,7.923933956909865e-09,0.0016738953603821533
6.394658438266136e-06,0.5029613521276487,3.76,0.0,0.005663947117852705,0.7710611697025845,0.20376045122162234,0.013982498096863766,0.0008830800522168882,0.039788539336421604,0.16566238567474575,1.940207129100969e-10,0.30848886655961544,2.0404894702739884e-06,0.00022652711081314807,0.16188060633656465,0.002209040510555333,0.00020474119004052502,3.585158716749479e-05,0.002212384606120119,0.22748095525007192,4.4355404779446315e-05,7.421069788909384e-05,0.010654554678326902,0.028352943333042325,0.0005882086794305132,0.00024937734263920196,0.0014707625324571177,1.1493897963967861e-08,0.05584113612282422,4.458709960348394e-09,0.0011282273087598119,0.00020770610920751862,0.0002444423126698593,4.536587935989781e-06,6.058530408616043e-08,0.020813635399522242,0.01300585152314947,0.012851969716854967,0.014764899297349983,9.246932774874448e-08,3.906736163991682e-10,0.01577430449582124,0.004475027110546627,1.56056852014787e-05,3.894930503504856e-06,5.327723191117828e-06,0.00538544814189299,4.022091836073664e-06,8.798163564789941e-11,7.884778599033297e-09,0.001678749421882106
6.419264103390097e-06,0.5029892144401729,3.76,0.0,0.005620936687809834,0.7707638207601115,0.20396256580195934,0.014057015673987476,0.0008797781895514124,0.0397569779678246,0.16584397005506488,1.9349053647056761e-10,0.3085041022913746,2.0350242347923104e-06,0.00022588248136658418,0.16228734797789066,0.002203814989621793,0.00020364952886243342,3.5664851228655864e-05,0.002203919092433546,0.2272693065718046,4.413424505821552e-05,7.389966379172033e-05,0.010657877482837435,0.02838310080375097,0.0005859510481770007,0.0002482874424257183,0.0014628325145740926,1.1428973183103732e-08,0.055847338637137985,4.432687962697664e-09,0.0011155409556647016,0.00020681158505715596,0.0002429762501139221,4.4844669267316794e-06,6.019483408739623e-08,0.020771488363279453,0.013013475332138999,0.012829215037207471,0.014777469069794257,9.247859123913654e-08,3.890826145813159e-10,0.01581447300240412,0.004476587006111996,1.5569678798805433e-05,3.879146744539748e-06,5.331621668757648e-06,0.005417284838881663,4.0302497948235405e-06,8.761939029365381e-11,7.846554686177077e-09,0.0016835908076818912
6.443869768514058e-06,0.5030169531281847,3.76,0.0,0.0055783727480645485,0.7704676417904743,0.2041638323943277,0.01413129019964894,0.0008765562161332095,0.039725520265741464,0.1660247590035418,1.9297224830989653e-10,0.30851904241516676,2.0297049554779753e-06,0.00022525261717947629,0.16269275245899895,0.002198676471416653,0.0002025700972296154,3.548213018455515e-05,0.0021956611227710765,0.22705842639459398,4.3917888377422854e-05,7.359560230836004e-05,0.01066102612463742,0.02841309458200767,0.0005837530743990698,0.0002472231776717298,0.0014551374236193152,1.1365409589472546e-08,0.05585294921828944,4.407407912516417e-09,0.0011030590098467358,0.00020593851248579368,0.00024155133132620693,4.43325855352639e-06,5.981500796335475e-08,0.020729560741815384,0.013020900623480162,0.012806610249128639,0.014789829905768664,9.248690561002316e-08,3.875236679801084e-10,0.015854332878051273,0.004478014474306496,1.5534866057647866e-05,3.863584618110284e-06,5.335407863054716e-06,0.005449128237832624,4.038614450115663e-06,8.726562779846813e-11,7.80922417598895e-09,0.0016884198886813698
6.468475433638019e-06,0.5030445708479281,3.76,0.0,0.0055362473459408855,0.7701726079844621,0.2043642702689518,0.014205323551603961,0.0008734111302925899,0.039694163197594716,0.16620476769159892,1.9246526191186778e-10,0.3085336942452679,2.024525173353922e-06,0.00022463689241389417,0.16309685186286665,0.0021936235005276168,0.00020150286727344126,3.530327039706733e-05,0.0021876025469196414,0.2268482968147694,4.3706149113532426e-05,7.329824292957284e-05,0.010664004217684426,0.02844292801435255,0.0005816123132214607,0.0002461835424315061,0.0014476672930133663,1.1303155510723125e-08,0.05585798281302633,4.38283835428336e-09,0.0010907783842472169,0.00020508603108835476,0.0002401657751562667,4.382948102278641e-06,5.944536582016784e-08,0.02068785604466484,0.013028130282008632,0.012784155635636877,0.0148019876499793,9.249429439844098e-08,3.8599560068275307e-10,0.01589388884152218,0.004479313041112327,1.550119777294646e-05,3.848240733793765e-06,5.339083599962686e-06,0.005480977289303266,4.047176474627111e-06,8.692000730922146e-11,7.77275083586145e-09,0.0016932370214348758
6.49308109876198e-06,0.5030720701580967,3.76,0.0,0.005494552784907753,0.7698786954991279,0.20456389797830798,0.01427911759088298,0.0008703400666458674,0.03966290386370026,0.16638401079537746,1.9196878986170667e-10,0.3085480647882233,2.019478772492464e-06,0.00022403471058513765,0.1634996769089198,0.0021886546206781564,0.00020044780464906933,3.512812548938672e-05,0.002179735595183441,0.22663890066246506,4.349885040602555e-05,7.300732767311857e-05,0.010666815288486299,0.028472604323063287,0.0005795264342990639,0.0002451675775973834,0.001440412611299295,1.1242161681458832e-08,0.05586245386295687,4.358949291154822e-09,0.0010786960186837374,0.00020425332090453685,0.0002388178871055311,4.333520969711121e-06,5.908547042580083e-08,0.020646377487592082,0.01303516712699388,0.012761851384332312,0.014813947894161888,9.250078023572278e-08,3.8449727527626817e-10,0.015933145463284448,0.00448048613238472,1.5468626913833324e-05,3.833111695986276e-06,5.342650690991196e-06,0.005512830967001258,4.055926934192074e-06,8.658219575384704e-11,7.737100152219982e-09,0.0016980425487985607
6.517686763885941e-06,0.5030994535241754,3.76,0.0,0.005453281612699127,0.7695858814121299,0.2047627333897159,0.014352674161759641,0.0008673402894103722,0.03963173949088069,0.1665625025169102,1.9148277717798098e-10,0.3085621607580742,2.0145599598319154e-06,0.00022344550318729333,0.1639012570174553,0.0021837683765895117,0.00019940486888586644,3.4956555979557995e-05,0.002172052859538324,0.22643022146734318,4.3295823721875883e-05,7.272261046795689e-05,0.010669462778926083,0.02850212661195724,0.0005774932162108968,0.00024417436857870884,0.0014333643012300386,1.1182381115656341e-08,0.05586637632585006,4.335712072547623e-09,0.0010668088808231358,0.00020343960040647958,0.00023750605495637686,4.284962670916015e-06,5.87349058907901e-08,0.02060512800743178,0.013042013914629783,0.012739697593378483,0.014825715989262878,9.250638499707951e-08,3.8302761205696044e-10,0.01597210717217419,0.004481537077317657,1.543710852908211e-05,3.818194108945033e-06,5.346110932419427e-06,0.005544688267370972,4.064857271222336e-06,8.625187361500784e-11,7.702239244404716e-09,0.0017028368005468034
6.542292429009902e-06,0.5031267233226171,3.76,0.0,0.0054124266100846734,0.7692941436783558,0.20496079371631964,0.0144259950917289,0.000864409186057766,0.03960066742640054,0.1667402566042531,1.9100679117416185e-10,0.3085759885907883,2.009763246265567e-06,0.00022286872838035384,0.16430162037097618,0.002178963315715629,0.0001983740137243257,3.4788428901610076e-05,0.002164547275777428,0.22622224342602135,4.309690843320843e-05,7.24438565690534e-05,0.01067195004895806,0.02853149787189756,0.0005755105411313843,0.00024320304309823472,0.0014265136997833258,1.1123769105875896e-08,0.05586976369591864,4.313099386428031e-09,0.0010551139670640424,0.00020264412458872232,0.000236228744622729,4.237258846242146e-06,5.839327649377165e-08,0.02056411027624632,0.013048673340402286,0.01271769427716833,0.014837297057029585,9.251113001678381e-08,3.8158559329618815e-10,0.016010778261725183,0.004482469111770928,1.5406599656296594e-05,3.803484581448603e-06,5.349466105127053e-06,0.005576548209180902,4.0739592890071256e-06,8.592874863778436e-11,7.66813678295382e-09,0.001707620093959177
6.566898094133863e-06,0.50315388184474,3.76,0.0,0.0053719807802516915,0.7690034610887185,0.20515809554654169,0.014499082191494638,0.0008615442612889463,0.03956968513220483,0.16691728637063058,1.905399562383693e-10,0.3085895544579343,2.0050834289266186e-06,0.0002223038697365588,0.16470079397258552,0.0021742379898565716,0.00019735518743991805,3.462361748894242e-05,0.0021572121065240165,0.2260149513710468,4.290195140762464e-05,7.21708420014329e-05,0.010674280379182676,0.028560720986019132,0.0005735763897657217,0.00024225276910021639,0.0014198525390668338,1.1066283029408564e-08,0.05587262902313691,4.291085199604153e-09,0.001043608303334223,0.00020186618315535396,0.0002349844962109448,4.19039526755782e-06,5.806020588960826e-08,0.020523326714830245,0.0130551480413409,0.012695841371689718,0.014848696001037297,9.251503580368826e-08,3.8017022944735534e-10,0.01604916289618269,0.004483285381464089,1.537705923472084e-05,3.7889797310934243e-06,5.352717974568922e-06,0.005608409833113446,4.083225136745873e-06,8.5612533512518e-11,7.634762912118346e-09,0.001712392734379412
6.591503759257824e-06,0.5031809313004506,3.76,0.0,0.005331937338761362,0.7687138132310085,0.20535465487208746,0.014571937254966829,0.0008587431313146548,0.03953879017944403,0.16709360471264723,1.9008233972581792e-10,0.3086028642796453,2.000515574616771e-06,0.00022175043504323586,0.16509880370157615,0.0021695909566557116,0.00019634833315430202,3.446200087596089e-05,0.0021500409250859603,0.2258083307413576,4.271080663542106e-05,7.190335303205397e-05,0.010676456973307512,0.028589798734689052,0.0005716888365367531,0.00024132275276485314,0.0014133729280770635,1.1009882176364389e-08,0.05587498493164174,4.269644634933196e-09,0.001032288945807632,0.00020110509879953909,0.00023377192028114534,4.144357843927318e-06,5.7735336033424584e-08,0.02048277950559111,0.013061440598160291,0.012674138739604811,0.014859917517179423,9.251812214484745e-08,3.787805769926797e-10,0.016087265116217254,0.004483988945042704,1.534844802156622e-05,3.774676188251307e-06,5.355868290112922e-06,0.00564027220135862,4.0926472949384145e-06,8.53029483071011e-11,7.602089176323122e-09,0.001717155015747711
6.616109424381785e-06,0.5032078738218592,3.76,0.0,0.005292289704046667,0.7684251804527017,0.20555048711457552,0.014644562059267648,0.0008560035184250615,0.03950798024327452,0.16726922412761372,1.896337076943405e-10,0.30861592373690433,1.9960550042677895e-06,0.00022120795515993288,0.16549567436634893,0.002165020780987163,0.0001953533891343263,3.430346377370122e-05,0.0021430276001672623,0.22560236755421986,4.252333487519743e-05,7.164118566816074e-05,0.010678482960500765,0.02861873380021564,0.0005698460450101906,0.00024041223662319797,0.0014070673352773108,1.0954527775582915e-08,0.05587684363726248,4.248753966437207e-09,0.001021152981545923,0.00020036022557040538,0.00023258969429873442,4.099132626736851e-06,5.74183260720198e-08,0.020442470604833774,0.013067553537297981,0.012652586175057969,0.014870966103645609,9.252040843327494e-08,3.7741575421927234e-10,0.01612508884435431,0.0044845827770224585,1.5320728511755437e-05,3.7605705997076137e-06,5.358918784732022e-06,0.005672134397210862,4.102218561470198e-06,8.499974254727439e-11,7.570088450342678e-09,0.0017219072211077228
6.638254522993351e-06,0.5032320323643021,3.76,0.0,0.005256939964262792,0.7681662631863888,0.20572612678350588,0.014709728966820367,0.0008535886627869509,0.03948032214830824,0.1674266940388228,1.8923676218397248e-10,0.30862746769871113,1.9921285446033616e-06,0.00022072871960981402,0.16585190374596417,0.002160972156794953,0.00019446806808690815,3.4163322346774535e-05,0.0021368457340343607,0.22541755168724692,4.235764080747016e-05,7.140962388344025e-05,0.0106801801080271,0.028644655506565135,0.00056822435445722,0.00023960884658262831,0.0014015351389473295,1.0905572955016288e-08,0.05587810114448155,4.230403825785425e-09,0.0010112850327565668,0.00019970319033388374,0.00023155059828048295,4.059112957623465e-06,5.7139468953614795e-08,0.020406397791900253,0.013072903655307586,0.012633316952978726,0.014880765542573598,9.252179745169884e-08,3.762079283433323e-10,0.016158895239968062,0.004485025798174982,1.5296513700939382e-05,3.7480420654259885e-06,5.361580302305194e-06,0.0057008094851148045,4.1109544819640044e-06,8.473210591686127e-11,7.541841820571724e-09,0.001726175816483259
6.660399621604916e-06,0.5032561074086064,3.76,0.0,0.005221901123598713,0.7679081394745924,0.20590120005591805,0.01477471206223606,0.0008512203513506663,0.039452729555612034,0.16758361621328122,1.888462951232793e-10,0.308638817110717,1.9882823065668116e-06,0.00022025768354677264,0.16620724643042079,0.002156983598199947,0.00019359228939120788,3.40255094904424e-05,0.0021307829098402603,0.22523324803673586,4.2194721621294264e-05,7.118207891543289e-05,0.010681759920737124,0.028670465562738476,0.0005666362800764451,0.00023882016153832056,0.0013961330566998372,1.0857409996454693e-08,0.05587897385894839,4.212464998098623e-09,0.0010015612196226176,0.0001990583571717666,0.00023053418924468428,4.019730037479237e-06,5.6866489959233084e-08,0.02037052055113519,0.01307811205625233,0.012614168829646449,0.014890431419416855,9.252256663513434e-08,3.750189109139849e-10,0.01619248184639527,0.0044853843358767945,1.5272967086295036e-05,3.735668759284005e-06,5.364163595483689e-06,0.0057294830682545535,4.119800762644348e-06,8.44692564307674e-11,7.514101347427136e-09,0.001730436663088217
6.682544720216482e-06,0.5032801003598264,3.76,0.0,0.005187168770934667,0.7676507964325006,0.20607571708760286,0.014839512606237304,0.0008488971241569134,0.03942520096737964,0.1677399989956793,1.884627319435395e-10,0.30864997566241614,1.984513351225712e-06,0.00021979454868116912,0.16656171847486326,0.0021530540788875624,0.00019272599907331595,3.3889951683588225e-05,0.002124835215455644,0.2250494475075175,4.203448854577023e-05,7.095842044995264e-05,0.01068322453366612,0.02869616573766725,0.000565080651520538,0.00023804569791122614,0.0013908562804551094,1.0810014143196637e-08,0.05587946990230263,4.194922328679206e-09,0.0009919794848965862,0.00019842531434899615,0.00022953962906945507,3.980974010649756e-06,5.6599173239770286e-08,0.020334839884259295,0.01308318047663546,0.012595141530164673,0.01489996663926999,9.252272894418726e-08,3.738481448649856e-10,0.016225851297618568,0.004485660394745377,1.5250064638230111e-05,3.7234482834995293e-06,5.366669892978207e-06,0.00575815452061961,4.128752761217007e-06,8.421103690239284e-11,7.486849764941089e-09,0.0017346899464898132
6.704689818828047e-06,0.5033040125812047,3.76,0.0,0.005152738607444021,0.7673942215915829,0.20624968771927227,0.014904131848599688,0.0008466175788723216,0.03939773494255901,0.16789585050715486,1.880849057723752e-10,0.3086609469133967,1.9808188731584607e-06,0.0002193390293103927,0.16691533534918873,0.002149182580149177,0.00019186914065101362,3.3756578401214436e-05,0.002118998898811399,0.22486614132163685,4.187685645625366e-05,7.073852345611977e-05,0.010684576038239229,0.028721757746331428,0.0005635563468172908,0.00023728499181719992,0.0013857001990598198,1.0763361723563657e-08,0.05587959716728436,4.177761346790675e-09,0.0009825377927936028,0.00019780366710496318,0.00022856611571313285,3.942835124721922e-06,5.633731230167184e-08,0.020299356671998416,0.013088110621870826,0.012576234745191359,0.014909373999602439,9.252229687643173e-08,3.7269507555091754e-10,0.016259006162101595,0.004485855930865955,1.5227783286516222e-05,3.7113782584207597e-06,5.369100412504289e-06,0.005786823229067073,4.13780601232681e-06,8.395729159600849e-11,7.460070526115738e-09,0.0017389358462320066
6.723168669088477e-06,0.5033239051649773,3.76,0.0,0.0051242368083948536,0.7671807034092355,0.20639444522065667,0.014957915137213154,0.0008447478824170986,0.03937486295582309,0.16802549900920657,1.8777387616828778e-10,0.3086699609441071,1.977791099050935e-06,0.00021896455422108148,0.16720976519348554,0.0021459957065214142,0.00019116131647858937,3.364690880797742e-05,0.0021142114560260073,0.22471355474753169,4.1747252842252884e-05,7.055782368275756e-05,0.010685618706561336,0.028743031267834812,0.0005623075946215928,0.0002366604322074859,0.0013814869092560085,1.0724985403633358e-08,0.055879426665120586,4.163723534259853e-09,0.000974764954484963,0.00019729338476256637,0.00022776932561235046,3.911475712640526e-06,5.612283662010045e-08,0.020269899592419555,0.013092119933820668,0.0125605500793384,0.014917128008950354,9.252149001823619e-08,3.7174604720796797e-10,0.016286509623455712,0.0044859588469527605,1.5209650064916718e-05,3.701419938630055e-06,5.371071419950739e-06,0.005810743133330784,4.145434830380942e-06,8.374885651685801e-11,7.438074773397956e-09,0.0017424732874542377
6.7416475193489065e-06,0.503343743202485,3.76,0.0,0.005095940122953787,0.766967704902418,0.20653883429947414,0.0150115737627981,0.0008429069076957455,0.039352032787170886,0.16815478758046795,1.8746711063396748e-10,0.3086788488850099,1.974811822567709e-06,0.00021859503814427623,0.16750361835457817,0.002142847946178102,0.00019045998341132544,3.35386753010956e-05,0.002109497042812349,0.22456130170866276,4.16193577018104e-05,7.037959222915204e-05,0.010686585213766205,0.02876423157247068,0.000561079301731644,0.00023604489264858448,0.0013773521025240393,1.0687098126776907e-08,0.055879009074271235,4.149934010043407e-09,0.0009670870660605093,0.00019679056154053815,0.00022698622669928086,3.8805337462461196e-06,5.591191185374068e-08,0.020240580921713575,0.013096035090050155,0.012544948875697815,0.014924796381368595,9.252028455885167e-08,3.7080867167252e-10,0.0163138668378946,0.004486008110226322,1.519192147307356e-05,3.6915633735367605e-06,5.372991198623367e-06,0.005834660366360952,4.153128749046265e-06,8.35433403911483e-11,7.416387989547257e-09,0.0017460058065554458
6.760126369609336e-06,0.5033635274243358,3.76,0.0,0.005067846220647127,0.7667552194432663,0.20668286020487625,0.015065108434086679,0.0008410939249418968,0.03932924368321302,0.1682837206051124,1.871643572686527e-10,0.30868761261259414,1.9718796084744277e-06,0.0002182303336607181,0.16779690295534685,0.002139738720924307,0.00018976510503660934,3.343184135066116e-05,0.0021048537149269578,0.22440937757473167,4.149312695668088e-05,7.020376423775705e-05,0.010687476708537208,0.028785359576603064,0.0005598708875679389,0.00023543813263516864,0.0013732933910437079,1.0649687613550976e-08,0.05587834863808295,4.13638526550508e-09,0.0009595029795387161,0.00019629499307762292,0.00022621640601888136,3.850003728975844e-06,5.570443168382369e-08,0.020211400994583493,0.01309985703445003,0.012529430905621728,0.01493238058336403,9.251868741544062e-08,3.6988267967896186e-10,0.01634107920015282,0.004486004783713187,1.5174585525616445e-05,3.681807213092916e-06,5.374860436737235e-06,0.005858574591835653,4.1608854353312585e-06,8.334067523657985e-11,7.39500162094024e-09,0.0017495334988997533
6.778605219869766e-06,0.5033832585367505,3.76,0.0,0.005039952818028401,0.7665432405759145,0.2068265280547489,0.015118519854554204,0.0008393082279855668,0.03930649491390771,0.16841230237295163,1.8686496169109146e-10,0.3086962539500731,1.968993073882754e-06,0.00021787029853186397,0.16808962687782145,0.0021366674571677,0.00018907664398056784,3.3326371633394e-05,0.002100279593505417,0.22425777784652676,4.1368517994433995e-05,7.003027701077743e-05,0.01068829432038537,0.028806416174193612,0.0005586817913478169,0.00023483991970387028,0.0013693084681352826,1.0612742002653644e-08,0.0558774495031818,4.1230700774232086e-09,0.0009520115576435254,0.0001958064819376441,0.00022545946527981168,3.819880217017523e-06,5.550029370341985e-08,0.020182360097148973,0.013103586697491105,0.012513995927540964,0.014939882037286684,9.251670496234104e-08,3.689677744225304e-10,0.01636814807753447,0.0044859499094389394,1.515763063906473e-05,3.672150118573882e-06,5.376679818238716e-06,0.005882485479255155,4.1687026332039e-06,8.31407688970543e-11,7.373907404974987e-09,0.0017530564573446723
6.7970840701301955e-06,0.5034029372342498,3.76,0.0,0.005012257677527903,0.7663317620123049,0.20696984283874603,0.015171808722446518,0.0008375491336574697,0.03928378577196933,0.16854053708148475,1.8656922455451893e-10,0.308704774668787,1.966150888087125e-06,0.00021751479553927406,0.16838179776913784,0.002133633586027899,0.00018839456194376107,3.322223202045167e-05,0.002095772863350096,0.22410649815273373,4.1245489644157254e-05,6.985906995427804e-05,0.010689039159964208,0.028827402237345284,0.0005575114715439995,0.00023425002922817202,0.0013653951062004754,1.0576249806698826e-08,0.05587631572161859,4.1099814475617205e-09,0.0009446116738376032,0.00019532483743298833,0.00022471502046787683,3.79015781963974e-06,5.5299399223477536e-08,0.020153458468297927,0.013107224996467026,0.012498643687425141,0.014947302122484858,9.251434343540387e-08,3.6806367274472406e-10,0.01639507481056258,0.004485844508764627,1.5141045616883602e-05,3.6625907625537834e-06,5.3784500216462244e-06,0.005906392703895914,4.176578158375211e-06,8.294353130881128e-11,7.353097363887312e-09,0.0017565747722971088
6.815562920390625e-06,0.5034225641897087,3.76,0.0,0.004984758605643087,0.7661207776244545,0.20711280942387425,0.015224975730785146,0.0008358159806552158,0.03926111557179223,0.16866842883949595,1.862776104460491e-10,0.30871317649066476,1.9633517682623804e-06,0.00021716369226749404,0.16867342305277622,0.002130636543555733,0.00018771881976942744,3.311938952241895e-05,0.0020913317697166217,0.22395553424396136,4.1124002114817634e-05,6.969008447369692e-05,0.01068971231956708,0.028848318617261916,0.000556359404957831,0.00023366824402363095,0.0013615511529975154,1.0540199912106589e-08,0.055874951254482774,4.097112588724878e-09,0.0009373022123711644,0.00019484987528189105,0.00022398270110722928,3.7608311996978944e-06,5.510165288613612e-08,0.020124696302379907,0.013110772835918563,0.012483373919804376,0.014954642177361812,9.251160945615227e-08,3.6717014581638126e-10,0.0164218607140676,0.004485689583084274,1.5124819635324092e-05,3.6531278295303462e-06,5.38017171934151e-06,0.005930295946682458,4.184509897104816e-06,8.274891176121491e-11,7.33256379163639e-09,0.0017600885318234524
6.834041770651055e-06,0.5034421400636845,3.76,0.0,0.004957453452027665,0.7659102814411989,0.20725543255685971,0.015278021567395288,0.0008341081290824484,0.03923848364899275,0.1687959816686691,1.8598901551039065e-10,0.30872146108931753,1.960594479578882e-06,0.00021681686097483238,0.16896450993318524,0.0021276757708045798,0.0001870493774716284,3.301781226231261e-05,0.002086954617018068,0.22380488199028997,4.100401696900793e-05,6.952326393075997e-05,0.010690314873384574,0.02886916614467463,0.0005552250862962508,0.00023309435419022778,0.0013577745300218794,1.0504581615409031e-08,0.05587335997360884,4.084456995105392e-09,0.0009300820682970706,0.00019438141747278042,0.0002232621499628617,3.7318950738236028e-06,5.490696279608892e-08,0.020096073750247863,0.013114231107825431,0.012468186348107995,0.014961903500279533,9.250850919002586e-08,3.662869416565692e-10,0.01644850707769984,0.004485486114088707,1.5108942229661303e-05,3.6437600157983053e-06,5.381845577140816e-06,0.0059541948941496895,4.192495801666638e-06,8.255684163706893e-11,7.312299248876302e-09,0.0017635978216928516
6.849197160655059e-06,0.5034581574983189,3.76,0.0,0.0049352024467954145,0.7657380037461161,0.20737215151992391,0.015321437035370316,0.000832725887857991,0.039219950242859104,0.16890034364255332,1.8575472797184501e-10,0.3087281693337594,1.9583634813883965e-06,0.00021653550998985044,0.16920284727573634,0.0021252741821053776,0.0001865050094074228,3.293542658315929e-05,0.0020834112779888098,0.22368155465980014,4.090670665128895e-05,6.938802382989682e-05,0.010690757098652116,0.02888621337873035,0.0005543076811767533,0.00023262943012222615,0.0013547259846814616,1.0475684200736953e-08,0.055871888254075144,4.074232293243239e-09,0.00092422638043366,0.0001940019467216818,0.00022267973303862406,3.708450963402955e-06,5.4749507085764987e-08,0.020072703309748367,0.013117001167102783,0.012455791442932278,0.014967800979023166,9.250569713618905e-08,3.6557010129765317e-10,0.016470257773237507,0.0044852836828879975,1.5096173476640082e-05,3.6361471134368826e-06,5.383183145094409e-06,0.005973792143168288,4.199084461605948e-06,8.240115562235748e-11,7.295875077658788e-09,0.0017664726809330307
6.8643525506590635e-06,0.5034741413514325,3.76,0.0,0.004913079316649082,0.7655660473804755,0.20748864507938453,0.015364771831359031,0.0008313599163924549,0.039201441804452855,0.16900448242060023,1.855230677396877e-10,0.3087348007001779,1.956159183557347e-06,0.00021625688365955873,0.1694408309335416,0.002122896314557589,0.00018596482867080816,3.285385467628636e-05,0.002079908967372867,0.22355843209807466,4.081036195847681e-05,6.92541737542804e-05,0.0106911531167084,0.028903215283641783,0.0005534016241900775,0.00023216957151525502,0.0013517203024071716,1.0447064550894287e-08,0.05587026856505298,4.064143422133038e-09,0.0009184294369567104,0.0001936266431765806,0.0002221048157438337,3.6852631400121386e-06,5.4594000203444164e-08,0.020049426895010616,0.013119712050883083,0.012443451470564368,0.014973647024535146,9.250264581267136e-08,3.6485989640043334e-10,0.016491916146397716,0.004485049768987384,1.5083626967460177e-05,3.6285966180257296e-06,5.3844893415225304e-06,0.005993386128516055,4.205707161334586e-06,8.224708730688088e-11,7.279623180130436e-09,0.0017693446349886593
6.879507940663068e-06,0.503490091964615,3.76,0.0,0.004891082936423616,0.7653944092703923,0.20760491568428374,0.015408026327036231,0.0008300098915965366,0.03918295799698508,0.16910840009783798,1.8529330584835398e-10,0.30874135604420816,1.95398097044644e-06,0.0002159809180590502,0.16967846457431848,0.0021205418677320005,0.00018542881209638535,3.2773080513449294e-05,0.0020764468323277345,0.22343551219444188,4.0714963566679995e-05,6.912168519002695e-05,0.010691503493987653,0.02892017228886431,0.0005525066615979437,0.00023171467274056705,0.001348756439816595,1.0418717272560159e-08,0.055868502915796,4.054187106866395e-09,0.0009126906446269685,0.00019325541738074846,0.0002215372194390019,3.6623287707417375e-06,5.444039617226593e-08,0.020026244529228195,0.013122364233220747,0.012431166263697039,0.014979442297063966,9.249935871236661e-08,3.641562222889594e-10,0.016513482873022567,0.004484784885714083,1.5071297436599288e-05,3.621107829302309e-06,5.38576452435587e-06,0.006012976685448201,4.212362866328731e-06,8.209462292506514e-11,7.26353982310068e-09,0.0017722137279408982
6.894663330667072e-06,0.5035060096699172,3.76,0.0,0.004869212198418655,0.7652230864046006,0.20772096573529455,0.015451200891759574,0.0008286754988594199,0.03916449849210241,0.16921209873386928,1.850654727984653e-10,0.30874783620231255,1.9518282449824414e-06,0.00021570755111345488,0.16991575177873303,0.002118210543654947,0.00018489693621781796,3.269308847848854e-05,0.00207302404342326,0.22331279288594671,4.0620492661458e-05,6.899053039651531e-05,0.01069180878932251,0.028937084815639374,0.0005516225467399519,0.00023126463104727326,0.0013458333828083088,1.039063711879703e-08,0.05586659327924977,4.044360173339798e-09,0.000907009415113553,0.00019288818235284975,0.00022097677069317243,3.6396450473662925e-06,5.428865043442294e-08,0.020003156218757243,0.013124958182959176,0.012418935651013267,0.014985187440986697,9.249583874863855e-08,3.6345893946425723e-10,0.016534958618777063,0.004484489538226601,1.5059179763217576e-05,3.613680052990329e-06,5.3870090502146905e-06,0.006032563651618737,4.219050569877055e-06,8.194371168889633e-11,7.247621375850584e-09,0.0017750800029483584
6.909818720671077e-06,0.5035218947940209,3.76,0.0,0.0048474660115368304,0.7650520758307707,0.2078367975874003,0.015494295892580848,0.0008273564315117755,0.03914606296937434,0.16931558035461183,1.8484010119615188e-10,0.3087542419929449,1.9497004266700876e-06,0.00021543672249324319,0.17015269604577257,0.0021159020468863483,0.00018436917730128036,3.261386335098961e-05,0.0020696397931088168,0.2231902721544819,4.052693090972706e-05,6.886068235695534e-05,0.010692069554198854,0.028953953277451334,0.0005507490395909677,0.00023081934637570871,0.001342950144762143,1.0362818971115417e-08,0.05586454159380954,4.034659526564265e-09,0.0009013851649922915,0.00019252485342472451,0.0002204233009353286,3.6172091864291576e-06,5.413871970158728e-08,0.01998016195440117,0.013127494363937104,0.012406759457653948,0.014990883085792217,9.24920887610198e-08,3.627679100999782e-10,0.016556344039671378,0.004484164223861991,1.5047268965515267e-05,3.606312601087383e-06,5.3882232740293114e-06,0.006052146867011007,4.2257692927309465e-06,8.179430182541279e-11,7.231864303780058e-09,0.0017779435022999078
6.924974110675081e-06,0.5035377476589118,3.76,0.0,0.004825843301520696,0.7648813746566921,0.20795241354903504,0.01553731169424808,0.0008260523910032857,0.039127651116457315,0.16941884695176368,1.8461660636245537e-10,0.3087605742161921,1.9475969529048656e-06,0.00021516837363552092,0.17038930079099085,0.0021136160844925007,0.0001838455113345159,3.253539036068863e-05,0.002066293296136119,0.22306794802763777,4.0434260509149584e-05,6.873211479447008e-05,0.010692286332684079,0.02897077807988815,0.0005498859068937264,0.00023037872141970327,0.001340105767106429,1.03352578484297e-08,0.05586234976280027,4.025082147858103e-09,0.0008958173157473832,0.00019216534829614526,0.00021987664656986856,3.5950184292242974e-06,5.399056188651514e-08,0.01995726171097563,0.013129973234925518,0.012394637505045552,0.01499652984577316,9.248811234047135e-08,3.6208305516815694e-10,0.01657763978190633,0.004483809432014721,1.503556019793704e-05,3.599004791380716e-06,5.389407546427502e-06,0.006071726173969383,4.232518080651126e-06,8.164640133335298e-11,7.216265174788747e-09,0.0017808042673969117
6.9401295006790855e-06,0.5035535685759627,3.76,0.0,0.004804343011913146,0.764710980053037,0.20806781587979117,0.015580248658982485,0.0008247630872307193,0.03910926262945286,0.16952190048090587,1.8439494081006527e-10,0.3087668336529461,1.9455172784262046e-06,0.00021490244784508548,0.17062556934291082,0.002111352366369424,0.00018332591402758292,3.245765514416001e-05,0.0020629837905432606,0.22294581858085535,4.034246416443479e-05,6.86048022021169e-05,0.010692459660896655,0.028987559620246548,0.0005490329224627749,0.00022994266173476783,0.0013372993205550397,1.0307948920972907e-08,0.05586001965248579,4.015625130663029e-09,0.000890305294248366,0.0001918095871272638,0.00021933664916577977,3.573070044267714e-06,5.3844136272134434e-08,0.01993445544687117,0.013132395249303545,0.012382569610963599,0.015002128319353278,9.248391216618847e-08,3.6140424306055124e-10,0.016598846481334417,0.004483425643662522,1.5024048764506268e-05,3.5917559482868417e-06,5.390562216478828e-06,0.006091301417360954,4.23929600947459e-06,8.149995721385409e-11,7.200820658866106e-09,0.0017836623387119089
6.95528489068309e-06,0.5035693578635922,3.76,0.0,0.004782964102422076,0.7645408892481536,0.20818300679434296,0.015623107146611016,0.0008234882378734574,0.039090897212172716,0.16962474286435536,1.841752980134497e-10,0.3087730210666598,1.943460878077719e-06,0.00021463889002124205,0.17086150495030153,0.002109110605154481,0.00018281036085478794,3.238064377658511e-05,0.002059710535594503,0.2228238819334115,4.0251525102495514e-05,6.847871977589868e-05,0.010692590067595802,0.029004298288253058,0.0005481898664713443,0.0002295110755022952,0.0013345299024607425,1.0280887510421695e-08,0.05585755309517848,4.006285649525211e-09,0.0008848485325957769,0.00019145749233595176,0.000218803155010727,3.551361326644677e-06,5.3699403416959555e-08,0.0199117431055157,0.013134760855429414,0.012370555589848422,0.015007679090546604,9.24794910133147e-08,3.607313528994671e-10,0.01661996476436927,0.00448301333185954,1.5012730078153296e-05,3.5845654024975853e-06,5.391687627785296e-06,0.006110872444487823,4.246102170972707e-06,8.135492811247159e-11,7.185527526807197e-09,0.001786517755857976
6.970440280687094e-06,0.5035851158066718,3.76,0.0,0.004761705543385659,0.7643710995065311,0.2082979884791938,0.01566588751541136,0.0008222275653666323,0.03907255457329449,0.1697273760033407,1.8395768564571443e-10,0.308779137209638,1.941427230885695e-06,0.00021437764626793204,0.1710971108122074,0.002106890515272065,0.00018229882713440685,3.230434248533052e-05,0.0020564728038978213,0.2227021362320979,4.016142675394746e-05,6.835384315222783e-05,0.010692678076769168,0.029020994468793766,0.0005473565232541682,0.00022908387252284075,0.0013317966271087398,1.0254068974762846e-08,0.05585495190132901,3.997060917789257e-09,0.0008794464660847546,0.00019110898772976793,0.00021827601332100198,3.529889587557209e-06,5.355632451229558e-08,0.019889124621230353,0.013137070498498837,0.012358595254356083,0.015013182734165513,9.24748519311581e-08,3.600642845905325e-10,0.016640995251310676,0.004482572964848339,1.5001599675314859e-05,3.5774324897071584e-06,5.392784128063152e-06,0.006130439104072422,4.252935690139979e-06,8.121129559324061e-11,7.17038259541486e-09,0.0017893705579204102
6.985595670691099e-06,0.5036008427173618,3.76,0.0,0.004740566322510055,0.764201608154664,0.20841276307249537,0.0157085901210436,0.0008209808005064681,0.03905423442977237,0.169829801763221,1.837418603388055e-10,0.3087851828154914,1.9394158377082464e-06,0.00021411866438941012,0.17133239004199363,0.002104691814173068,0.00018179128793965955,3.222873798882665e-05,0.0020532698908026724,0.22258057967079747,4.007215312895351e-05,6.82301487228223e-05,0.010692724204440337,0.029037648538614357,0.0005465326839472776,0.00022866096541861037,0.0013290986373426768,1.0227488843853167e-08,0.05585221784482077,3.987948246567089e-09,0.0008740985357729491,0.00019076399953951695,0.00021775507837317246,3.508652167515807e-06,5.3414862106548984e-08,0.019866599912324878,0.013139324618266795,0.012346688413605408,0.01501863980959282,9.246999784807726e-08,3.5940293993497925e-10,0.016661938552312676,0.004482105002269656,1.499065321169813e-05,3.570356552751994e-06,5.393852057657636e-06,0.006150001247501349,4.259795707000894e-06,8.106903762511424e-11,7.155382791265294e-09,0.0017922207830575797
7.000751060695103e-06,0.503616538878258,3.76,0.0,0.0047195454412790995,0.764032412566301,0.20852733267544277,0.015751215317075205,0.0008197476803468635,0.03903593650489197,0.16993202198165236,1.8352774693218785e-10,0.3087911586033797,1.937426209765127e-06,0.00021386189363949666,0.17156734568811619,0.002102514221782534,0.0001812877181568442,3.2153817341303276e-05,0.0020501011088782032,0.2224592104791589,3.998368863874081e-05,6.810761345166587e-05,0.010692728960332595,0.029054260868171568,0.0005457181450000935,0.00022824226892989517,0.0013264350979533862,1.0201142756597788e-08,0.05584935267097511,3.978945023297517e-09,0.0008688041871443535,0.00019042245581496253,0.0002172402082570434,3.4876464294695384e-06,5.327497976277991e-08,0.019844168885293122,0.013141523650285817,0.01233483487439529,0.015024050864302276,9.246493139601936e-08,3.5874720809914563e-10,0.01668279526958153,0.004481609897300109,1.4979886459361412e-05,3.5633369404420144e-06,5.394891753889355e-06,0.006169558728133629,4.266681385795069e-06,8.092811456132299e-11,7.140525120758714e-09,0.0017950684687317235
7.0159064506991075e-06,0.5036322045778895,3.76,0.0,0.004698641913053244,0.7638635101569254,0.20864169935659105,0.015793763455232753,0.0008185279475191224,0.039017660527505604,0.17003403847191165,1.8331553437452173e-10,0.30879706527986206,1.9354578707449267e-06,0.0002136072844612332,0.1718019807415536,0.0021003574601996806,0.00018078809251520172,3.207956784593391e-05,0.0020469657860263855,0.222338026918612,3.98960180103354e-05,6.798621480915225e-05,0.010692692848670783,0.029070831822407776,0.0005449127074611107,0.0002278276996820603,0.001323805192944442,1.0175026439675469e-08,0.05584635810018339,3.9700486897947774e-09,0.0008635628697079924,0.0001900842862231708,0.0002167312644401898,3.4668697568513373e-06,5.313664188432814e-08,0.01982183143607559,0.013143668026385433,0.012323034441330831,0.015029416435381525,9.24596552375133e-08,3.580969818616411e-10,0.016703565998413276,0.004481088097279695,1.4969295286252225e-05,3.5563730069495617e-06,5.395903553411598e-06,0.0061891114011359966,4.273591908494497e-06,8.078849240510097e-11,7.12580665426951e-09,0.0017979136517822308
7.031061840703112e-06,0.5036478401074063,3.76,0.0,0.004677854770725332,0.7636948984105197,0.20875586513080804,0.015836234884144137,0.0008173213538081129,0.03899940623558439,0.17013585300707162,1.8310520262527734e-10,0.3088029035308672,1.9335103667779992e-06,0.00021335478919475888,0.17203629809912258,0.0020982212552331965,0.00018029238550014526,3.200597732821752e-05,0.0020438632750717956,0.2222170273025285,3.980912659054069e-05,6.78659310927784e-05,0.010692616364551131,0.029087361757225903,0.0005441161798690078,0.00022741717738493714,0.001321208137745677,1.0149135800817146e-08,0.055843235811769226,3.961256786607736e-09,0.0008583740397813518,0.00018974942307975977,0.00021622811391073987,3.446319567793646e-06,5.299981434426436e-08,0.01979958744346717,0.013145758172217671,0.012311286915520005,0.015034737042928872,9.245417220609311e-08,3.5745217173768286e-10,0.016724251322742845,0.004480540039858195,1.4958875689463472e-05,3.5494641148196214e-06,5.396887785829368e-06,0.0062086591247157725,4.2805264764927706e-06,8.065015551453414e-11,7.1112245817902206e-09,0.0018007563680241276
7.046217230707116e-06,0.5036634457262366,3.76,0.0,0.004657183058164286,0.763526574848074,0.20886983198387502,0.015878629950677722,0.0008161276558428056,0.038981173372043654,0.1702374673381855,1.8289634154237962e-10,0.3088086740310349,1.931583250075406e-06,0.00021310436134934686,0.17227030060704668,0.0020961053348361506,0.00017980057146549548,3.1933033809998286e-05,0.0020407929422709458,0.22209620997235727,3.9722999969846785e-05,6.774674104481621e-05,0.010692499997940749,0.02910385102356269,0.0005433283749270853,0.0002270106233888764,0.001318643164900249,1.0123466798657988e-08,0.05583998746230978,3.952566906842405e-09,0.00085323715740808,0.00018941780010850763,0.00021573062660340932,3.425993299359997e-06,5.286446370644366e-08,0.019777436777336375,0.013147794510048142,0.012299592096496387,0.015040013197746787,9.244848507891927e-08,3.5681269193423465e-10,0.016744851820185522,0.004479966157510078,1.4948623778506676e-05,3.5426096317805134e-06,5.397844782680892e-06,0.006228201758671922,4.287484321058316e-06,8.051308728913924e-11,7.09677614439591e-09,0.001803596652726571
7.061372620711121e-06,0.5036790217252259,3.76,0.0,0.004636625837182049,0.7633585370538217,0.20898360185184803,0.015920948998715833,0.0008149466187149957,0.038962961688174334,0.17033888317893345,1.8268893757511158e-10,0.30881437743614637,1.9296760962018476e-06,0.00021285595609444035,0.1725039910247645,0.0020940094305932763,0.00017931262456616424,3.186072573941441e-05,0.002037754176860845,0.22197557331763895,3.963762426296833e-05,6.762862416637822e-05,0.010692344230236387,0.029120299964016053,0.0005425491121408436,0.0002266079618840063,0.0013161095356964522,1.0098015545233206e-08,0.055836614670379967,3.943976739376244e-09,0.0008481516893078145,0.0001890893534728448,0.00021523867751636346,3.4058884227471695e-06,5.2730557848324367e-08,0.01975537929198151,0.013149777456325375,0.012287949780672661,0.01504524539510847,9.244259618875825e-08,3.561784378876807e-10,0.016765368057875287,0.004479366873518435,1.4938535780918722e-05,3.535808933461513e-06,5.398774871615354e-06,0.006247739165736852,4.294464692600841e-06,8.03772436869601e-11,7.082458684885991e-09,0.0018064345402051566
7.076528010715125e-06,0.5036945683451879,3.76,0.0,0.0046161821768817375,0.7631907826343082,0.20909717665305227,0.015963192370918484,0.0008137780103013517,0.03894477093826871,0.17044010222917796,1.824836355978403e-10,0.30882001439495466,1.9277884779130765e-06,0.0002126095294621839,0.17273737208177556,0.0020919332756694233,0.00017882851888495268,3.178904166618503e-05,0.002034746375960675,0.22185511574462005,3.9552985719312005e-05,6.751156022095158e-05,0.010692149539402437,0.029136708918084314,0.0005417782136414438,0.0002262091180073839,0.0013136065218926035,1.0072778189060357e-08,0.05583311903992366,3.935483999190062e-09,0.0008431171046023392,0.00018876402014847489,0.00021475214336022811,3.3860024212893867e-06,5.259806505997973e-08,0.019733414836891033,0.013151707425351244,0.012276359764025375,0.015050434124534712,9.243650789562461e-08,3.5554930333950444e-10,0.01678580059886312,0.0044787426080918685,1.4928608016362142e-05,3.5290613999416017e-06,5.399678381261998e-06,0.006267271209577115,4.301466867156859e-06,8.024258465844977e-11,7.068269578123155e-09,0.0018092700644572668
7.091683400719129e-06,0.5037100858708864,3.76,0.0,0.004595851162086198,0.7630233092514883,0.20921055826214047,0.01600536040724595,0.000812621605883197,0.038926600883932266,0.1705411261558436,1.822800002002978e-10,0.30882558553978035,1.9259199891847244e-06,0.00021236503890914872,0.17297044643168252,0.00208987660654954,0.0001783482283466738,3.17179706322122e-05,0.0020317689565365837,0.22173483570146263,3.946907114368222e-05,6.73955296353034e-05,0.010691916395790334,0.02915307821796146,0.0005410155074652308,0.00022581401938059662,0.001311133420277757,1.004775103095436e-08,0.05582950214146377,3.9270864806040825e-09,0.0008381328785062521,0.00018844173924225353,0.00021427090525789465,3.366332809518175e-06,5.246695487676294e-08,0.01971154324809767,0.013153584826253607,0.012264821839896274,0.01505557986203236,9.243022332086975e-08,3.549252314803158e-10,0.016806149997002928,0.004478093773243949,1.4918836901347082e-05,3.5223664191004752e-06,5.400555630189429e-06,0.006286797756516653,4.308490131124383e-06,8.010913141800691e-11,7.054206300120887e-09,0.0018121032586405727
7.106838790723134e-06,0.5037255745438995,3.76,0.0,0.004575631891833746,0.7628561146159779,0.2093237485152701,0.016047453445150326,0.0008114771871306145,0.0389084512931939,0.17064195659652154,1.82077640303169e-10,0.30883109148842364,1.9240702372634563e-06,0.0002121224432639309,0.17320321666178268,0.0020878391628549567,0.00017787172674822444,3.164750191405676e-05,0.002028821353098151,0.22161473167334758,3.9385867658733784e-05,6.728051341387177e-05,0.010691645262810459,0.029169408189356462,0.0005402608269214685,0.00022542259577434262,0.0013086895496650707,1.0022930458016388e-08,0.05582576551556296,3.918782052180138e-09,0.0008331984917803267,0.00018812245170471198,0.00021379484815755486,3.3468771303285644e-06,5.233719770382485e-08,0.019689764350269295,0.013155410063520707,0.012253335799679972,0.01506068307167711,9.242374462451094e-08,3.543061267349918e-10,0.016826416797884648,0.004477420773762637,1.4909218964581785e-05,3.5157233858096103e-06,5.401406938950851e-06,0.006306318675208384,4.315533795292392e-06,7.9976837791624e-11,7.040266395227264e-09,0.0018149341551802953
7.121994180727138e-06,0.5037410346242319,3.76,0.0,0.00455552347602795,0.762689196474282,0.20943674922006011,0.016089471820128234,0.0008103445403819789,0.03889032193882593,0.17074259516682597,1.8187679439007808e-10,0.3088365328478587,1.922238837991455e-06,0.00021188170238884582,0.17343568531090545,0.0020858206867147753,0.00017739898780228934,3.157762503966704e-05,0.0020259030128668186,0.22149480217246903,3.930336268704706e-05,6.716649298285651e-05,0.010691336598553891,0.029185699153144763,0.0005395140092049925,0.00022503477852267722,0.0013062742451302697,9.998312946786953e-09,0.05582191068016601,3.910568632432913e-09,0.0008283134294114282,0.0001878060998264808,0.00021332385978779287,3.3276329481991135e-06,5.2208764697576934e-08,0.019668077960041615,0.013157183538141713,0.012241901433622132,0.015065744208694824,9.241707407520539e-08,3.5369189562085934e-10,0.016846601540865647,0.0044767240091041615,1.4899750812820974e-05,3.5091317009637255e-06,5.402232624914093e-06,0.006325833836033007,4.322597185459222e-06,7.984566911975589e-11,7.0264474666802136e-09,0.001817762785967263
7.137149570731143e-06,0.5037564663492478,3.76,0.0,0.004535525033306338,0.7625225526018443,0.2095495621611686,0.0161314158661261,0.0008092234557091928,0.038872212597431295,0.17084304346471832,1.8167773527192643e-10,0.30884191021633023,1.920425411750557e-06,0.00021164277704617903,0.1736678548786565,0.002083820922230395,0.0001769299851466542,3.1508329695299e-05,0.0020230133933585794,0.22137504573290462,3.92215438460429e-05,6.705345011074427e-05,0.010690990856849943,0.029201951426293338,0.0005387748947094575,0.00022465050022186806,0.0013038868549239198,9.97389501747036e-09,0.05581793913502451,3.902444175045009e-09,0.0008234771797287086,0.00018749262698009053,0.00021285783012826577,3.308597844657319e-06,5.208162756889044e-08,0.01964648388751229,0.013158905648308706,0.01223051853101901,0.015070763721149598,9.241021423388951e-08,3.530824593092301e-10,0.016866704760273847,0.0044760038744586115,1.4890429141962488e-05,3.5025907702718234e-06,5.403033005564674e-06,0.006345343110735048,4.3296796497124475e-06,7.971561510779624e-11,7.012747157745066e-09,0.0018205891824612593
7.152304960735147e-06,0.5037718699707443,3.76,0.0,0.004515635695468014,0.7623561808185684,0.20966218908791076,0.016173285914678297,0.0008081137290188059,0.038854123051462054,0.17094330306103125,1.8148017850125213e-10,0.30884722417883725,1.918629592872752e-06,0.00021140562918898874,0.17389972780445515,0.0020818396165811393,0.00017646469232398878,3.143960591070232e-05,0.0020201519678219905,0.22125546092223455,3.914039915740312e-05,6.69413670898745e-05,0.010690608485016012,0.029218165319826822,0.0005380433285503386,0.00022426969542030183,0.001301526747259014,9.94967330692826e-09,0.05581385235218614,3.89440670097521e-09,0.0008186892364076592,0.00018718197820932398,0.00021239665261359753,3.2897694285984753e-06,5.195575895570584e-08,0.019624981932708657,0.013160576787867336,0.012219186879587519,0.01507574204628096,9.240316756413507e-08,3.5247774472222607e-10,0.016886726982828962,0.004475260758286372,1.4881250733112336e-05,3.4961000070354305e-06,5.403808392109362e-06,0.006364846373271657,4.336780547131101e-06,7.958666189462149e-11,6.99916318853938e-09,0.0018234133754519764
7.167460350739151e-06,0.503787245723093,3.76,0.0,0.004495854605383321,0.7621900789810824,0.20977463172035668,0.016215082295279074,0.0008070151609727832,0.038836053088207395,0.17104337550403287,1.8128383449816487e-10,0.30885247530937654,1.916851024245554e-06,0.0002111702218312419,0.1741313064781212,0.002079876519573006,0.00017600308279903284,3.137144395513518e-05,0.002017318222477526,0.2211360463357288,3.905991693517603e-05,6.683022664361767e-05,0.010690189924881513,0.029234341139827383,0.0005373191598119307,0.00022389230026399466,0.001299193306904334,9.925644532895433e-09,0.05580965178053689,3.886454285943556e-09,0.0008139490975808419,0.00018687409992710849,0.00021194022351476148,3.2711453317005802e-06,5.1831132216938755e-08,0.019603571887520786,0.013162197347043669,0.012207906265903637,0.015080679612329364,9.239593623424154e-08,3.518776702356719e-10,0.016906668728872504,0.004474495043504954,1.4872212451597489e-05,3.489658830733601e-06,5.4045590933243565e-06,0.006384343499410879,4.343899253804111e-06,7.945877677596518e-11,6.985693338170274e-09,0.0018262353951786915
7.182615740743156e-06,0.5038025938450602,3.76,0.0,0.004476180918017554,0.7620242449866044,0.20988689174621536,0.016256805335136112,0.0008059275575282229,0.03881800250027761,0.17114326231701563,1.8108892518222625e-10,0.3088576641699001,1.91508936098278e-06,0.0002109365190747077,0.17436259323469558,0.002077931383954007,0.00017554512996402434,3.130383435312438e-05,0.002014511657902184,0.22101680059931736,3.898008580848758e-05,6.672001197099032e-05,0.010689735612212608,0.02925047918693731,0.0005366022418716886,0.0002235182526705535,0.00129688593674525,9.901805504341379e-09,0.05580533884347509,3.878585060571788e-09,0.0008092562664657773,0.0001865689400628079,0.00021148844223112403,3.252723211685338e-06,5.170772151122168e-08,0.019582253534872394,0.01316376771202257,0.012196676475238968,0.015085576837704867,9.238852243888529e-08,3.512821539775432e-10,0.01692653051175308,0.004473707106786084,1.4863311245788625e-05,3.4832666675783914e-06,5.405285415699355e-06,0.0064038343669869605,4.351035160928058e-06,7.933193285353067e-11,6.972335448092584e-09,0.0018290552712670702
7.19777113074716e-06,0.5038179145628384,3.76,0.0,0.004456613796691281,0.761858676759803,0.20999897083126343,0.01629845535986653,0.0008048507281752844,0.038799971083886754,0.1712429650062402,1.808956798510964e-10,0.308862791314164,1.913344264128492e-06,0.0002107044858130258,0.1745935903722998,0.002076003964539083,0.00017509080716382274,3.123676776977712e-05,0.002011731784356713,0.22089772235966545,3.890089458521476e-05,6.66107065911775e-05,0.010689245978579386,0.0292665797580874,0.0005358924310542365,0.00022314749174307528,0.0012946040519633756,9.878153075970799e-09,0.05580091494691871,3.8707971883880595e-09,0.0008046102497616988,0.0001862664475610256,0.00021104121026103813,3.23450074408036e-06,5.158550149977279e-08,0.019561026651785697,0.013165288266227624,0.012185497292125555,0.015090434134126314,9.238092861371755e-08,3.5069112536207045e-10,0.016946312840012072,0.004472897320588547,1.4854544135247899e-05,3.4769229486983028e-06,5.40598766595047e-06,0.0064233188552193544,4.358187676463711e-06,7.920612380312662e-11,6.959087396936489e-09,0.0018318730329306143
7.2129265207511646e-06,0.5038332081133602,3.76,0.0,0.004437152419348113,0.7616933722738262,0.21011087060248065,0.016340032692242004,0.000803784488694394,0.038781958641587115,0.17134248504783448,1.8070382062251466e-10,0.3088678572815571,1.9116154092653038e-06,0.00021047408822769462,0.17482430012393615,0.0020740940198471862,0.0001746400876751285,3.1170235259494734e-05,0.0020089781289850247,0.22077881029982724,3.882233252222391e-05,6.65022945872163e-05,0.01068872144813748,0.029282643143691504,0.0005351895887765886,0.00022277995868410719,0.0012923470892644486,9.854684229197326e-09,0.05579638146601685,3.863088908129977e-09,0.0008000105604879531,0.00018596657316308394,0.00021059843280252957,3.216475636784837e-06,5.146444787097802e-08,0.01953989100489815,0.013166759388158623,0.012174368499747483,0.015095251901614096,9.237315703399813e-08,3.5010451731863437e-10,0.016966016213759563,0.004472066049803534,1.4845908229926653e-05,3.470627114020482e-06,5.406666143199511e-06,0.00644279684586157,4.365356222130259e-06,7.908133537898448e-11,6.945947147742865e-09,0.001834688708649623
7.228081910755169e-06,0.5038484747076122,3.76,0.0,0.004417795972451045,0.761528329529261,0.21022259266483598,0.01638153765336332,0.0008027286583500238,0.03876396497952419,0.17144182390068444,1.8051291314259844e-10,0.3088728626032662,1.9099024763470576e-06,0.00021024529332676865,0.17505472468589744,0.0020722013105916775,0.00017419294473728606,3.110422803456207e-05,0.0020062502284593294,0.22066006312348405,3.874438906940536e-05,6.639476035952562e-05,0.010688162440712613,0.029298669630425534,0.0005344935794204563,0.00022241559586697325,0.00129011449760548,9.831395986929902e-09,0.05579173975816892,3.855458499492799e-09,0.0007954567152929701,0.00018566926861341289,0.0002101600171249854,3.19864561624195e-06,5.1344536822456947e-08,0.01951884635520585,0.013168181453492429,0.012163289880728742,0.015100030533497942,9.236520957987457e-08,3.495222522150218e-10,0.016985641128215687,0.004471213655058939,1.4837400718786822e-05,3.4643786084182625e-06,5.40732114597005e-06,0.006462268222078458,4.372540239913578e-06,7.895752592420116e-11,6.932912702961403e-09,0.0018375023264933718
7.243237300759173e-06,0.5038637145775451,3.76,0.0,0.004398543655080629,0.7613635465684535,0.21033413858978614,0.016422970561795425,0.0008016830618213503,0.038745989909277995,0.17154098299753334,1.8032362316023366e-10,0.30887780779818164,1.9082051588720434e-06,0.00021001806918510398,0.175284866198565,0.0020703256008015774,0.00017374935154903528,3.103873751870317e-05,0.0020035476341218237,0.2205414795658586,3.8667053964552995e-05,6.628808879101382e-05,0.010687569369644401,0.029314659499346335,0.0005338042716924275,0.00022205434746563188,0.0012879057443159004,9.808285471731792e-09,0.05578699115415189,3.847904288817984e-09,0.0007909482364972792,0.00018537448719716128,0.0002097258736600862,3.181008437971553e-06,5.122574529262078e-08,0.01949789245497782,0.01316955483358711,0.012152261216632303,0.01510477041311486,9.23570884514916e-08,3.4894425688802007e-10,0.01700518807131778,0.004470340490337106,1.482901886909269e-05,3.4581768841625704e-06,5.407952971948754e-06,0.006481732869278296,4.379739184933487e-06,7.883468227020203e-11,6.919982125148807e-09,0.0018403139138964827
7.258392690763178e-06,0.5038789279308767,3.76,0.0,0.0043793946762633465,0.7611990214660822,0.2104455099227476,0.016464331734040192,0.0008006475279200117,0.038728033246623196,0.17163996375062962,1.8013582464075934e-10,0.3088826933756827,1.9065231585527765e-06,0.0002097923847502809,0.17551472675924554,0.002068466657217195,0.0001733092812912586,3.097375536575378e-05,0.0020008699084043007,0.22042305838641243,3.859031720516496e-05,6.61822651351699e-05,0.010686942643092348,0.029330613027127552,0.0005331215376724023,0.00022169615903108665,0.0012857203108806554,9.785349867849993e-09,0.0557821369638243,3.840424649673561e-09,0.000786484651004925,0.0001850821833780651,0.0002092959152555685,3.163561880966098e-06,5.110805088063311e-08,0.019477029050042154,0.013170879896378733,0.01214128228840688,0.015109471916073829,9.234879602358185e-08,3.483704740968313e-10,0.0170246575252669,0.004469446904401938,1.4820760023265026e-05,3.45202139979322e-06,5.408561915896754e-06,0.006501190674643574,4.3869525296068e-06,7.871280705675911e-11,6.907153526061738e-09,0.0018431234978028089
7.272032541766782e-06,0.5038925974525663,3.76,0.0,0.0043622483027778575,0.7610511677728835,0.21054559610637238,0.016501495714799534,0.0007997240121395372,0.038711887839221776,0.17172889509809675,1.799676207717509e-10,0.30888703983724003,1.9050222115180328e-06,0.00020959056016168397,0.1757213627551912,0.002066807752182475,0.00017291620799097984,3.091569933404001e-05,0.001998480863483594,0.22031661714880058,3.852175761507372e-05,6.60877368638986e-05,0.010686350147589521,0.029344940356216476,0.0005325125940957896,0.00022137636160185915,0.0012837729400409915,9.764855083563045e-09,0.055777678984821416,3.833755423841393e-09,0.000782505419898045,0.00018482119141434615,0.00020891246045534327,3.148021140900088e-06,5.100304585585867e-08,0.019458329144959968,0.01317203144340966,0.012131443595878979,0.015113670762018985,9.234118790265627e-08,3.4785761495956767e-10,0.017042114175282008,0.00446862550174768,1.4813430089531836e-05,3.446520555933406e-06,5.4090906424192645e-06,0.0065186967576261225,4.393456428186822e-06,7.860391806670956e-11,6.895693451612129e-09,0.0018456504322780605
7.285672392770386e-06,0.5039062458216917,3.76,0.0,0.004345184435271288,0.7609035200423532,0.21064554320006332,0.016538602072348817,0.0007988083912419758,0.03869575706628639,0.17181768412185716,1.7980053552410484e-10,0.30889133877472097,1.903533223813706e-06,0.0002093899366731304,0.17592777432776588,0.0020651620740987694,0.00017252594696824975,3.085804264021305e-05,0.0019961113092903647,0.22021030557344337,3.845366777787294e-05,6.59938733943156e-05,0.010685731009352708,0.029359238666523325,0.0005319087847118678,0.00022105896149021695,0.0012818436867788581,9.744497771257356e-09,0.05577313745703454,3.827144187289733e-09,0.0007785618330139335,0.00018456213839788483,0.00020853226589026742,3.132631430620099e-06,5.08988961855846e-08,0.019439702138350664,0.013173144413183674,0.012121644851529792,0.015117839086416226,9.233344405518165e-08,3.473480631049396e-10,0.017059508790271384,0.004467788084899841,1.4806195848031708e-05,3.4410563458589786e-06,5.409601281329157e-06,0.006536197128420631,4.399971209617442e-06,7.84957756842366e-11,6.8843131695030274e-09,0.001848175784477199
7.29931224377399e-06,0.5039198731877113,3.76,0.0,0.004328202516004794,0.76075607693114,0.21074535228177396,0.01657565103344775,0.0007979005480547766,0.03867964080132181,0.17190633181289924,1.796344794473705e-10,0.30889559054166876,1.9020559916042325e-06,0.000209190493311523,0.1761339629261213,0.0020635294581928293,0.00017213847865421315,3.080077958677481e-05,0.001993760947423673,0.2201041228010324,3.8386040872368656e-05,6.59006646617919e-05,0.010685085516058906,0.029373508151533494,0.0005313100225485166,0.00022074392154397416,0.00127993219942552,9.724276010482595e-09,0.05576851329587528,3.820589838179303e-09,0.0007746535542059122,0.00018430499330488853,0.00020815527248134794,3.1173911757214263e-06,5.079558668302017e-08,0.019421147833346895,0.013174219067451361,0.01211188589483686,0.015121977148672226,9.23255659650616e-08,3.468417735696162e-10,0.017076841710930928,0.004466934898340942,1.4799055496724148e-05,3.4356283874472524e-06,5.4100940416774315e-06,0.006553691708119478,4.406496514637387e-06,7.838836854331301e-11,6.8730113968212285e-09,0.0018506995731320973
7.312952094777594e-06,0.5039334796984994,3.76,0.0,0.004311301993597611,0.7606088371162394,0.21084502441298933,0.016612642823490672,0.0007970003679888345,0.0386635389204596,0.17199483914914163,1.794694067936688e-10,0.30889979548565344,1.9005903164824753e-06,0.0002089922096381697,0.17633992997250061,0.0020619097415043356,0.00017175378348108247,3.0743904607858293e-05,0.001991429486425605,0.21999806798748406,3.831887023260304e-05,6.580810083264574e-05,0.010684413952031315,0.029387749001962386,0.0005307162227235584,0.00022043120546941833,0.0012780381351341717,9.704187919182117e-09,0.05576380740341508,3.814091303275057e-09,0.0007707802503594265,0.00018404972584485304,0.00020778142264884133,3.1022988173195374e-06,5.06931025514546e-08,0.019402666029222724,0.0131752556657497,0.012102166565006366,0.015126085203365672,9.231755507395791e-08,3.463387015508837e-10,0.017094113274304396,0.004466066183203545,1.4792007276197311e-05,3.4302363027066626e-06,5.410569130990321e-06,0.006571180418967344,4.413031992815926e-06,7.828168415224376e-11,6.861786880627498e-09,0.0018532218166653657
7.326591945781198e-06,0.5039470655002184,3.76,0.0,0.004294482322729429,0.7604617992938693,0.21094456063960207,0.016649577666549547,0.0007961077388814159,0.03864745130230794,0.17208320709607342,1.793053129232659e-10,0.3089039539486055,1.899136004791615e-06,0.0002087950657245864,0.17654567686380623,0.00206030276283346,0.00017137184188723025,3.0687412258107215e-05,0.001989116641357346,0.21989214030307658,3.825214933942312e-05,6.571617229027851e-05,0.010683716598376018,0.029401961405899568,0.0005301273023274103,0.0002201207777787874,0.0012761611593610105,9.68423165679691e-09,0.05575902066903003,3.8076475349677355e-09,0.0007669415912898637,0.00018379630641573755,0.00020741066021908326,3.087352811519725e-06,5.059142935225571e-08,0.019384256521707492,0.01317625446549753,0.012092486701050266,0.015130163500522249,9.23094128122326e-08,3.458388027437629e-10,0.017111323813957895,0.004465182177428769,1.4785049469639576e-05,3.4248797176756905e-06,5.411026755108417e-06,0.006588663184311336,4.4195773031236816e-06,7.817571095336539e-11,6.8506383967254436e-09,0.0018557425332075223
7.353871647788406e-06,0.5039741755489916,3.76,0.0,0.00426108338317909,0.7601683245021708,0.2111432294889137,0.016723277401574456,0.0007943446962510383,0.03861531838020151,0.17225952862490262,1.7897999681469412e-10,0.308912132772604,1.8962607184683095e-06,0.00020840411986965975,0.17695651564992412,0.002057126383330785,0.00017061614125438637,3.0575554225762646e-05,0.001984545689760589,0.21968066307033463,3.81200314002998e-05,6.553418361560776e-05,0.010682245631165701,0.02943030161424418,0.0005289637774316938,0.0002195066493681276,0.0012724571740827311,9.644707450049824e-09,0.05574920817165351,3.794920229035271e-09,0.0007593669009662792,0.00018329489646086555,0.00020667817943632088,3.057893754873654e-06,5.039045967488308e-08,0.01934765356332222,0.013178139688866154,0.012073244726247188,0.015138231800953153,9.22927398024366e-08,3.4484835292271515e-10,0.017145563139836756,0.0044633692305134235,1.4771398430704397e-05,3.4142715709203763e-06,5.411890422664659e-06,0.0066236105771719294,4.432696096380047e-06,7.79658530382906e-11,6.828564765041404e-09,0.00186077945646372
7.381151349795613e-06,0.5040012044586275,3.76,0.0,0.004228001450477908,0.7598756424889398,0.21134136690139194,0.01679675200526016,0.0007926105684082759,0.0385832411104856,0.17243530388638198,1.786584137311066e-10,0.3089201296427949,1.8934286704487009e-06,0.00020801750592516034,0.17736648998323157,0.0020539990645901105,0.0001698712205334593,3.046516418182605e-05,0.0019800459353775464,0.21946968473577813,3.7989637640260354e-05,6.535462577665071e-05,0.010680674801304644,0.02945853023151821,0.0005278188216066826,0.00021890126751993903,0.0012688177230080915,9.60568942909984e-09,0.05573908267677623,3.782400026515852e-09,0.0007519268989534476,0.00018280053952398614,0.0002059574070395295,3.0290019470717946e-06,5.019256887425151e-08,0.019311337259658837,0.013179876756146368,0.012054158680336893,0.01514618396454471,9.227555799294655e-08,3.4387008904479433e-10,0.017179562290797538,0.004461497900015488,1.4758089437558135e-05,3.4038010355627144e-06,5.4126866579770695e-06,0.006658533294759603,4.445850326973322e-06,7.775870705525778e-11,6.80678125026053e-09,0.0018658104824223402
7.4084310518028205e-06,0.5040281533211691,3.76,0.0,0.004195232367344639,0.7595837434658419,0.21153898072125457,0.016870003223872408,0.0007909045383765671,0.03855121860429026,0.17261054018411257,1.7834044919737824e-10,0.30892794710691934,1.8906384652702664e-06,0.0002076350813626335,0.17777561019841923,0.00205091957890545,0.00016913692383213055,3.0356202541395133e-05,0.0019756153141230015,0.21925919913978698,3.786092073022759e-05,6.51774290159516e-05,0.010679006247245647,0.029486648674365536,0.0005266918367834364,0.00021830437496064424,0.0012652404042165152,9.567164208024317e-09,0.0557286508702121,3.770079405027897e-09,0.0007446190462896059,0.00018231302151675295,0.00020524793992495016,3.0006655610065398e-06,4.999765329597961e-08,0.01927530586469785,0.013181467654069275,0.01203522727259077,0.015154021840493036,9.225787814441402e-08,3.429036896394356e-10,0.017213323817769115,0.004459569980794225,1.4745110144919085e-05,3.3934652633222877e-06,5.413417048763053e-06,0.006693430761820214,4.4590375470549995e-06,7.755418912116613e-11,6.7852790122489605e-09,0.0018708357463598545
7.435710753810028e-06,0.5040550232030555,3.76,0.0,0.004162772063018706,0.7592926179111642,0.21173607857449553,0.016943032783431004,0.000789225822246376,0.038519250006691624,0.1727852446447086,1.7802599709370934e-10,0.3089355876351101,1.8878887708241451e-06,0.00020725671054764737,0.1781838862837567,0.0020478867256926284,0.00016841309570238302,3.024863135522019e-05,0.0019712518502989157,0.21904920032065076,3.77338353217226e-05,6.500252652173542e-05,0.010677242060243754,0.02951465832267897,0.0005255822516105464,0.00021771572534839644,0.0012617229283139236,9.529118948747941e-09,0.05571791925719793,3.757951194127533e-09,0.000737440848827302,0.0001818321376721281,0.00020454939390251593,2.9728729984396847e-06,4.980561412974851e-08,0.019239557589032605,0.013182914338302555,0.01201644921275785,0.015161747215820563,9.223971073319853e-08,3.419488459832824e-10,0.017246850222183325,0.004457587221547498,1.4732448773693475e-05,3.3832614683994564e-06,5.414083156775075e-06,0.006728302419418241,4.472255423910688e-06,7.73522191468271e-11,6.764049600685352e-09,0.001875855379486904
7.462990455817235e-06,0.5040818151365672,3.76,0.0,0.004130616550333818,0.7590022565583235,0.2119326678776667,0.017015842389946165,0.0007875736675579697,0.03848733449510626,0.17295942422392468,1.7771495498011375e-10,0.30894305362345564,1.8851783149394922e-06,0.00020688226437061966,0.17859132789773666,0.0020448993311853675,0.0001676995812457772,3.014241422541175e-05,0.0019669536520921173,0.21883968250558888,3.760833794485843e-05,6.482985427922258e-05,0.010675384285554033,0.029542560521074446,0.0005244895200780545,0.00021713508272037425,0.0012582631126515063,9.491541333027637e-09,0.055706894168737676,3.746008557134472e-09,0.0007303898566925471,0.00018135769206750152,0.00020386140268533495,2.945612887069099e-06,4.961635714901898e-08,0.01920409060370413,0.013184218734219173,0.01199782321208158,0.01516936181839626,9.222106596011842e-08,3.410052615950094e-10,0.017280143957688066,0.004455551326169561,1.4720094083831681e-05,3.3731869266494595e-06,5.41468651810095e-06,0.00676314772456961,4.485501735807205e-06,7.715272056892731e-11,6.743084934946892e-09,0.0018808695091186974
7.490270157824443e-06,0.5041085301286106,3.76,0.0,0.004098761922962285,0.7587126503851263,0.2121287558461259,0.017088433729663104,0.0007859473517934174,0.03845547127779337,0.17313308571244992,1.7740722481903488e-10,0.3089503473973193,1.8825058821197505e-06,0.00020651161990760156,0.17899794438458916,0.0020419562481011296,0.0001669962262087086,3.003751622867517e-05,0.001962718907388599,0.21863064010235578,3.748438691442209e-05,6.465935093239666e-05,0.01067343492358991,0.029570356580273703,0.0005234131202415702,0.00021656222097869214,0.0012548588759457488,9.454419536154903e-09,0.05569558176759806,3.734244974287337e-09,0.000723463663715945,0.00018088949718131383,0.0002031836169526202,2.918874077438481e-06,4.942979247121087e-08,0.019168903043736557,0.013185382737634678,0.011979347984210504,0.015176867319743381,9.22019537598528e-08,3.4007265162786907e-10,0.017313207431757068,0.0044534639550539434,1.4708035347990911e-05,3.363238974725962e-06,5.4152286433418516e-06,0.006797966149882177,4.4987743664560785e-06,7.695562018272778e-11,6.7223772854387865e-09,0.0018858782588350182
7.544829561838858e-06,0.5041617331807907,3.76,0.0,0.004035940088166676,0.758135668653254,0.21251945567881328,0.01723296825628953,0.0007827694886188549,0.03839189870521792,0.17347888078630475,1.7680132930245108e-10,0.30896442726713136,1.877270490014336e-06,0.00020578127354930524,0.1798087378654976,0.002036198557404074,0.0001656193811003692,2.9831544899968523e-05,0.001954432906227867,0.21821396002004784,3.724096557300972e-05,6.432461805752583e-05,0.010669269221714704,0.029625635361934584,0.0005213073414087274,0.00021543898234400904,0.0012482092923571705,9.381498429898362e-09,0.05567211886968876,3.7112303858044296e-09,0.0007099762656835746,0.0001799711491192455,0.00020185734450456238,2.866916861262993e-06,4.9064400928683936e-08,0.019099358578643793,0.013187297006481061,0.011942844718168498,0.01519155743808107,9.21623655363506e-08,3.3823927052417595e-10,0.017378653003274493,0.004449141216853019,1.468476524738004e-05,3.34371248531375e-06,5.416135102230575e-06,0.006867520327351149,4.52539061708265e-06,7.65683370096651e-11,6.681703771434677e-09,0.0018958800950254482
7.599388965853274e-06,0.5042146398890821,3.76,0.0,0.003974276827926226,0.7575616050511012,0.21290823206077025,0.017376649467279886,0.0007796869990119026,0.038328526519706176,0.17382268109512813,1.762076069999837e-10,0.3089778445482267,1.872173893701423e-06,0.00020506480000291705,0.18061633573507196,0.0020306049914144424,0.00016428134249017083,2.9630464795179903e-05,0.0019463807987236256,0.21779911865346888,3.700327025483016e-05,6.399788542277952e-05,0.010664760102973809,0.029680504523941883,0.0005192611765833629,0.00021434438011238866,0.0012417593674719344,9.310270009962309e-09,0.05564757671261343,3.6888610198604455e-09,0.000696960257391532,0.00017907574595138877,0.00020056808888472958,2.816916490734446e-06,4.8708798980457244e-08,0.0190309086756109,0.013188671746504024,0.01190692920223499,0.015205829913551999,9.212102054571101e-08,3.3644663591671233e-10,0.017443205329441325,0.004444631466721181,1.4662561967367978e-05,3.324661873319078e-06,5.4168141178495146e-06,0.00693696103132412,4.5520891689687055e-06,7.61898449624988e-11,6.641973591832045e-09,0.0019058618075967336
7.65394836986769e-06,0.5042672574132016,3.76,0.0,0.003913743547634345,0.7569903952186643,0.2132951362300075,0.017519490166045093,0.0007766950437729472,0.03826534936113205,0.1741645355596943,1.7562541174143728e-10,0.30899061559883445,1.8672081233906057e-06,0.00020436140770441845,0.18142080284577014,0.0020251672880695734,0.00016298090799878623,2.943404262746565e-05,0.0019385505779069157,0.2173860769970819,3.677102323846688e-05,6.367874535173118e-05,0.010659922067227203,0.0297349734586462,0.0005172712008106712,0.00021327691401589827,0.001235495610871494,9.240655117037412e-09,0.05562199909836023,3.66709458884333e-09,0.0006843979033266368,0.00017820204975985837,0.00019931358165685387,2.768791467459148e-06,4.8362402200256094e-08,0.018963537436327723,0.013189521129381649,0.011871591310243724,0.015219696344597165,9.207798954662762e-08,3.3469283411230567e-10,0.01750688215562154,0.004439946544755542,1.4641355689726945e-05,3.3060679229727728e-06,5.417276881230368e-06,0.007006284568914148,4.578856407269256e-06,7.581966309076731e-11,6.603135849798427e-09,0.00191582426540747
7.708507773882104e-06,0.5043195925365088,3.76,0.0,0.0038543127205148907,0.7564219778418734,0.2136802168764789,0.017661502863144943,0.0007737891423691151,0.038202362242560975,0.1745044909381411,1.75054149135961e-10,0.3090027559107535,1.862365867379615e-06,0.0002036703769274578,0.18222220026432184,0.002019877572771333,0.00016171689286547292,2.9242062571542927e-05,0.0019309311790733725,0.21697479825774568,3.654396790496308e-05,6.336682169280744e-05,0.010654768997260023,0.029789051128131603,0.0005153342724851771,0.00021223520069062876,0.0012294057235285756,9.172580441273835e-09,0.05559542763241163,3.6458925232118217e-09,0.0006722721109555401,0.00017734892177186928,0.00019809175167228256,2.72246355022079e-06,4.802467661799212e-08,0.018897228664137972,0.013189858915844095,0.011836821020663196,0.015233167651935456,9.203333980717162e-08,3.329760904575886e-10,0.017569700619246682,0.0044350977054569175,1.4621082646712605e-05,3.287912297438344e-06,5.4175341995415525e-06,0.007075487464686907,4.6056799884931e-06,7.545734989819092e-11,6.5651437754698596e-09,0.001925768290545687
7.76306717789652e-06,0.5043716517400524,3.76,0.0,0.0037959578251560403,0.7558562944189932,0.21406352032604484,0.017802699783931814,0.0007709651406974719,0.038139560517823384,0.174842591959599,1.7449327151427684e-10,0.3090142801804736,1.857640406705591e-06,0.0002029910525690809,0.18302058560508316,0.0020147283453066343,0.0001604881317686899,2.90543246441103e-05,0.00192351239110341,0.21656524767184268,3.6321866767129804e-05,6.306176688337324e-05,0.0106493141884574,0.0298427460947837,0.0005134475062588434,0.00021121796276879316,0.001223478482524662,9.105977981464166e-09,0.05556790186217632,3.625219610973804e-09,0.0006605664117919042,0.00017651531297291863,0.00019690070545804974,2.677857650711689e-06,4.7695133704359966e-08,0.018831965936572704,0.0131896984733789,0.01180260843194598,0.015246254138305252,9.198713531990621e-08,3.312947568600425e-10,0.0176316772856962,0.004430095649520644,1.4601684546470071e-05,3.2701775059309507e-06,5.417596502954062e-06,0.007144566450943286,4.632548725197456e-06,7.510249956301177e-11,6.52795433178564e-09,0.0019356946618810135
7.817626581910934e-06,0.504423441183165,3.76,0.0,0.003738653287762391,0.7552932890472932,0.21444509070959367,0.017943092876128334,0.000768219181785426,0.03807693985195488,0.17517888144816174,1.739422733307189e-10,0.3090252023738729,1.8530255562915943e-06,0.000202322837627651,0.18381601333319064,0.0020097124665048533,0.00015929348040136723,2.8870643223705994e-05,0.0019162847761039251,0.2161573923383336,3.610449967182948e-05,6.276325928598767e-05,0.010643570377019608,0.029896066549336946,0.0005116082484973648,0.0002102240189845256,0.0012177036364071255,9.040784551221214e-09,0.05553945940540971,3.6050436691974597e-09,0.0006492649424223853,0.00017570025559881928,0.00019573870949908138,2.634901728991543e-06,4.7373325823323997e-08,0.018767732670283786,0.013189052792852221,0.011768943775432352,0.01525896554265003,9.193943700176353e-08,3.2964730034638267e-10,0.01769282818131043,0.004424950553740992,1.4583108048476183e-05,3.2528468707003243e-06,5.41747385437373e-06,0.0072135184583621845,4.659452483186604e-06,7.475473848085455e-11,6.491527855799378e-09,0.0019456041183255693
7.872185985925349e-06,0.5044749667483954,3.76,0.0,0.003682374428923381,0.7547329082290933,0.21482497011786567,0.01808269381730432,0.0007655476792993937,0.038014496194374574,0.17551340043748637,1.7340068714424691e-10,0.30903553578481385,1.8485156127258533e-06,0.00020166518731888977,0.18460853503887836,0.002004823144769017,0.0001581318168134793,2.8690845729277725e-05,0.0019092395969443213,0.21575120106702272,3.589166219164514e-05,6.24710007853739e-05,0.010637549766708172,0.029949020336505726,0.000509814055132941,0.00020925227524982445,0.0012120718106858402,8.976941337604111e-09,0.05551013606894604,3.5853352489358285e-09,0.0006383524256277558,0.00017490285546546813,0.00019460417431930427,2.5935266894837185e-06,4.70588421657515e-08,0.01870451217871107,0.013187934504062936,0.011735817425972751,0.015271311089045251,9.189030287915908e-08,3.2803229282951777e-10,0.017753168823678167,0.004419672099030109,1.4565304288083148e-05,3.2359044941498285e-06,5.417175957550071e-06,0.007282340607037215,4.6863820870238995e-06,7.441372218423656e-11,6.455827737055753e-09,0.0019554973618134065
7.926745389939764e-06,0.5045262340525597,3.76,0.0,0.003627097414848918,0.7541751006968981,0.21520319874212074,0.018221514022219557,0.0007629472938072107,0.037952225754756486,0.1758461882760436,1.7286807999250036e-10,0.3090452930877655,1.8441053081275247e-06,0.0002010176038220835,0.18539819968343507,0.0020000539225801628,0.00015700204252778915,2.851477143707611e-05,0.0019023687525502634,0.215346644241852,3.5683164187145423e-05,6.21847146416122e-05,0.010631264054076313,0.030001614978230548,0.0005080626718708003,0.00020830171668226967,0.0012065744232836616,8.914393506622571e-09,0.055479965957774005,3.5660673708355777e-09,0.0006278141517088667,0.00017412228512093326,0.00019349564032219996,2.553666278145926e-06,4.6751305128066783e-08,0.018642287722630414,0.013186355890220061,0.011703219910367674,0.015283299530481763,9.18397882583529e-08,3.264484018971939e-10,0.017812714249239532,0.004414269496518002,1.4548228451324807e-05,3.2193352261678204e-06,5.416712165681693e-06,0.0073510301979326596,4.7133292334362956e-06,7.407913257425977e-11,6.4208201302095514e-09,0.001965375060000938
7.981304793954178e-06,0.5045772484661722,3.76,0.0,0.003572799212649411,0.7536198172557007,0.21557981500200657,0.018359564650019942,0.0007604149115074789,0.03789012498132791,0.1761772827238673,1.7234405018478798e-10,0.3090544863850607,1.8397897689949392e-06,0.0002003796316086775,0.18618505381962447,0.001995398663058645,0.000155903083448344,2.8342270422531936e-05,0.0018956647201356152,0.21494369369774757,3.547882852105987e-05,6.190414357235753e-05,0.010624724452274581,0.03005385769477327,0.0005063520165313029,0.00020737140048323805,0.0012012036089713266,8.853089850223636e-09,0.055448981575316525,3.5472152889801822e-09,0.0006176359600620751,0.00017335777773468087,0.00019241176520546597,2.515256981108286e-06,4.6450367093427877e-08,0.018581042554309004,0.013184328901440579,0.011671141913905022,0.01529493918802102,9.178794588236571e-08,3.2489438257116274e-10,0.01787147903846237,0.004408751511890126,1.4531839394912608e-05,3.2031246318609213e-06,5.416091490734555e-06,0.0074195847047343185,4.740286413997267e-06,7.375067545744787e-11,6.386473698201648e-09,0.0019752378487153228
8.035864197968593e-06,0.5046280151299706,3.76,0.0,0.003519457549053126,0.7530670106397961,0.21595485566254594,0.018496856611286645,0.0007579476250391098,0.037828190541222335,0.1765067200420423,1.7182822443641214e-10,0.30906312724962676,1.8355644792832815e-06,0.00019975085326591084,0.18696914179051558,0.0019908515366636017,0.00015483389058905118,2.8173202611666556e-05,0.0018891205032657966,0.214542322608935,3.5278489905445845e-05,6.162904802723439e-05,0.010617941713592836,0.030105755423990146,0.0005046801631983335,0.00020646044953061317,0.0011959521514307559,8.792982469564802e-09,0.05541721391617764,3.528756278883822e-09,0.0006078042210248434,0.0001726086216062721,0.00019135131269687022,2.478237924948696e-06,4.615570755507906e-08,0.018520759956255538,0.013181865167412416,0.011639574285347905,0.01530623798603867,9.173482607636443e-08,3.233690698861903e-10,0.017929477338963908,0.004403126488202006,1.4516099303797935e-05,3.187258959909414e-06,5.415322612412122e-06,0.007488001766053919,4.767246845338118e-06,7.342807833803577e-11,6.352759382290933e-09,0.0019850863341889353
8.090423601983008e-06,0.5046785389695715,3.76,0.0,0.003467050872122507,0.7525166353821732,0.21632835594161695,0.01863340057493439,0.0007555427160966478,0.037766419302617205,0.17683453507580818,1.7132025529222438e-10,0.3090712267637989,1.8314252473770507e-06,0.00019913088573986543,0.18775050590959164,0.001986407008100055,0.0001537934406440426,2.800743692472478e-05,0.0018827295849759393,0.21414250538723273,3.5081993861549555e-05,6.13592046285994e-05,0.010610926150851418,0.03015731483901759,0.0005030453279175443,0.00020556804659036776,0.0011908134219444217,8.734026489511516e-09,0.05538469255226581,3.51066944622175e-09,0.0005983058180248537,0.00017187415520889787,0.00019031314242829784,2.4425507788290637e-06,4.586703053075607e-08,0.018461423275282347,0.013178976009320996,0.011608508040625748,0.015317203484087367,9.168047688288878e-08,3.218713721684225e-10,0.017986722886851658,0.004397402367331619,1.4500973381527304e-05,3.1717251116811472e-06,5.414413887148485e-06,0.007556279177962393,4.794204404958821e-06,7.31110884274533e-11,6.319650194851335e-09,0.0019949210951069225
8.144983005997423e-06,0.5047288247089448,3.76,0.0,0.003415558315742814,0.7519686476954809,0.2167003496086365,0.018769206974949847,0.0007531976397032483,0.037704808318512334,0.1771607613317192,1.708198188156695e-10,0.3090787955545489,1.8273681766006936e-06,0.00019851937695780314,0.18852918662367857,0.0019820598234836866,0.00015278073641348248,2.784485050391412e-05,0.0018764858855200928,0.21374421758953374,3.4889195781976756e-05,6.109440476519301e-05,0.010603687657690137,0.030208542364494075,0.0005014458558062341,0.00020469342909616646,0.0011857813241551863,8.676179801051782e-09,0.05535144571275591,3.492935554603585e-09,0.0005891281300748855,0.00017115376272300656,0.00018929620084899484,2.408139658742054e-06,4.5584062243108276e-08,0.018403015952276527,0.01317567245108433,0.011577934365371398,0.015327842905672072,9.162494418761394e-08,3.2040026495960675e-10,0.018043229026428888,0.0043915867101414555,1.4486429570976946e-05,3.1565106111807257e-06,5.41337335727473e-06,0.0076244148868449615,4.821153572704796e-06,7.279947085225048e-11,6.287121032555843e-09,0.002004742684481829
8.199542410011838e-06,0.504778876882993,3.76,0.0,0.0033649596666978643,0.7514230053637164,0.21707086907505138,0.01890428601696251,0.0007509100100127714,0.03764335481202824,0.17748543104922682,1.7032661251993534e-10,0.30908584382539983,1.8233896387979676e-06,0.00019791600280487753,0.18930522265998062,0.0019778049978000293,0.00015179480709649274,2.768532801937577e-05,0.0018703837243842308,0.2133474358338089,3.46999600881645e-05,6.083445332692109e-05,0.010596235727794686,0.03025944419142181,0.0004998802094718052,0.00020383588445270357,0.001180850244432986,8.61940282965927e-09,0.05531750035827223,3.475536870943148e-09,0.0005802590146463148,0.0001704468700225203,0.0001882995130951329,2.374951034056483e-06,4.530654904553961e-08,0.01834552154802154,0.013171965229934858,0.011547844616427716,0.015338163164179318,9.156827183622549e-08,3.1895478553665926e-10,0.018099008728381126,0.00438568671541341,1.4472438303010385e-05,3.141603575892594e-06,5.412208760076541e-06,0.0076924069825714345,4.84808937793525e-06,7.249300704559543e-11,6.255148508670642e-09,0.0020145516313671567
8.254101814026252e-06,0.504828699849194,3.76,0.0,0.0033152353340913294,0.750879667643538,0.2174399454774216,0.01903864768464487,0.000748677587479177,0.03758205616307047,0.1778085752671823,1.698403535131098e-10,0.30909238138537676,1.8194862505954908e-06,0.0001973204644215502,0.19007865115886347,0.001973637802690599,0.0001508347084648024,2.752876104453675e-05,0.0018644177861053097,0.21295213772277594,3.451415947249497e-05,6.0579167565455974e-05,0.01058857947312255,0.030310026290802553,0.0004983469586063506,0.00020299474580620094,0.0011760150072713618,8.563658326939097e-09,0.055282882249803815,3.458457026575232e-09,0.0005716867909397053,0.0001697529410652172,0.0001873221757113861,2.3429336364717585e-06,4.503425556605132e-08,0.018288923765496748,0.013167864806403534,0.011518230322472709,0.015348170886259805,9.15105017431811e-08,3.1753402796199934e-10,0.01815407460659321,0.0043797092376510905,1.4458972270176258e-05,3.1269926885709574e-06,5.410927536758638e-06,0.007760253691966761,4.8750073515046605e-06,7.219149330347105e-11,6.2237108025270695e-09,0.0020243484424255043
8.308661218040667e-06,0.5048782977982351,3.76,0.0,0.0032663663208586237,0.7503385951740608,0.21780760875392371,0.019172301745941398,0.0007464982672285569,0.03752090989619875,0.17813022388579045,1.6936077682953364e-10,0.30909841767534874,1.8156548520912027e-06,0.0001967324857804639,0.19084950779410295,0.001969553754594542,0.00014989952293126182,2.7375047492027395e-05,0.0018585830894281641,0.21255830177433552,3.4331674214174196e-05,6.03283760649767e-05,0.010580727641199585,0.030360294426187293,0.0004968447706107579,0.0002021693882242955,0.0011712708351126005,8.508911182425312e-09,0.05524761601289683,3.4416808922220653e-09,0.0005634002235640628,0.00016907147463677806,0.0001863633501165505,2.31203837145387e-06,4.4766963041219453e-08,0.01823320646909594,0.01316338137376588,0.011489083183911982,0.015357872432975473,9.145167399318481e-08,3.1613713859978297e-10,0.018208438933754668,0.004373660803851781,1.4446006222693898e-05,3.1126671700243784e-06,5.4095368413840386e-06,0.007827953372563643,4.901903481918551e-06,7.189473948474005e-11,6.192787523900678e-09,0.002034133603367725
8.363220622055082e-06,0.504927674763747,3.76,0.0,0.0032183341971653116,0.7497997498942264,0.21817388771493448,0.0193052577591258,0.0007443700685026066,0.03745991366957201,0.17845040572443513,1.6888763392562513e-10,0.3091039617920529,1.811892487716998e-06,0.00019615181150811064,0.19161782688197776,0.0019655486032661954,0.00014898835952537596,2.7224091103446834e-05,0.0018528749594261275,0.212165907358055,3.415239156072492e-05,6.008191781079254e-05,0.010572688631545835,0.030410254165251498,0.0004953724021279095,0.0002013592252396856,0.0011666133121112686,8.455128253245675e-09,0.05521172519756341,3.4251944652670166e-09,0.0005553885066356911,0.00016840200140841698,0.00018542225672678195,2.2822182322157452e-06,4.450446781819476e-08,0.018178353701122935,0.013158524866996493,0.011460395072155238,0.0153672739189629,9.139182693603904e-08,3.1476331204670604e-10,0.018262113655880437,0.004367547629329121,1.4433516784274364e-05,3.098616752925718e-06,5.408043549729299e-06,0.007895504506622917,4.92877417548783e-06,7.160256783803094e-11,6.162359590557571e-09,0.0020439075802762595
8.417780026069497e-06,0.5049768346313037,3.76,0.0,0.003171121075539529,0.7492630949670531,0.218538810108195,0.019437525078685902,0.000742291125072964,0.03739906526487165,0.17876914857569617,1.684206913238757e-10,0.30910902251001315,1.8081963890054268e-06,0.00019557820492767028,0.1923836414802498,0.00196161832068045,0.00014810035378579853,2.707580098779805e-05,0.001847289002300866,0.21177493463715585,3.3976205168810314e-05,5.9839641346666544e-05,0.010564470511275357,0.03045991089048031,0.0004939286913977451,0.00020056370572302696,0.0011620383514603814,8.402278210027931e-09,0.055175232334236414,3.408984768156773e-09,0.0005476412483065771,0.0001677440812782759,0.00018449816967145826,2.253428216292427e-06,4.424658000806889e-08,0.01812434969583892,0.013153304971266079,0.011432158028364331,0.015376381229804075,9.133099727537458e-08,3.1341178743854214e-10,0.01831511040584147,0.004361375632646984,1.4421482285716957e-05,3.0848316566540337e-06,5.4064542680148895e-06,0.007962905695411407,4.955616220143917e-06,7.131481194321917e-11,6.1324091177235875e-09,0.002053670820822544
8.472339430083912e-06,0.5050257811467851,3.76,0.0,0.003124709587601917,0.748728594710158,0.21890240267900546,0.019569112861036544,0.0007402596765354024,0.037338362578115375,0.17908647925584112,1.679597293902168e-10,0.30911360830154994,1.804563959038996e-06,0.00019501144630342773,0.1931469834779642,0.0019577590903330625,0.00014723466757881408,2.6930091203903382e-05,0.0018418210826052132,0.2113853645155172,3.380301459863863e-05,5.960140401243637e-05,0.010556081029911433,0.030509269809039532,0.0004925125513588575,0.00019978231105380356,0.0011575421659447112,8.350331397455543e-09,0.0551381589860676,3.3930397568799395e-09,0.0005401484557286271,0.00016709730096979718,0.00018359041204380123,2.225625244738903e-06,4.399312227579257e-08,0.01807117889130885,0.013147731130012209,0.011404364261750519,0.01538520003777458,9.126922015171038e-08,3.120818450970508e-10,0.01836744051598889,0.004355150449720547,1.4409882614647237e-05,3.0713025631637355e-06,5.404775341502811e-06,0.008030155653727486,4.982426752435224e-06,7.103131575696496e-11,6.102919318362913e-09,0.0020634237553874626
8.526898834098326e-06,0.5050745179241255,3.76,0.0,0.003079082862255134,0.7481962145319299,0.21926469122590556,0.01970003007006191,0.0007382740603939207,0.03727780361127395,0.17940242365208617,1.6750454122993682e-10,0.30911772735507465,1.800992758422174e-06,0.00019445133126560392,0.19390788367700504,0.0019539672969410013,0.000146390488851655,2.6786880382137408e-05,0.001836467302634648,0.21099717858920525,3.3632724856267016e-05,5.936707125344911e-05,0.010547527633461026,0.030558335961908458,0.0004911229634191267,0.00019901455255791163,0.0011531212413883947,8.299259707891942e-09,0.05510052579787131,3.3773482384731335e-09,0.0005329005204559731,0.00016646127185998845,0.00018269835162859833,2.198768083955872e-06,4.374392875181749e-08,0.01801882593929249,0.013141812552616093,0.011377006147496885,0.015393735816137963,9.120652922030349e-08,3.107728034818997e-10,0.018419115029956273,0.004348877447142962,1.439869907989674e-05,3.0580205938765375e-06,5.403012862951165e-06,0.008097253204662876,5.009203227421865e-06,7.075193275137086e-11,6.073874413132395e-09,0.0020731667980938575
8.581458238112741e-06,0.5051230484524766,3.76,0.0,0.0030342245052027736,0.7476659208727715,0.21962570065226802,0.01983028548248961,0.0007363327048513558,0.03721738646460839,0.17971700676690353,1.6705493168858577e-10,0.3091213875918472,1.7974804926247104e-06,0.000193897669394511,0.19466637186628383,0.0019502395165451158,0.0001455670313290163,2.6646091381134886e-05,0.0018312239837513418,0.21061035910206555,3.346524597851864e-05,5.9136515993970625e-05,0.010538817477791656,0.030607114232346355,0.0004897589718206754,0.0001982599691829453,0.0011487723126845926,8.249036466643068e-09,0.05506235254200116,3.361899796571332e-09,0.0005258882042849629,0.00016583562801223033,0.0001818213970531395,2.1728172701336478e-06,4.349884405159801e-08,0.017967275713410006,0.013135558221716175,0.011350076224375267,0.015401993852144205,9.114295672422583e-08,3.094840164149451e-10,0.018470144713719435,0.004342561734793763,1.438791428894883e-05,3.0449772875882804e-06,5.401172680919594e-06,0.00816419727458936,5.035943391288599e-06,7.047652513518409e-11,6.045259548919996e-09,0.002082900347759661
8.636017642127156e-06,0.5051713761028421,3.76,0.0,0.0029901185796862378,0.7471376811509196,0.21998545501417474,0.019959887693098956,0.0007344341222350723,0.03715710932965694,0.1800302527596134,1.6661071644661493e-10,0.30912459668135345,1.7940250005345652e-06,0.00019335028294648854,0.19542247688931333,0.0019465725070136415,0.00014476353416020168,2.6507650975814346e-05,0.0018260876494393104,0.21022488890498411,3.3300492656042395e-05,5.890961806797777e-05,0.010529957441349436,0.03065560935375368,0.0004884196785360072,0.00019751812538656294,0.0011444923421382266,8.199636327637319e-09,0.05502365816140746,3.3466847241599622e-09,0.0005191026255300454,0.00016522002439222448,0.00018095899431553003,2.1477350362946114e-06,4.3257722391227465e-08,0.017916513315780185,0.01312897690018486,0.011323567192114971,0.01540997925886712,9.107853356304594e-08,3.082148705491946e-10,0.01852054006598138,0.004336208177777867,1.4377512037003348e-05,3.032164579373328e-06,5.3992604079170624e-06,0.00823098688836017,5.062645256406627e-06,7.020496314867392e-11,6.017060725041265e-09,0.002092624788778947
8.69057704614157e-06,0.5052195041342447,3.76,0.0,0.0029467495883446736,0.7466114637124194,0.22034397756488805,0.020088845119766188,0.0007325769029965894,0.037096970482811936,0.1803421849854657,1.661717211982999e-10,0.30912736205543023,1.7906242440801205e-06,0.00019280900570762223,0.19617622670580118,0.001942963198941898,0.0001439792615234489,2.6371489573638887e-05,0.001821055009919251,0.20984075141848083,3.3138383890754804e-05,5.8686263701739176e-05,0.010520954137253046,0.030703825916980235,0.00048710423864335505,0.00019678860921704534,0.0011402784998925301,8.151035178495653e-09,0.05498446081008763,3.3316939628129956e-09,0.0005125352457325193,0.00016461413524908455,0.00018011062365178119,2.1234852419059435e-06,4.302042678937267e-08,0.017866524082299776,0.013122077137790828,0.011297471908570578,0.015417696985994938,9.101328935743996e-08,3.0696478305889026e-10,0.018570311327939248,0.0043298214077375705,1.4367477206532075e-05,3.0195747804622427e-06,5.397281428377547e-06,0.008297621164717118,5.089307078564967e-06,6.993712442496067e-11,5.989264726344016e-09,0.0021023404919371736
8.745136450155986e-06,0.5052674356994731,3.76,0.0,0.002904102456111727,0.7460872377848784,0.22070129079620465,0.020217166008349913,0.0007307597102301262,0.03703696827943268,0.18065282603239813,1.6573778090635772e-10,0.30912969092125786,1.7872762988176068e-06,0.0001922736819625853,0.19692764844783844,0.0019394086869418425,0.00014321350219339993,2.6237540956326896e-05,0.0018161229481689083,0.20945793059833173,3.297884268426245e-05,5.846634504308811e-05,0.010511813924796273,0.03075176837712748,0.0004858118561344741,0.00019607103056718472,0.0011361281462332793,8.103210054069743e-09,0.054944777891123564,3.316919047772606e-09,0.0005061778567976261,0.00016401765264529563,0.00017927579670712834,2.1000333050257483e-06,4.278682834668206e-08,0.01781729358671564,0.013114867277567551,0.011271783386730069,0.015425151829676746,9.09472525100285e-08,3.0573319952940043e-10,0.018619468492484928,0.004323405833576861,1.4357795676364864e-05,3.007200559066188e-06,5.395240906454795e-06,0.008364099311894621,5.115927336182715e-06,6.967289341129311e-11,5.961859062550179e-09,0.002112047815166279
8.7996958541704e-06,0.5053151738504356,3.76,0.0,0.0028621625140681133,0.7455649734346462,0.22105741647695762,0.020344858437420177,0.0007289812746592891,0.03697710114844321,0.18096219775564718,1.6530873912428463e-10,0.30913159027332726,1.7839793453932163e-06,0.0001917441655663161,0.19767676847121626,0.0019359062213141118,0.000142465569077253,2.6105742044419026e-05,0.0018112885072065917,0.20907641090393703,3.282179575409936e-05,5.824975973265089e-05,0.010502542920390885,0.030799441059889195,0.00048454178011048555,0.00019536501958400743,0.0011320388155796645,8.056139057583636e-09,0.05490462609248855,3.302352058271981e-09,0.0005000225685540456,0.00016343028512034067,0.00017845405397957307,2.0773461369380624e-06,4.25568055944742e-08,0.017768807643630095,0.013107355461907647,0.011246494791600715,0.015432348441519923,9.088045026271851e-08,3.045195920271765e-10,0.01866802131288728,0.004316965651635569,1.4348454239337295e-05,2.9950349221208046e-06,5.393143793634244e-06,0.008430420623412023,5.142504711347279e-06,6.941216084405458e-11,5.934831913188622e-09,0.0021217471042449345
8.854255258184815e-06,0.5053627215431475,3.76,0.0,0.002820915484175834,0.7450446415270963,0.22141237568891278,0.02047193032283504,0.0007272403900459061,0.03691736758736952,0.18127032131037385,1.6488444737930904e-10,0.3091330669044824,1.7807316617857968e-06,0.0001912203191073171,0.19842361240235676,0.0019324532000939262,0.00014173479872466613,2.597603268236524e-05,0.0018065488785091034,0.20869617726917558,3.266717327492877e-05,5.803641051278206e-05,0.010493147007980114,0.030846848167470776,0.00048329330132533744,0.0001946702252185289,0.0011280082019883455,8.00980128859903e-09,0.05486402142079205,3.28798557255856e-09,0.0004940617967288265,0.00016285175647426497,0.00017764496250669609,2.055392079226355e-06,4.2330243905302505e-08,0.017721052310566643,0.0130995496384011,0.011221599437005401,0.015439291336824784,9.081290875080923e-08,3.033234573319514e-10,0.018715979310999838,0.00431050485534838,1.4339440527586599e-05,2.983071197920533e-06,5.390994836160068e-06,0.008496584474045757,5.169038072504609e-06,6.915482327182363e-11,5.908172077528345e-09,0.0021314386934488164
8.90881466219923e-06,0.5054100816423882,3.76,0.0,0.0027803474648281533,0.7445262136897294,0.22176618886027508,0.020598389422168416,0.0007255359089803258,0.03685776615777541,0.1815772171824497,1.644647646098041e-10,0.30913412741612384,1.7775316162424243e-06,0.00019070201315302287,0.19916820518128542,0.0019290471614608936,0.00014102055081595763,2.5848355442090468e-05,0.0018019013914506558,0.20831721507551818,3.251490864221688e-05,5.782620487048892e-05,0.01048363184895072,0.03089399378412282,0.00048206574904190635,0.00019398631390167199,0.0011240341460175274,7.964176777127417e-09,0.0548229792331126,3.273812627139926e-09,0.0004882882513300462,0.00016228180465919373,0.00017684811377038811,2.0341408432307027e-06,4.2107034958932444e-08,0.017674013889208338,0.013091457565433569,0.011197090782317086,0.015445984902132037,9.07446530540913e-08,3.0214431531549035e-10,0.0187633517850325,0.004304027244420421,1.4330742944739604e-05,2.9713030196120413e-06,5.388798582273074e-06,0.008562590315973607,5.195526458637889e-06,6.890078262161849e-11,5.881868929006949e-09,0.0021411229061551913
9.017933470228061e-06,0.5055042500882323,3.76,0.0,0.002701194653924971,0.7434949603486498,0.2224704557068594,0.020849499526636183,0.0007222318399298808,0.03673895423544854,0.18218740464440517,1.6363869584661074e-10,0.30913502558339134,1.7712683268305628e-06,0.00018968154108391596,0.20065073383539705,0.001922366843230384,0.00013963917347861786,2.5598880219649336e-05,0.0017928727943522314,0.20756304863309039,3.2217201363153555e-05,5.741487612843617e-05,0.010464265378759755,0.030987516321763702,0.00047967091733227564,0.0001926498866370694,0.0011162477341701692,7.874991951746573e-09,0.054739640664801754,3.2460215845163742e-09,0.00047727508534939453,0.00016116664833560953,0.00017528962188182267,1.9936321893687567e-06,4.1670270795122164e-08,0.017582034210020078,0.0130744447901089,0.011149208118075708,0.015458640984626858,9.060609442819588e-08,2.998351957231404e-10,0.018856376278319743,0.004291035859617531,1.4314253291541862e-05,2.9483292656153372e-06,5.3842814308469415e-06,0.008694126147845314,5.248365235138881e-06,6.840222443438927e-11,5.830292820869017e-09,0.0021604704443336196
9.116140397454009e-06,0.5055883871394726,3.76,0.0,0.0026321471177551802,0.7425730740698036,0.22310056902785083,0.02107347762372927,0.0007193722416696109,0.03663246213431844,0.18273256748984162,1.6290971602567584e-10,0.3091344734296402,1.7657795509733197e-06,0.0001887809070004913,0.20197754815163893,0.0019164931614243398,0.00013844647153740276,2.5380776061824695e-05,0.0017850378899204825,0.20688850883693172,3.195671916047311e-05,5.70545893989439e-05,0.010446480294134614,0.031070831040878336,0.0004775811013234186,0.0001914812930541499,0.0011094143290471393,7.796981632421464e-09,0.05466328143868988,3.221609845131885e-09,0.0004679360544481253,0.00016018996742235057,0.00017392518814646744,1.9593002322177802e-06,4.128767571940202e-08,0.01750157191908279,0.013058228462768327,0.011107373481524553,0.015469220352573398,9.047918079317431e-08,2.97810709120167e-10,0.018938184783010948,0.004279320558398358,1.4300391172667873e-05,2.9282634858487477e-06,5.380096060326276e-06,0.008811963968717449,5.295759688285936e-06,6.796391057876337e-11,5.784997953377279e-09,0.0021778610411298436
9.214347324679956e-06,0.5056719572129782,3.76,0.0,0.002565099207397015,0.7416569471705036,0.22372726011083957,0.02129558414319083,0.0007166150580878854,0.036526378284590204,0.18327404356074348,1.621937643405551e-10,0.30913266789206356,1.7604232464196533e-06,0.000187896510530581,0.20329742906931608,0.001910739093179837,0.00013729834404359488,2.5168470021309854e-05,0.0017774653574993777,0.20621787918365866,3.170296674494052e-05,5.670323422343392e-05,0.010428387675151486,0.03115335717101327,0.0004755501388485215,0.00019034345416968403,0.0011027361339234962,7.721008343495669e-09,0.05458571681516107,3.1977342604627726e-09,0.000459102568792232,0.00015923754879677368,0.0001725950015418073,1.9268310574097452e-06,4.091450046533572e-08,0.01742323053682727,0.013041197244092327,0.01106669633548191,0.015479054901762187,9.035029983679913e-08,2.958347219721476e-10,0.01901823131487623,0.0042676018942356024,1.4287402280200813e-05,2.908744615598956e-06,5.375819857863418e-06,0.008929284485528993,5.342999866675619e-06,6.753496111704767e-11,5.7407157076135245e-09,0.0021952323247405796
9.312554251905903e-06,0.505754974205307,3.76,0.0,0.002499981807074616,0.7407464377133308,0.22435062815631673,0.021515859136677633,0.0007139552813211448,0.03642069612892351,0.18381193161823578,1.6149022768064496e-10,0.30912964164592155,1.755192430368051e-06,0.00018702780936579559,0.20461050172951156,0.0019050944713778406,0.00013619182080353625,2.496170527355359e-05,0.0017701435120326806,0.20555108772642,3.145564750678502e-05,5.636040543216726e-05,0.010410013636277209,0.031235114879607277,0.000473575186640743,0.0001892349187783125,0.0010962045130761065,7.646982365785269e-09,0.05450701647417328,3.174366634623736e-09,0.0004507413641077569,0.0001583082610842754,0.00017129734979874942,1.8960903888438043e-06,4.0550286869763534e-08,0.017346938940146907,0.013023390201380255,0.011027143362027581,0.01548816635404165,9.021956545956316e-08,2.9390509827650934e-10,0.01909656290603319,0.004255896077863694,1.427523993680338e-05,2.8897446573641295e-06,5.37147307313218e-06,0.00904608685071792,5.390084685026458e-06,6.711495387146261e-11,5.697400164674016e-09,0.002212585853024435
9.41076117913185e-06,0.5058374513895052,3.76,0.0,0.0024367288261718262,0.7398414095596516,0.22497076753363865,0.021734341300373914,0.0007113882836183016,0.0363154095222443,0.18434632534103296,1.6079853968210773e-10,0.30912542595270476,1.7500806798451594e-06,0.00018617430534645732,0.20591688647924075,0.0018995501082910676,0.00013512412995427895,2.47602426787331e-05,0.0017630615336487613,0.20488806566348577,3.121448552921963e-05,5.6025727859567065e-05,0.010391382598918905,0.03131612343375155,0.00047165363436026174,0.00018815434577482598,0.0010898116650444986,7.57482006338238e-09,0.054427245283890965,3.1514813996738224e-09,0.00044282147029299604,0.00015740106053514793,0.00017003066486884696,1.8669542597807188e-06,4.019461430589817e-08,0.017272628473462295,0.013004844793265547,0.010988682509766355,0.01549657550615927,9.008708371651796e-08,2.9201985292980745e-10,0.01917322474202995,0.004244217879040312,1.426386191119492e-05,2.8712377586548747e-06,5.3670743863569345e-06,0.009162370773813044,5.437013974485692e-06,6.670349950333957e-11,5.655008941427099e-09,0.002229923105478882
9.508968106357798e-06,0.5059194013729459,3.76,0.0,0.002375277023936755,0.7389417319829393,0.22558776814134107,0.02195106803697002,0.0007089097785215705,0.03621051268889692,0.18487731368568466,1.601181756895438e-10,0.30912005076214044,1.7450820701136238e-06,0.00018533553857029322,0.20721669926403577,0.0018940977038627287,0.00013409268732187318,2.4563858997444923e-05,0.0017562093749947075,0.20422874707698221,3.097922346387263e-05,5.569885316712834e-05,0.010372517413263326,0.031396401260871024,0.00046978307777652674,0.00018710049239169572,0.001083550515200674,7.504443280695361e-09,0.05434646367179426,3.1290552803119476e-09,0.0004353140529896975,0.00015651498136113828,0.00016879350564268862,1.8393082187388002e-06,3.984709524274927e-08,0.017200232896921526,0.012985596945050722,0.010951282935474902,0.015504302300058267,8.995295341795343e-08,2.9017713660021205e-10,0.019248260257760094,0.004232580738707867,1.4253229857884537e-05,2.853200017739442e-06,5.362641015640446e-06,0.009278136472072806,5.483788348184448e-06,6.630023777121731e-11,5.613502795334523e-09,0.002247245489528481
9.607175033583745e-06,0.506000836208011,3.76,0.0,0.002315565848005532,0.7380472793213989,0.2262017157313371,0.022166075513979998,0.0007065157869651902,0.03610600018516708,0.18540498121548848,1.594486485013507e-10,0.30911354480296455,1.7401911219370818e-06,0.0001845110824168273,0.20851005197057215,0.0018887297623586966,0.0001330950859563569,2.437234535806362e-05,0.0017495776811192027,0.20357306870226352,3.074962070577615e-05,5.5379457095058845e-05,0.01035343947010275,0.03147596600360972,0.00046796129568699233,0.00018607220402228975,0.0010774146244484277,7.435778824416687e-09,0.054264727963150135,3.107067010517861e-09,0.00042819226577268076,0.00015564912740244387,0.00016758454321314406,1.8130465947605328e-06,3.950737147506164e-08,0.017129688328105824,0.012965681119444817,0.010914914947893409,0.015511365884621577,8.981726667793756e-08,2.883752226407019e-10,0.019321711226357178,0.004220996872000436,1.4243308832898893e-05,2.8356093093769498e-06,5.358188815199846e-06,0.009393384624911665,5.530409080379812e-06,6.590483435117949e-11,5.57284528672005e-09,0.00226455434614607
9.705381960809692e-06,0.5060817673956247,3.76,0.0,0.002257537285096428,0.7371579306645814,0.2268126922016486,0.022379398718711502,0.0007042026075733722,0.03600186686640916,0.18592940840166092,1.5878950469815574e-10,0.30910593566409195,1.7354027558215278e-06,0.00018370053935149456,0.20979705272678292,0.001883439516486828,0.0001321290858991276,2.418550592731681e-05,0.0017431577199975923,0.202920969723707,3.052545181376298e-05,5.506723707217772e-05,0.010334168803772492,0.03155483456967187,0.00046618623004175257,0.0001850684053738953,0.001071398111450746,7.3687580112781265e-09,0.05418209069060146,3.0854970934669483e-09,0.00042143111212495385,0.00015480266491695299,0.00016640254827471514,1.7880718169969198e-06,3.917511091245138e-08,0.01706093317880348,0.01294513038312954,0.010879549953645816,0.015517784670199656,8.968010941666127e-08,2.866124957146069e-10,0.019393617841904173,0.004209477363033679,1.4234066882540782e-05,2.8184451253124413e-06,5.353732364826967e-06,0.009508116331766367,5.576878002848219e-06,6.551697812897144e-11,5.533002488923352e-09,0.0022818509548944385
9.80358888803564e-06,0.5061622059403592,3.76,0.0,0.0022011357231531826,0.7362735695709298,0.22742077586019357,0.02259107150998792,0.0007019667907254818,0.03589810785833168,0.18645067189855627,1.5814032130597112e-10,0.3090972498670912,1.7307122522779964e-06,0.0001829035374317172,0.21107780616397132,0.0018782208586515911,0.00013119260423436981,2.400315672433063e-05,0.0017369413225552606,0.20227239159444813,3.0306505109841537e-05,5.476191014373091e-05,0.010314724186613616,0.031633023177016786,0.00046445596894325843,0.00018408809280190722,0.001065495586855657,7.303316265866347e-09,0.05409860087668688,3.064327594958592e-09,0.0004150073169206047,0.00015397481636661756,0.00016524638040961223,1.7642937866964679e-06,3.8850004806189735e-08,0.01699390808805578,0.012923976469364638,0.01084516040549735,0.015523576376650673,8.954156181943633e-08,2.8488744159195785e-10,0.019464018796333516,0.004198032251938698,1.4225474698365272e-05,2.80168842976583e-06,5.349285059196537e-06,0.00962233307324381,5.623197420584452e-06,6.513637880036922e-11,5.4939427346387715e-09,0.0022991365384384507
9.901795815261587e-06,0.506242162377007,3.76,0.0,0.0021463078234243873,0.7353940838108933,0.22802604166424137,0.022801126666890405,0.0006998051156645541,0.03579471853167097,0.18696884479645018,1.5750070297429254e-10,0.30908751293153275,1.7261152170702156e-06,0.00018211972734906011,0.21235241364857393,0.001873068278577996,0.00013028370548069272,2.3825124589219007e-05,0.001730920830176354,0.2016272778755925,3.009258145899027e-05,5.446321115318863e-05,0.010295123215942385,0.031710547395139975,0.0004627687318915139,0.00018313032758874402,0.0010597020969043158,7.23939277036156e-09,0.054014304292922415,3.04354196728856e-09,0.0004088992066387596,0.00015316485499046226,0.0001641149788396526,1.7416292968558797e-06,3.853176536416224e-08,0.016928555853217772,0.012902249837061407,0.010811719753072891,0.015528758076176966,8.940169875801186e-08,2.8319863823418307e-10,0.019532951351293872,0.00418667061507189,1.4217505318483815e-05,2.785321530403366e-06,5.3448591909010404e-06,0.009736036675232679,5.669370037787533e-06,6.476276482013012e-11,5.455636396498196e-09,0.0023164122666174307
9.999999999999997e-06,0.5063216468040994,3.76,0.0,0.0020930038692100806,0.734519389493414,0.22862854465070026,0.023009590134955595,0.0006977146275631081,0.035691697351667565,0.18748398250997833,1.568702970450272e-10,0.3090767497489791,1.721607675413164e-06,0.00018134880123978585,0.21362093814701721,0.001867976948093103,0.0001294006166793566,2.3651251087280854e-05,0.0017250892086758546,0.2009855919647156,2.988349898407588e-05,5.4170899213138234e-05,0.010275382947318378,0.03178742004510277,0.0004611229022424449,0.00018219425585718277,0.0010540132320977415,7.176931880591905e-09,0.05392924608366846,3.0231254647309856e-09,0.0004030867561055045,0.0001523721219326402,0.0001630073849760473,1.7200020861496817e-06,3.8220132316327746e-08,0.01686482311790248,0.01287998035586169,0.010779203291478188,0.015533346111849214,8.926059413556573e-08,2.815447937788972e-10,0.019600449540225787,0.004175400952431385,1.4210134064077717e-05,2.769328402219785e-06,5.340466145044081e-06,0.009849226121885756,5.715397607145079e-06,6.439589181979803e-11,5.4180567377296756e-09,0.002333678778059512
1.0000002742487534e-05,0.5063216468040994,3.76,0.0,0.002093002401419497,0.7345193651319473,0.22862856143873422,0.023009595934731036,0.0006977145701498103,0.03569169447971945,0.18748399685435868,1.568702795651747e-10,0.3090767494342912,1.721607550745404e-06,0.00018134877988726895,0.21362097348876927,0.0018679768067211072,0.00012940059236210495,2.36512462881671e-05,0.001725089048390708,0.20098557409186807,2.9883493211002213e-05,5.417089113677843e-05,0.010275382394237809,0.03178742218294506,0.00046112285684319124,0.00018219423001081717,0.0010540130746469107,7.176930156171606e-09,0.053929243698011026,3.023124899583353e-09,0.0004030865977327216,0.00015237210002868175,0.0001630073543682002,1.720001495981034e-06,3.8220123703285544e-08,0.016864821360167166,0.01287997972663117,0.010779202396070936,0.015533346231838122,8.926059017825216e-08,2.8154474806858766e-10,0.019600451405529264,0.004175400639060734,1.4210133866355536e-05,2.7693279606569343e-06,5.340466022916851e-06,0.009849229275744319,5.7153988905513926e-06,6.439588166608378e-11,5.418055698151062e-09,0.002333679260138849
1.0098209669713482e-05,0.5064006689103571,3.76,0.0,0.0020411703158842174,0.7336493090428928,0.22922840407588052,0.02321651006845811,0.000695692332299444,0.03558903149832981,0.18799619471484172,1.562487038057089e-10,0.3090649830635856,1.7171854216870534e-06,0.00018059038372626594,0.21488358111950706,0.001862941962899199,0.00012854159697691864,2.3481367681914667e-05,0.0017194392059320354,0.20034722760170068,2.967906322668667e-05,5.38847158996714e-05,0.010255517203181477,0.03186366192358779,0.0004595167888225653,0.00018127897407772223,0.0010484242975502501,7.115874221565531e-09,0.05384345905721639,3.003062183452843e-09,0.0003975506925998217,0.0001515959125046873,0.0001619225823283838,1.6993393926059324e-06,3.7914828008187206e-08,0.016802651513334075,0.012857194212853754,0.010747583639884086,0.01553735673236421,8.911830145744463e-08,2.79924510755348e-10,0.019666553558194133,0.004164229689225222,1.4203337325496477e-05,2.7536923720182958e-06,5.336115862051352e-06,0.009961913294254068,5.7612872916674645e-06,6.403549020370117e-11,5.381174542302799e-09,0.0023509385939380067
1.0196416596939429e-05,0.5064792380010307,3.76,0.0,0.0019907643651928147,0.7327838146156852,0.22982563571766526,0.023421898873652255,0.0006937357543960334,0.035486725568142294,0.18850550210217376,1.5563564931421467e-10,0.3090522366682775,1.7128452422179921e-06,0.00017984424356014275,0.21614032926825485,0.0018579597097111216,0.00012770517237167185,2.3315342992974923e-05,0.0017139649184970977,0.19971218748020503,2.9479124016037762e-05,5.3604464753127154e-05,0.01023554217201461,0.03193928045655804,0.00045794906992870554,0.00018038378286883947,0.0010429318507401393,7.056173683672292e-09,0.05375698774434545,2.98334059691412e-09,0.0003922739827109418,0.0001508356915031744,0.0001608597964246786,1.6795773979075808e-06,3.7615641924499125e-08,0.016741995165932184,0.012833920254943839,0.010716839653521036,0.015540804923669205,8.89748937335093e-08,2.783367367961403e-10,0.019731291168394356,0.004153164372769998,1.4197094343722304e-05,2.738400438375831e-06,5.331818128731904e-06,0.010074091403390044,5.807038783408106e-06,6.368136527436212e-11,5.344968359191211e-09,0.0023681913002336235
1.0294623524165376e-05,0.5065573630211708,3.76,0.0,0.0019417391905624192,0.7319227843030248,0.23042031992292833,0.023625791245265527,0.0006918423484316608,0.03538477283877876,0.18901198000527178,1.5503080899886384e-10,0.30903853230294226,1.7085836474576927e-06,0.0001791100784884333,0.2173913081037963,0.001853026410323492,0.00012688988452381404,2.3153034183922776e-05,0.001708660156583585,0.19908040441360272,2.9283517004744504e-05,5.33299293932166e-05,0.010215470940669004,0.03201429110726182,0.00045641833055854705,0.00017950792439637209,0.0010375320951260898,6.997779959161146e-09,0.0536698647277808,2.963947808021252e-09,0.00038724015845403837,0.00015009087088081803,0.00015981818334971775,1.6606549037603764e-06,3.732234320285337e-08,0.016682803050794056,0.012810183743994796,0.010686947429746322,0.015543705637453846,8.883042420840344e-08,2.76780302153505e-10,0.019794696411237846,0.004142210597147924,1.4191385060866566e-05,2.7234387691746425e-06,5.327581414991367e-06,0.010185766502818468,5.852657092798722e-06,6.333329455820431e-11,5.309413978856234e-09,0.002385438371309945
1.0392830451391324e-05,0.5066350525774933,3.76,0.0,0.0018940511855002813,0.73106612376991,0.2310125178206766,0.023828215204250745,0.0006900097731593511,0.03528316961474643,0.18951568684677864,1.5443389334934983e-10,0.3090238912692299,1.7043974765730808e-06,0.00017838762062760832,0.21863660537047203,0.0018481387902364206,0.00012609440473585406,2.2994310361982114e-05,0.001703519216941141,0.19845183060374386,2.909209184386183e-05,5.3060912901583446e-05,0.010195316318116354,0.03208870671436225,0.00045492328165084564,0.00017865070792090495,0.0010322216396381413,6.940646961635019e-09,0.05358212274201256,2.9448722859476807e-09,0.0003824340252498273,0.0001493609163464194,0.00015879697805354332,1.6425158936164775e-06,3.703472245271523e-08,0.01662502771223096,0.012786009547982681,0.01065788474736865,0.015546073217293033,8.868494642807397e-08,2.7525414301909063e-10,0.01985680033068296,0.004131373623997739,1.4186190959325783e-05,2.7087948290265363e-06,5.323413543725179e-06,0.010296941695143605,5.898146094503603e-06,6.299107743489785e-11,5.2744895130951925e-09,0.0024026807620566126
1.0491037378617271e-05,0.5067123149582269,3.76,0.0,0.0018476584109308107,0.7302137417375194,0.2316022882511651,0.024029197932224293,0.0006882358224361071,0.03518191234282096,0.19001667863960822,1.538446289940269e-10,0.3090083341539807,1.7002837560053615e-06,0.00017767661390027126,0.21987630651000079,0.0018432939026484768,0.00012531750243973246,2.2839047240239138e-05,0.0016985366970284157,0.19782641968133932,2.8904705780781345e-05,5.279722885006969e-05,0.010175090336356768,0.0321625396551204,0.0004534627077901233,0.00017781148065102554,0.001026997316885208,6.88473092315999e-09,0.05349379244602975,2.926103222204021e-09,0.0003778414255051282,0.0001486453228550815,0.00015779545955672635,1.6251085836580555e-06,3.675258202545885e-08,0.016568623439266,0.012761421554503905,0.010629630135594571,0.0155479215425633,8.853851054108238e-08,2.73757251082712e-10,0.019917632889453873,0.004120658119037671,1.4181494734059098e-05,2.694456866495925e-06,5.319321627813041e-06,0.010407620263666668,5.943509781392234e-06,6.265452397116287e-11,5.2401742476318566e-09,0.002419919392294918
1.0589244305843218e-05,0.5067891581513557,3.76,0.0,0.0018025205155307146,0.7293655498381291,0.2321896878959925,0.024228765804296826,0.0006865184146959514,0.0350809976007232,0.19051500913205174,1.5326275765945444e-10,0.3089918808644674,1.6962396844053522e-06,0.00017697681297886527,0.22111049477250447,0.0018384890970735944,0.00012455803840486645,2.2687126696694692e-05,0.0016937074719854254,0.19720412662676962,2.8721223137909627e-05,5.253870049548244e-05,0.01015480430042031,0.03223580186893546,0.0004520354610593536,0.00017698962477676622,0.0010218561617167706,6.829990232013159e-09,0.053404902569718644,2.9076304676055537e-09,0.00037344916600357713,0.0001479436122747017,0.0001568129472286046,1.6083850918895264e-06,3.6475735092208695e-08,0.016513546200456926,0.01273644271139602,0.010602162840343307,0.015549264050483,8.839116353773055e-08,2.722886697542899e-10,0.019977223016245924,0.0041100681982437146,1.417728017616251e-05,2.6804138501819586e-06,5.3153121163066124e-06,0.010517805651882655,5.988752235296468e-06,6.232345417650427e-11,5.206448552988394e-09,0.0024371551489131725
1.0687451233069166e-05,0.5068655898615974,3.76,0.0,0.0017585986608745796,0.7285214624800516,0.23277477139822117,0.024426944420192564,0.0006848555834311583,0.03498042208694729,0.19101072994237348,1.5268803487375572e-10,0.30897455066105134,1.6922626191080963e-06,0.00017628798236368526,0.2223392513179609,0.001833721990904747,0.0001238149583392294,2.253843633595827e-05,0.0016890266739772134,0.1965849076978345,2.8541514809877765e-05,5.22851600539057e-05,0.010134468834711865,0.03230850487924339,0.0004506404555503873,0.00017618455479885884,0.0010167953923086916,6.776385281470199e-09,0.053315480049241894,2.8894444712897985e-09,0.0003692449503678551,0.00014725533129163535,0.00015584879747365866,1.5923011330694859e-06,3.62040047681221e-08,0.016459753580424022,0.01271109506537032,0.010575462792406887,0.015550113756473902,8.824294947132218e-08,2.7084749027562577e-10,0.020035598650409592,0.004099607470595142,1.4173532069458208e-05,2.6666554085690556e-06,5.311390841102174e-06,0.010627501444573764,6.033877600948418e-06,6.199769717879152e-11,5.173293801210335e-09,0.0024543888878292915
1.0785658160295113e-05,0.5069416175261705,3.76,0.0,0.0017158554510371892,0.7276813967217071,0.2333575914734153,0.024623758633766014,0.0006832454685744468,0.03488018261161909,0.19150389068372992,1.5212022883256813e-10,0.30895636218750194,1.6883500639627802e-06,0.0001756098955736574,0.22356265530914043,0.001828990443655135,0.0001230872868709966,2.239286907404283e-05,0.0016844896736055172,0.1959687203636982,2.8365457783474106e-05,5.203644804560853e-05,0.010114093925990005,0.0323806598139134,0.0004492766624482589,0.00017539571512006346,0.00101181239345748,6.723878340647996e-09,0.053225550152274065,2.8715362240630135e-09,0.00036521731625423947,0.00014658004952724252,0.000154902400776784,1.5768157375509116e-06,3.593722329405655e-08,0.01640720471816168,0.012685399798774019,0.010549510577347182,0.01555048327302259,8.80939096629165e-08,2.6943284803938575e-10,0.02009278678428291,0.004089279077643883,1.4170236100727639e-05,2.653171776461119e-06,5.307563067464502e-06,0.010736711350378281,6.078890067343518e-06,6.167709044551128e-11,5.14069228582664e-09,0.002471621435796576
1.088386508752106e-05,0.5070172483292222,3.76,0.0,0.0016742548663181288,0.7268452721539761,0.23393819901243662,0.024819232581020062,0.000681686308681274,0.034780276088264464,0.19199453908019892,1.5155911977726733e-10,0.3089373334992141,1.6844996583563694e-06,0.00017494233443510757,0.2247807839970215,0.001824292533627422,0.0001223741218975124,2.225032282124568e-05,0.0016800920630010735,0.19535552324420283,2.8192934759289928e-05,5.179241270298482e-05,0.010093688963248724,0.03245227742427624,0.0004479431056192653,0.00017462257786883,0.0010069047017866315,6.672433430010178e-09,0.053135136593912315,2.8538972169990118e-09,0.00036135557695778477,0.0001459173578415494,0.00015397317906006036,1.5618909922063296e-06,3.567523139889937e-08,0.016355860247212535,0.012659377264594249,0.010524287407036743,0.015550384827203993,8.794408289086406e-08,2.6804391995618773e-10,0.02014881350332846,0.004079085730151736,1.4167378779612351e-05,2.6399537478887482e-06,5.303833530961642e-06,0.010845439185750209,6.123793849174942e-06,6.136147931558755e-11,5.108627157922341e-09,0.0024888535920678167
1.0982072014747007e-05,0.5070924892153287,3.76,0.0,0.0016337622007794172,0.7260130107900621,0.23451664317677334,0.025013389706721807,0.0006801764338179571,0.03468069952638039,0.1924827210746483,1.5100449899203587e-10,0.3089174820895409,1.680709167281524e-06,0.00017428508845519463,0.22599371279958935,0.001819626536781561,0.00012167462928764082,2.2110700158127192e-05,0.0016758296405508333,0.19474527605413422,2.802383378424269e-05,5.155290943364208e-05,0.01007326277475759,0.032523368102907096,0.0004466388576407499,0.0001738646409268981,0.001002069992595165,6.6220162031808385e-09,0.0530442616440276,2.8365193993924543e-09,0.00035764976712305543,0.00014526686680079275,0.00015306058330858175,1.5474918017277663e-06,3.5417877679084535e-08,0.016305682237764522,0.012633047019809851,0.010499775092752404,0.01554983027701611,8.779350556645175e-08,2.6667992155521506e-10,0.02020370402422251,0.004069029742023841,1.416494736580445e-05,2.6269926311033944e-06,5.300206472878021e-06,0.010953688860194608,6.168593168099162e-06,6.105071639810875e-11,5.0770823672782424e-09,0.00250608612993165
1.1080278941972955e-05,0.5071673469021042,3.76,0.0,0.00159434400331926,0.7251845369621924,0.2350929714870827,0.025206252789704224,0.0006787142590754701,0.034581450024723515,0.1929684809291045,1.5045616782525624e-10,0.30889682491441617,1.676976472303531e-06,0.0001736379542648115,0.22720151537477404,0.0018149909075938142,0.00012098803792263612,2.1973908001143398e-05,0.0016716983970752426,0.19413793955193356,2.7858047870693724e-05,5.131780033116367e-05,0.010052823662490424,0.032593941900269124,0.0004453630362147428,0.00017312142613471455,0.000997306068124441,6.572593856675934e-09,0.05295294622675289,2.819395135496123e-09,0.0003540905922743623,0.00014462820528678987,0.00015216409143060282,1.5335856687122661e-06,3.516501796859389e-08,0.016256634140695937,0.012606427857188095,0.010475956019727081,0.015548831126654963,8.764221189672641e-08,2.65340103956407e-10,0.020257482731032502,0.004059113061746206,1.4162929805110216e-05,2.614280207777751e-06,5.296685683821451e-06,0.01106146436266871,6.213292240907813e-06,6.074466092026268e-11,5.046042600910943e-09,0.002523319798133327
1.1178485869198902e-05,0.5072418278917048,3.76,0.0,0.0015559680220299601,0.724359777224579,0.2356672299055377,0.025397843966937825,0.0006772982786485452,0.034482524765235334,0.1934518613182075,1.499139373983817e-10,0.30887537841543056,1.6732995633550372e-06,0.0001730007351228786,0.22840426368815495,0.0018103842617160503,0.00012031363505981107,2.1839857370103748e-05,0.0016676945030969048,0.19353347549218944,2.7695474713594756e-05,5.1086953729190985e-05,0.010032379434146772,0.03266400854031144,0.0004441148009211839,0.00017239247765705358,0.0009926108470646956,6.524135031581219e-09,0.052861210012723876,2.802517177308556e-09,0.00035066938189978535,0.00014400101923335592,0.0001512832063240926,1.520142491065859e-06,3.4916514887991316e-08,0.016208680733569403,0.012579537835614985,0.01045281312307212,0.015547398540832296,8.749023403543537e-08,2.640237520687389e-10,0.02031017320960019,0.004049337301515415,1.416131467306615e-05,2.601808698179251e-06,5.293274533937758e-06,0.011168769749089074,6.2578952685527195e-06,6.044317845987962e-11,5.015493235314612e-09,0.002540555322190321
1.127669279642485e-05,0.5073159384816548,3.76,0.0,0.0015186031516129872,0.7235386602621403,0.23623946291250303,0.025588184756449996,0.0006759270604240537,0.034383921007534575,0.19393290341628222,1.4937762783459198e-10,0.30885315854149525,1.6696765312818625e-06,0.00017237324047625043,0.2296020280759633,0.0018058053602646878,0.0001196507620029715,2.1708463151090914e-05,0.0016638142972539142,0.19293184658171536,2.7536016424211568e-05,5.086024379492638e-05,0.010011937432957536,0.03273357743510616,0.00044289335027450805,0.00017167736049357677,0.0009879823551531195,6.476609712676747e-09,0.052769071504629214,2.785878635986314e-09,0.00034737804584238015,0.00014338497047759665,0.00015041745412638693,1.5071343753829074e-06,3.467223740681351e-08,0.016161788068557587,0.01255239430904047,0.010430329864985764,0.015545543358223337,8.733760222311242e-08,2.6273018246489163e-10,0.02036179828023759,0.004039703764231749,1.4160091122887175e-05,2.5895707276087155e-06,5.289975998189524e-06,0.011275609130858455,6.302406422347293e-06,6.014614051738629e-11,4.98542029519421e-09,0.0025577934056119837
1.1374899723650797e-05,0.5073896847750924,3.76,0.0,0.0014822193836476034,0.7227211168045211,0.23680971357801447,0.025777296079160184,0.0006745992410216214,0.03428563608392466,0.1944116469785128,1.4884706731178443e-10,0.30883018076920593,1.666105561010748e-06,0.00017175528556459554,0.23079487730385223,0.0018012530955897885,0.00011899881006377631,2.1579643815230648e-05,0.0016600542758162579,0.19233301643896197,2.73795792170351e-05,5.063755015669271e-05,0.009991504565449168,0.03280265769859874,0.0004416979190474549,0.00017097565911612902,0.0009834187167338101,6.429989171547431e-09,0.05267654811658804,2.7694729462876035e-09,0.00034420903376865687,0.00014277973571158258,0.00014956638262620295,1.494535465060477e-06,3.443206033197024e-08,0.016115923422269817,0.01252501395411492,0.010408490213164943,0.01554327610412748,8.718434491709598e-08,2.614587407201917e-10,0.02041238002884026,0.004030213468513307,1.4159248838513662e-05,2.5775592948517717e-06,5.286792694150339e-06,0.011381986664313897,6.346829836264212e-06,5.985342391183747e-11,4.955810405056018e-09,0.002575034731031544
1.1473106650876744e-05,0.5074630726900622,3.76,0.0,0.0014467877595193905,0.7219070795449938,0.23737802362850044,0.025965198279697704,0.0006733135212446278,0.0341876673948596,0.19488813041667027,1.4832209204815898e-10,0.30880646012202606,1.6625849253001824e-06,0.0001711466910651475,0.23198287862186498,0.0017967264783833885,0.00011835721679839337,2.1453321243441583e-05,0.001656411082924958,0.19173694955615936,2.7226073189950574e-05,5.041875756242419e-05,0.00997108732731864,0.03287125815954094,0.0004405277758346525,0.00017028697622055894,0.0009789181471629815,6.3842458900854364e-09,0.05258365624782765,2.753293848784145e-09,0.0003411552974989791,0.00014218500552430762,0.0001487295598191555,1.4823217819882572e-06,3.419586398048677e-08,0.016071055247452663,0.012497412796588373,0.01038727862035008,0.015540607002411395,8.703048891214645e-08,2.602088002236132e-10,0.02046193983650909,0.0040208671718788185,1.4158777993772635e-05,2.565767746148979e-06,5.283726907898199e-06,0.011487906541055,6.391169601451875e-06,5.956491066447239e-11,4.9266507516207855e-09,0.002592279961258093
1.1571313578102691e-05,0.5075361079682547,3.76,0.0,0.0014122803258295098,0.7210964830638561,0.2379444335091374,0.026151911146265666,0.000672068661905637,0.034090012404813505,0.1953623908698067,1.4780254575144547e-10,0.3087820111883906,1.6591129790521716e-06,0.0001705472827755879,0.23316609781598255,0.00179222462599806,0.00011772546250408015,2.1329420560595682e-05,0.0016528815016208234,0.19114361126407114,2.7075412138507916e-05,5.0203755566820014e-05,0.009950691827565703,0.03293938737367002,0.00043938222083194067,0.00016961093158373913,0.0009744789459566903,6.339353462362922e-09,0.052490411351093835,2.737335372000962e-09,0.0003382102559986169,0.00014160048352611655,0.00014790657259052613,1.4704710807453116e-06,3.3963533885586835e-08,0.016027153126532218,0.01246960623653915,0.010366680004936391,0.015537545986794913,8.687605945253265e-08,2.5897976072887814e-10,0.020510498407764515,0.004011665392235468,1.4158669215034818e-05,2.554189750398068e-06,5.280780610174793e-06,0.011593372979090353,6.435429755893226e-06,5.9280487728421e-11,4.897929055748357e-09,0.002609529740255468
1.1669520505328639e-05,0.5076087961834223,3.76,0.0,0.001378670092128238,0.720289263755998,0.2385089824421934,0.02633745392960419,0.0006708634799831105,0.033992668638521815,0.19583446427029164,1.4728827859289203e-10,0.30875684813880394,1.655688154059052e-06,0.00016995689132626385,0.2343445992565684,0.0017877467518659011,0.0001171030669607367,2.120786988991577e-05,0.0016494624457566696,0.19055296769930902,2.6927513291571856e-05,4.999243824282769e-05,0.009930323811020667,0.033007053635191,0.00043826058380281045,0.00016894716101146135,0.0009700994905957258,6.29528656740198e-09,0.05239682799620005,2.7215918008825546e-09,0.0003353677628423047,0.0001410258855441565,0.00014709702551161474,1.4589627143230446e-06,3.373496035945631e-08,0.015984187726946826,0.01244160907249414,0.010346679732579588,0.015534102711538982,8.672108033620219e-08,2.577710458427432e-10,0.020558075797438104,0.004002608427795507,1.4158913546286923e-05,2.5428192744406683e-06,5.277955488916541e-06,0.011698390214708827,6.479614279157066e-06,5.900004637111221e-11,4.869633533987074e-09,0.002626784694054158
1.1767727432554586e-05,0.5076811427489648,3.76,0.0,0.001345930990823571,0.7194853597623272,0.23907170848167758,0.026521845361106248,0.0006696968450797583,0.03389563367755684,0.19630438540553605,1.4677914742502687e-10,0.30873098474201555,1.652308954154627e-06,0.00016937535191782418,0.23551844594399335,0.00178329215591354,0.00011648958640283054,2.108860021325769e-05,0.001646150952391827,0.18996498577364185,2.678229712937111e-05,4.978470391550379e-05,0.009909988679383037,0.03307426498761161,0.00043716222221441636,0.0001682953153690499,0.0009657782309154535,6.252020916791545e-09,0.05230291992907767,2.706057664813219e-09,0.00033262207597816194,0.0001404609388824477,0.000146300539737675,1.4477775104610206e-06,3.3510038241849915e-08,0.015942130758222463,0.012413435524498624,0.01032726359873646,0.01553028656158225,8.656557401146823e-08,2.5658210226610524e-10,0.020604691436313903,0.0039936963755367256,1.4159502418424265e-05,2.5316505631911823e-06,5.275252973107172e-06,0.01180296249504789,6.52372709108438e-06,5.872348216800591e-11,4.841752866887603e-09,0.0026440454316016917
1.1865934359780533e-05,0.507753152925018,3.76,0.0,0.0013140378391236199,0.7186847109047801,0.23963264856458527,0.02670510367013882,0.0006685676761623936,0.03379890515719322,0.19677218797571777,1.462750154836215e-10,0.30870443438035206,1.6489739508049894e-06,0.0001688025040862594,0.23668769955169905,0.0017788602158751447,0.00011588461070753931,2.0971545266989014e-05,0.0016429441747072343,0.18937963314520523,2.6639687264413287e-05,4.958045491770762e-05,0.009889691510879633,0.0331410292339769,0.00043608651953227833,0.00016765505969117408,0.0009615136840156371,6.20953314452386e-09,0.05220870012665484,2.6907277292800512e-09,0.0003299678296287987,0.00013990538164371452,0.00014551675199704972,1.4368976577559405e-06,3.328866672816095e-08,0.015900954930746346,0.012385099256189826,0.01030841781208874,0.015526106662164169,8.64095616669582e-08,2.5541239900783774e-10,0.02065036415558314,0.003984929148313836,1.4160427622078003e-05,2.5206781215830767e-06,5.2726742408492175e-06,0.011907094071321749,6.5677720438565015e-06,5.845069489943975e-11,4.8142761807782355e-09,0.0026613125455565443
1.196414128700648e-05,0.5078248318254492,3.76,0.0,0.0012829663028923485,0.7178872586246727,0.24019183855900023,0.026887246600610586,0.0006674749385495693,0.033702480763545616,0.19723790464780125,1.4577575117799293e-10,0.30867721006425436,1.6456817790189204e-06,0.00016823819148807247,0.23785242046691438,0.0017744503794246617,0.00011528776078568077,2.08566413222363e-05,0.0016398393756746129,0.18879687819174998,2.6499610215923555e-05,4.9379597363585134e-05,0.009869437078652583,0.033207353946547065,0.0004350328836514214,0.00016702607235864018,0.0009573044296343811,6.167800804438434e-09,0.05211418084788182,2.675596966013206e-09,0.00032740000817891804,0.00013935896210317468,0.00014474531366253794,1.4263066007783255e-06,3.307074898058756e-08,0.01586063391617844,0.012356613395924998,0.010290128978789323,0.015521571887978359,8.625306331532572e-08,2.5426142485594913e-10,0.020695112210182595,0.0039763064907173944,1.4161681281748534e-05,2.509896695085163e-06,5.270220246585858e-06,0.012010789192618799,6.611752917931551e-06,5.818158786749862e-11,4.787193017717742e-09,0.002678586613030065
1.2062348214232428e-05,0.5078961844241285,3.76,0.0,0.0012526928623020116,0.7170929459241542,0.24074931330929558,0.027068291426827963,0.0006664176411232643,0.03360635823095436,0.19770156710611894,1.4528122849131346e-10,0.30864932444607285,1.6424311335277296e-06,0.0001676822617014592,0.23901266782922626,0.0017700621570514296,0.00011469868616255942,2.074382706245501e-05,0.0016368339220630196,0.1882166899853835,2.6361995245785643e-05,4.9182040938024954e-05,0.009849229867966538,0.03327324647595661,0.0004340007454491648,0.00016640804433491977,0.0009531491059377855,6.126802351709329e-09,0.0520193736811894,2.6606605437507112e-09,0.0003249139219090202,0.00013882143812848224,0.00014398588989660217,1.4159889434804558e-06,3.2856191913520955e-08,0.0158211423094469,0.01232799055701208,0.010272384087480569,0.015516690871891304,8.609609787094789e-08,2.531286878710048e-10,0.020738953301076966,0.003967827993771308,1.416325583208335e-05,2.499301254001586e-06,5.267891744997694e-06,0.012114052100246778,6.655673424156601e-06,5.7916067958857384e-11,4.760493306807607e-09,0.002695868196280528
1.2160555141458375e-05,0.5079672155606904,3.76,0.0,0.0012231947791667677,0.7163017173105566,0.24130510667865357,0.027248254968684365,0.000665394833756199,0.033510535339580295,0.19816320609976346,1.4479132701163305e-10,0.3086207898331982,1.6392207653180824e-06,0.00016713456604814083,0.24016849956719571,0.0017656951156026783,0.00011411706273631176,2.0633043534882134e-05,0.0016339252787410674,0.18763903826865908,2.6226774295628973e-05,4.898769870327373e-05,0.009829074092314104,0.03333871395989005,0.0004329895574563076,0.0001658006784636988,0.0009490464056795639,6.086517006128171e-09,0.051924289588631045,2.645913829297251e-09,0.0003225051844442237,0.00013829257664686162,0.00014323815886295826,1.405930360232818e-06,3.264490613299447e-08,0.01578245559228481,0.012299242857087646,0.010255170495047794,0.015511472013249952,8.593868322228458e-08,2.5201371531921215e-10,0.02078190459653339,0.003959493108554545,1.4165143997485952e-05,2.488886980567087e-06,5.265689292194427e-06,0.012216887022613991,6.699537197621954e-06,5.765404574198022e-11,4.734167353068597e-09,0.0027131578433631167
1.2258762068684322e-05,0.508037929946398,3.76,0.0,0.0011944500658635042,0.7155135187434541,0.241859251589101,0.027427153606215164,0.0006644056049277181,0.0334150099131983,0.19862285148701544,1.443059304364012e-10,0.3085916182005493,1.6360494784132051e-06,0.00016659495942923387,0.24131997243316347,0.0017613488724361136,0.00011354259070209296,2.052423395288373e-05,0.0016311110036507073,0.1870638934323355,2.6093881796810127e-05,4.879648691905316e-05,0.009808973708509248,0.03340376333130714,0.0004319987926293578,0.00016520368881716764,0.0009449950726924291,6.04692476431962e-09,0.05182893894696029,2.6313523580227445e-09,0.0003201696917968075,0.0001377721531513733,0.00014250181099851456,1.3961175138910564e-06,3.2436805584013383e-08,0.015744550098245547,0.012270381936684211,0.010238475913056133,0.015505923485811594,8.578083629934236e-08,2.5091605100478826e-10,0.020823982752447037,0.003951301158823105,1.4167338773188772e-05,2.478649253682919e-06,5.263613267033314e-06,0.012319298170556856,6.743347793656412e-06,5.739543467403666e-11,4.708205815180441e-09,0.0027304560887392473
1.235696899591027e-05,0.5081083321694101,3.76,0.0,0.0011664374557497155,0.7147282975842513,0.2424117800592438,0.027605003293549823,0.0006634490795057396,0.033319779817179304,0.1990805322770182,1.4382492708292843e-10,0.3085618212024571,1.6329161268200125e-06,0.00016606330017005086,0.2424671420363862,0.0017570230901291178,0.00011297499263106206,2.0417343574490728e-05,0.0016283887430482737,0.18649122649429814,2.5963254507693243e-05,4.8608324873738066e-05,0.009788932430840612,0.03346840132624836,0.0004310279432106344,0.00016461680008690422,0.000940993898680609,6.008006432778406e-09,0.0517333315858713,2.61697182429588e-09,0.00031790360288969316,0.00013725995123986247,0.00014177654834008203,1.3865379803346224e-06,3.223180733639258e-08,0.015707402979138082,0.012241418977026835,0.010222288394826163,0.01550005324532396,8.562257313625633e-08,2.498352548122312e-10,0.020865203931770007,0.003943251352703613,1.416983340681804e-05,2.4685836359401655e-06,5.261663896858747e-06,0.01242128973309172,6.787108692978092e-06,5.7140151180520393e-11,4.682599677878101e-09,0.0027477634538482744
1.2455175923136217e-05,0.508178426699462,3.76,0.0,0.0011391363749819704,0.7139460025481416,0.24296272323986778,0.027781819572301032,0.0006625244166964422,0.03322484295662383,0.1995362766688937,1.4334821037296963e-10,0.3085314101840091,1.62981961176727e-06,0.00016553944988190037,0.2436100628746447,0.0017527174716831994,0.00011241401169351674,2.0312319704382777e-05,0.0016257562268437826,0.1859210090793892,2.583483149729799e-05,4.842313472932203e-05,0.00976895374433922,0.03353263449124692,0.00043007651967963905,0.00016403974702282123,0.0009370417202816116,5.969743452440618e-09,0.05163747682359316,2.6027680924771086e-09,0.0003157033214554985,0.0001367557621908228,0.0001410620839005346,1.3771801789553452e-06,3.202983163033349e-08,0.01567099217284408,0.012212364717096264,0.010206596323124017,0.015493869036768491,8.54639089296187e-08,2.487709034745338e-10,0.020905583823078635,0.003935342793527484,1.4172621382343684e-05,2.4586858645177754e-06,5.259841253336938e-06,0.01252286587360601,6.830823297141138e-06,5.6888115008967233e-11,4.657340245369577e-09,0.002765080447644446
1.2553382850362164e-05,0.5082482178928164,3.76,0.0,0.001112526915660226,0.7131665836582899,0.2435121114475565,0.027957617584416533,0.0006616308081416692,0.03313019727463924,0.1999901120884771,1.4287567695602497e-10,0.30850039619187547,1.6267588791529067e-06,0.00016502327333478895,0.24474878836442948,0.0017484317561825779,0.00011185941001629507,2.0209111519872908e-05,0.001623211264550828,0.18535321340063637,2.5708553992991535e-05,4.8240841377186895e-05,0.009749040917233323,0.033596469190372166,0.00042914404978136486,0.0001634722739121695,0.0009331374163692977,5.9321179068937085e-09,0.05154138350003587,2.588737167473864e-09,0.0003135654792135625,0.00013625938456992404,0.00014035814109014785,1.368033308630055e-06,3.183080156042098e-08,0.01563529637245774,0.012183229469993498,0.01019138839842338,0.01548737840129227,8.530485809300462e-08,2.4772258769675783e-10,0.02094513765832867,0.0039275744898657474,1.417569640626223e-05,2.4489518395264726e-06,5.2581452667938395e-06,0.012624030726400854,6.874494923425168e-06,5.66392482916305e-11,4.632419126830004e-09,0.0027824075671017616
1.2651589777588112e-05,0.5083177099967683,3.76,0.0,0.0010865898102294,0.712389992202104,0.24405997419646774,0.02813241208451611,0.0006607674761386857,0.033035840750764274,0.20044206522283523,1.4240722721512288e-10,0.3084687899846269,1.6237329170704696e-06,0.00016451463833266612,0.2458833708697965,0.0017441657148719544,0.00011131096716523304,2.0107669935639762e-05,0.0016207517414972715,0.1847878122414457,2.5584365205690902e-05,4.8061372301055585e-05,0.00972919701265227,0.033659911611929355,0.0004282300776164324,0.00016291413408785094,0.0009292799055786371,5.895112632304049e-09,0.05144506000767673,2.5748751814462365e-09,0.0003114869202345162,0.00013577062385883995,0.0001396644531792344,1.3590872887436095e-06,3.163464282602077e-08,0.015600294996686971,0.0121540231386395,0.010176653627697006,0.015480588682854289,8.51454343074842e-08,2.4668991149154444e-10,0.020983880229846087,0.0039199453648203686,1.4179052393620966e-05,2.4393776127818593e-06,5.256575755179619e-06,0.012724788393554053,6.918126812759456e-06,5.639347556860572e-11,4.607828208914232e-09,0.0027997452976890333
1.2749796704814059e-05,0.5083869071534405,3.76,0.0,0.0010613064070557829,0.7116161806894604,0.24460634022839783,0.02830621745174967,0.000659933671990789,0.0329417713995038,0.20089216205272523,1.4194276638232832e-10,0.3084366020426121,1.6207407535779483e-06,0.00016401341560321064,0.2470138617300097,0.001739919147602335,0.0001107684787437204,2.0007947650474382e-05,0.0016183756149549782,0.18422477893833977,2.5462210349435205e-05,4.7884657451172074e-05,0.009709424899614374,0.033722967774837194,0.0004273341628029688,0.00016236508947499464,0.0009254681440293353,5.8587109974547035e-09,0.05134851432032857,2.5611784156112576e-09,0.00030946468640766244,0.00013528929211334968,0.00013898076279808904,1.3503327048502395e-06,3.1441283878517e-08,0.01556596816148456,0.012124755230841335,0.010162381313724564,0.015473507034591081,8.498565056871549e-08,2.4567249394801847e-10,0.021021825906578133,0.0039124542646282205,1.418268345481584e-05,2.429959381310848e-06,5.255132416516105e-06,0.012825142942146178,6.961722127093681e-06,5.615072447688913e-11,4.583559651141829e-09,0.0028170941138173024
1.2848003632040006e-05,0.5084558134039731,3.76,0.0,0.001036658647117091,0.7108451028127812,0.24515123754124998,0.028479047701198294,0.0006591286744772879,0.0328479872689649,0.20134042788313045,1.414822022029862e-10,0.3084038425774126,1.6177814546666713e-06,0.00016351947869828516,0.24814031128604463,0.0017356918796135308,0.00011023175509907995,1.9909899003065898e-05,0.0016160809108177606,0.18366408736487622,2.534203653314442e-05,4.771062912779537e-05,0.009689727263355591,0.03378564353470056,0.00042645587970039164,0.00016182491017108515,0.0009217011232264823,5.822896876161751e-09,0.05125175401994483,2.5476432716809927e-09,0.0003074960039326696,0.00013481520764699976,0.0001383068214711901,1.3417607586094302e-06,3.1250655655092554e-08,0.015532296652857252,0.01209543487375378,0.010148561044883637,0.01546614042491993,8.48255192311498e-08,2.446699661462536e-10,0.021058988649644537,0.003905099966625596,1.4186583885129649e-05,2.4206934789176546e-06,5.253814834815642e-06,0.012925098401767603,7.005283941966144e-06,5.59109246502302e-11,4.5596058792871634e-09,0.0028344544792617606
1.2946210559265954e-05,0.5085244326924623,3.76,0.0,0.0010126290417561442,0.7100767134088464,0.2456946934160149,0.02865091649483178,0.0006583517884128372,0.032754486439611305,0.20178688737200626,1.4102544525599315e-10,0.30837052154086375,1.6148541222339384e-06,0.00016303270389107723,0.24926276890601207,0.001731483758634465,0.00010970062012923913,1.9813479809916965e-05,0.0016138657205899299,0.1831057119164413,2.522379256374132e-05,4.7539221868657154e-05,0.00967010661505713,0.03384794458959896,0.0004255948166747506,0.0001612933740448062,0.0009179778681268425,5.787654865124521e-09,0.051154786321621744,2.534266250889608e-09,0.00030557827076325674,0.00013434819472882693,0.0001376423891831031,1.333363221662872e-06,3.106269125714652e-08,0.015499261900787919,0.012066070827764985,0.010135182685380474,0.01545849564340602,8.466505204888659e-08,2.436819699510884e-10,0.021095382027235342,0.0038978811866161936,1.4190748154659035e-05,2.4115763661589453e-06,5.252622513071511e-06,0.013024658762256967,7.048815256777027e-06,5.56740075803782e-11,4.535959557966522e-09,0.0028518268475598595
1.3044417486491901e-05,0.508592768869033,3.76,0.0,0.0009892006514265947,0.7093109684222426,0.24623673444236732,0.028821837152055826,0.0006576023433084955,0.0326612670230999,0.20223156455735883,1.40572410933798e-10,0.30833664863370797,1.6119578922483773e-06,0.00016255297008506758,0.2503812830095987,0.0017272946522577774,0.00010917491018227705,1.9718647448833343e-05,0.0016117281981339326,0.18254962749528703,2.5107428988601646e-05,4.737037234546846e-05,0.009650565300991709,0.03390987648560903,0.00042475057542008446,0.00016077026636501982,0.0009142974353549931,5.752970025948716e-09,0.051057618096902395,2.5210439874616573e-09,0.0003037090449348735,0.00013388808330404352,0.00013698723397300764,1.325132393127181e-06,3.0877326190978365e-08,0.015466845954245844,0.012036671499832759,0.010122236365915884,0.015450579306392785,8.450426021372905e-08,2.4270816098182493e-10,0.021131019228871745,0.003890796585688735,1.4195170897371482e-05,2.402604625378153e-06,5.251554864826119e-06,0.01312382797174122,7.092318994976755e-06,5.543990774225875e-11,4.512613585408632e-09,0.0028692116623872657
1.3142624413717848e-05,0.5086608256933688,3.76,0.0,0.0009663570653780597,0.7085478248703562,0.24677738654296666,0.02899182265986915,0.000656879692132955,0.03256832716118441,0.2026744828827673,1.401230166072177e-10,0.308302233313905,1.6090919331334607e-06,0.00016208015873604722,0.2514959010915846,0.0017231244455618287,0.00010865447304195788,1.962536075466923e-05,0.0016096665568843985,0.1819958094965462,2.499289804073452e-05,4.7204019269336e-05,0.00963110551112921,0.03397144462207341,0.00042392277033315894,0.00016025537946022213,0.0009106589115500078,5.718827773404284e-09,0.05096025589549875,2.5079732231420243e-09,0.00030188603371319073,0.00013343470873786257,0.00013634113155543175,1.3170610604163572e-06,3.069449817797354e-08,0.015435031457243866,0.012007244956295718,0.010109712474764368,0.015442397862406327,8.434315439114738e-08,2.4174820541801503e-10,0.021165913079059635,0.003883844776523061,1.4199846902467281e-05,2.3937749551801577e-06,5.250611210048257e-06,0.013222609934907653,7.135797993168688e-06,5.520856133870671e-11,4.489561094716911e-09,0.0028866093579134043
1.3240831340943796e-05,0.5087286068382413,3.76,0.0,0.0009440823822470518,0.707787240809832,0.24731667499654686,0.029160885682635775,0.0006561832101378713,0.03247566502471644,0.20311566522145189,1.3967718148536394e-10,0.30826728480456544,1.6062554440945119e-06,0.00016161415376585948,0.2526066697444651,0.001718973038975507,0.00010813916699320906,1.9533579819946515e-05,0.001607679067471484,0.18144423379512614,2.4880153414056143e-05,4.704010329748921e-05,0.009611729287260179,0.03403265425663153,0.00042311102791442234,0.0001597485123883648,0.0009070614118368676,5.685214233358573e-09,0.05086270596557373,2.495050773934071e-09,0.0003001070835056482,0.00013298791156695987,0.00013570386496563808,1.3091424631400445e-06,3.051414672463871e-08,0.01540380162587355,0.011977798935183602,0.010097601649219223,0.015433957597362795,8.418174475339968e-08,2.408017778124636e-10,0.02120007605038336,0.003877024329216909,1.4204771107457641e-05,2.38508416143665e-06,5.2497908121836285e-06,0.013321008511430553,7.179255012890803e-06,5.497990584947929e-11,4.466795427362373e-09,0.0029040203591378703
1.3339038268169743e-05,0.5087961158920017,3.76,0.0,0.0009223611914912467,0.7070291753044031,0.24785462445987697,0.029329038571502417,0.0006555122937605334,0.03238327881271144,0.20355513389898958,1.392348297491247e-10,0.3082318121015698,1.6034476535776794e-06,0.00016115484148385536,0.25371363468026337,0.0017148403463489322,0.00010762885996150322,1.944326610355191e-05,0.0016057640549684473,0.1808948767325963,2.4769150312333448e-05,4.6878566946811445e-05,0.009592438530646914,0.034093510510029484,0.0004223149862111775,0.00015924947062904754,0.0009035040784132666,5.652115973528306e-09,0.050764974272661426,2.482273575601681e-09,0.00029837017048159976,0.00013254753726796864,0.00013507522422732935,1.3013702598214394e-06,3.033621343975168e-08,0.015373140226297948,0.011948340858049637,0.010085894767404603,0.01542526463957497,8.402004101027693e-08,2.398685654710291e-10,0.021233520276050365,0.003870333776671478,1.4209938589520654e-05,2.3765291528980463e-06,5.249092871927195e-06,0.013419027514647077,7.222692745031257e-06,5.475388171174533e-11,4.444310124858027e-09,0.0029214450822089314
1.343724519539569e-05,0.5088633563615128,3.76,0.0,0.0009011785556185937,0.7062735883940288,0.24839125898866324,0.029496293373482682,0.0006548663596147338,0.032291166751452806,0.2039929107147632,1.3879588724492222e-10,0.3081958239809137,1.60066781798466e-06,0.00016070211052587348,0.25481684075158445,0.0017107262932028883,0.00010712342872039904,1.9354382379679242e-05,0.001603919896489106,0.18034771510484524,2.465984545865928e-05,4.6719354516754106e-05,0.009573235009225358,0.0341540183707177,0.0004215342943101117,0.00015875806580574142,0.0008999860792329655,5.619519740695041e-09,0.05066706651730522,2.46963866521399e-09,0.0002966733918500833,0.0001321134360486902,0.00013445500604055476,1.2937384972072738e-06,3.016064196184166e-08,0.015343031553674415,0.011918877841345148,0.01007458294044592,0.015416324964560102,8.385805243848041e-08,2.3894826539417044e-10,0.02126625756190527,0.0038637716195682016,1.4215344557703705e-05,2.368106938209892e-06,5.248516511491246e-06,0.013516670710435264,7.26611379460842e-06,5.453043096016999e-11,4.422098937418635e-09,0.00293888393472557
1.3535452122621637e-05,0.5089303316753949,3.76,0.0,0.0008805199931922623,0.7055204410652746,0.24892660205745576,0.029662661840205055,0.0006542448435269355,0.03219932709367767,0.2044290169622247,1.3836028048276885e-10,0.3081593290057204,1.597915220290632e-06,0.0001602558517816821,0.2559163319719162,0.0017066308151649633,0.00010662275816245935,1.9266892494372936e-05,0.0016021450193339432,0.17980272615068846,2.4552196842434664e-05,4.65624120115787e-05,0.009554120364418859,0.034214182699247524,0.0004207686118447949,0.0001582741154123599,0.0008965066067830702,5.587412983929517e-09,0.05056898815154424,2.457143130357635e-09,0.00029501495774916884,0.00013168546264226237,0.0001338430134889827,1.286241581978635e-06,2.998737738717082e-08,0.015313460411934824,0.011889416707357107,0.010063657504946073,0.015407144399681666,8.369578790855583e-08,2.3804058054492357e-10,0.02129829939796274,0.0038573363309599424,1.4220984348056993e-05,2.359814618082665e-06,5.24806081479374e-06,0.01361394181618102,7.309520692604229e-06,5.430949625448419e-11,4.40015579997716e-09,0.0029563373160240943
1.3633659049847585e-05,0.5089970451860626,3.76,0.0,0.0008603714625577664,0.7047696952228535,0.24946067657862891,0.029828155436350808,0.0006536471996276163,0.03210775811781897,0.20486347344805703,1.379279412586777e-10,0.3081223355329775,1.5951891687176468e-06,0.00015981595832385487,0.25701215153524676,0.001702553856562777,0.00010612674062873581,1.9180761483491388e-05,0.0016004378986621557,0.17925988754028413,2.4446163754710973e-05,4.6407687066822535e-05,0.009535096117569584,0.03427400823248197,0.0004200176085322289,0.00015779744255399916,0.0008930648769526228,5.555783630244406e-09,0.05047074439430948,2.444784165963706e-09,0.00029339318370343444,0.00013126347611221474,0.00013323905576489238,1.2788742546626895e-06,2.981636663212676e-08,0.015284412094403533,0.011859963994728589,0.010053110015769596,0.015397728628621115,8.353325590967901e-08,2.3714522581700937e-10,0.02132965696946777,0.0038510263605078484,1.4226853417452098e-05,2.3516493807150314e-06,5.247724827055461e-06,0.013710844499945595,7.352915906386289e-06,5.4091023244387365e-11,4.378474818574248e-09,0.0029738056174501274
1.3731865977073532e-05,0.5090635001720981,3.76,0.0,0.0008407193462438807,0.7040213136622813,0.2499935049204889,0.02999278534780739,0.000653072899524169,0.0320164581272612,0.20529630051030232,1.374988030205555e-10,0.3080848517200588,1.5924889957139982e-06,0.00015938232535978868,0.2581043418350584,0.0016984953691425479,0.00010563527529199294,1.9095955589893228e-05,0.0015987970553495285,0.17871917736407578,2.4341706872571476e-05,4.625512888624988e-05,0.009516163675991281,0.034333499587629226,0.0004192809637581214,0.0001573278757190415,0.0008896601279728909,5.524619586563131e-09,0.050372340245773736,2.4325590688827486e-09,0.00029180648360829846,0.00013084733968126978,0.00013264294790982757,1.2716315655609184e-06,2.9647558533309476e-08,0.015255872365242394,0.011830525968579057,0.010042932239142629,0.015388083195671478,8.337046457376716e-08,2.362619255574621e-10,0.021360341167489146,0.003844840138392193,1.4232947336395151e-05,2.3436085008433905e-06,5.247507526243533e-06,0.013807382379822595,7.396301819857455e-06,5.387495922158358e-11,4.357050285245999e-09,0.0029912892226172335
1.383007290429948e-05,0.5091296998412972,3.76,0.0,0.0008215504360310935,0.7032752600435903,0.25052510892455815,0.030156562489526712,0.0006525214315065203,0.03192542544966374,0.20572751803551745,1.3707279844018724e-10,0.30804688553095133,1.5898140568209358e-06,0.00015895485017160946,0.2591929444826755,0.0016944553109314556,0.00010514826758991522,1.9012441974241876e-05,0.0015972210545627606,0.17818057412281213,2.423878798386971e-05,4.610468817693373e-05,0.009497324338707197,0.034392661266104047,0.0004185583661697943,0.00015686524855212185,0.00088629161942739,5.493909434192185e-09,0.05027378050077833,2.420465163934062e-09,0.00029025336320448935,0.00013043692056024923,0.00013205451057055032,1.264508852551198e-06,2.9480903107165262e-08,0.015227827441647386,0.011801108630241808,0.01003311614601027,0.015378213509888923,8.320742169748742e-08,2.353904075875467e-10,0.02139036259909745,0.0038387760789128536,1.423926178502766e-05,2.3356893334186855e-06,5.247407864347723e-06,0.01390355902332922,7.439680743152196e-06,5.366125134392585e-11,4.335876658812236e-09,0.0030087885076530603
1.3928279831525427e-05,0.5091956473323855,3.76,0.0,0.0008028519186436207,0.7025314988660426,0.25105550992209213,0.030319497513109233,0.0006519922997862498,0.031834658436340056,0.2061571454750301,1.366498658836754e-10,0.30800844474223266,1.5871637294982015e-06,0.00015853343204892944,0.2602780003250243,0.0016904336452235717,0.00010466562870458458,1.8930188821435477e-05,0.0015957085038138838,0.17764405671725936,2.413736998538014e-05,4.5956317085456204e-05,0.00947857930188202,0.0344514976572322,0.00041784951328435255,0.0001564093996321223,0.0008829586313364341,5.463642344288448e-09,0.050175069761391036,2.408499869495419e-09,0.00028873241400820547,0.00013003208978100149,0.0001314735697693542,1.2575017206106846e-06,2.9316351906232823e-08,0.015200263976773138,0.011771717726636556,0.010023653905649283,0.015368124849102154,8.30441347621343e-08,2.345304108438582e-10,0.021419731597137965,0.003832832583804499,1.4245792549203418e-05,2.327889308331536e-06,5.2474247768313815e-06,0.013999377946948595,7.483054930979964e-06,5.344984980762946e-11,4.314948544361211e-09,0.003026303841433435
1.4026486758751374e-05,0.5092613457168419,3.76,0.0,0.0007846113620131479,0.701789995443785,0.2515847287498743,0.030481600814145242,0.0006514850238139925,0.031744155461629515,0.20658520186034773,1.3622994577165779e-10,0.307969536948883,1.5845374123112617e-06,0.0001581179722501779,0.26135954946187684,0.001686430339649428,0.00010418727508413499,1.8849165441184212e-05,0.0015942580509806274,0.17710960443815285,2.4037417050314805e-05,4.5809969146092575e-05,0.009459929663930045,0.034510013041805315,0.00041715411114701963,0.00015596017228384205,0.0008796604632956426,5.433807249226158e-09,0.05007621244860379,2.396660713581283e-09,0.00028724230766341156,0.00012963272205499858,0.0001308999566865875,1.250606022906629e-06,2.9153858360313948e-08,0.015173169043393817,0.011742358759291178,0.010014537879563553,0.015357822363759219,8.288061095352051e-08,2.336816841985097e-10,0.021448458229590118,0.0038270080452925646,1.4252535514284201e-05,2.3202059308055567e-06,5.247557140737262e-06,0.014094842615863478,7.526426558663728e-06,5.3240706725482746e-11,4.294260712330852e-09,0.0030438355858055043
1.4124693685977321e-05,0.5093267980018056,3.76,0.0,0.0007668167021185232,0.7010507158824253,0.25211278576532203,0.03064288253929701,0.0006509991376234623,0.031653914922322356,0.2070117058177656,1.358129759621009e-10,0.30793016956984054,1.5819345240222858e-06,0.0001577083739546267,0.26243763126253583,0.0016824453653551856,0.00010371312800361064,1.8769341938051542e-05,0.0015928683832218235,0.17657719695738025,2.3938894344421122e-05,4.5665599226911544e-05,0.009441376430364199,0.03456821159548863,0.0004164718739941694,0.00015551741438993373,0.0008763964336642793,5.4043936782581694e-09,0.04997721281328621,2.3849452311841245e-09,0.00028578179068688606,0.00012923869563136157,0.00013033350745524807,1.2438178433487066e-06,2.8993376855832545e-08,0.015146530118224616,0.011713036993027004,0.010005760615599444,0.015347311080650548,8.271685718010946e-08,2.32843977396336e-10,0.021476552308565905,0.0038213008488995836,1.4259486661199709e-05,2.3126367770061715e-06,5.2478038137479396e-06,0.014189956443681777,7.569797726757331e-06,5.303377318063568e-11,4.273808086679339e-09,0.003061384095800781
1.4222900613203269e-05,0.5093920071315964,3.76,0.0,0.0007494562303690361,0.7003136270564627,0.2526397008609531,0.030803352593134676,0.000650534189186752,0.03156393523714656,0.20743667558223594,1.3539890040765245e-10,0.3078903498533169,1.5793545025205072e-06,0.00015730454219692477,0.26351228438200125,0.0016784786962838424,0.00010324311316230299,1.8690689280826876e-05,0.0015915382253976903,0.1760468143188313,2.3841767960768004e-05,4.5523163473208756e-05,0.009422920518404994,0.034626097392094234,0.00041580252391670445,0.0001550809781974788,0.0008731658788163897,5.375391953920354e-09,0.04987807494645363,2.3733510332381095e-09,0.0002843496795789985,0.00012884989215099978,0.00012977406296749868,1.2371334804901618e-06,2.8834863008412224e-08,0.015120335066870532,0.01168375746432408,0.009997314842268196,0.015336595906515503,8.255288008879363e-08,2.320170502680343e-10,0.021504023398963325,0.0038157093760208547,1.426664206402964e-05,2.305179487883831e-06,5.248163657690134e-06,0.014284722792259265,7.613170489038711e-06,5.282900329539471e-11,4.253585716729328e-09,0.0030789497198381688
1.4321107540429216e-05,0.5094569759889962,3.76,0.0,0.0007325185814731096,0.6995786965875295,0.2531654934782518,0.030963020644765322,0.0006500897398458856,0.03147421484623068,0.20786012901054265,1.3498766609694978e-10,0.3078500848819939,1.5767968041638347e-06,0.00015690638383419447,0.26458354677670776,0.0016745303085077547,0.00010277716031406882,1.861317949956106e-05,0.0015902663381784207,0.17551843692914249,2.3746005173812533e-05,4.538261926450037e-05,0.009404562761309784,0.034683674406727774,0.0004151457905755272,0.00015465072016060803,0.0008699681524340469,5.346791939428474e-09,0.0497788027888226,2.361875855399168e-09,0.0002829448562728313,0.00012846619652849076,0.00012922146869079546,1.2305494326481088e-06,2.8678274323214473e-08,0.015094572129431093,0.011654524989378206,0.00998919346332455,0.015325681631499118,8.238868608138076e-08,2.3120067391648583e-10,0.02153088082675196,0.0038102320062949084,1.427399788525485e-05,2.2978317700590607e-06,5.248635483880323e-06,0.014379144971726484,7.656546826050489e-06,5.2626353688234256e-11,4.2335887975006826e-09,0.003096532799917912
1.4419314467655163e-05,0.5095217073980365,3.76,0.0,0.0007159927218040037,0.6988458928234303,0.2536901826209526,0.031121896134235265,0.0006496653637720474,0.03138475221060258,0.2082820835938116,1.3457921525501933e-10,0.30780938157800114,1.5742609030821692e-06,0.00015651380751016106,0.26565145571977866,0.0016706001796418764,0.00010231520292820688,1.8536785327876643e-05,0.001589051517213697,0.17499204554983183,2.3651574168739884e-05,4.524392517048151e-05,0.009386303912482968,0.03474094651880845,0.0004145014109234669,0.0001542265007861961,0.0008668026248332334,5.318583928728608e-09,0.04967940013975951,2.3505174220733066e-09,0.00028156626389791846,0.00012808749683532964,0.0001286755744934142,1.2240623841617422e-06,2.8523569105983574e-08,0.015069229906689317,0.01162534417186132,0.009981389552538689,0.01531457293249736,8.222428132974946e-08,2.3039461762901984e-10,0.021557133686941336,0.0038048671197736805,1.4281550371812075e-05,2.2905913937260188e-06,5.2492180853650135e-06,0.014473226240479913,7.699928641040083e-06,5.242577889832861e-11,4.213812667860776e-09,0.003114133671807372
1.451752139488111e-05,0.509586204125456,3.76,0.0,0.0006998679382446252,0.6981151848179245,0.25421378686778845,0.031279988278707316,0.0006492606474130529,0.031295545811761506,0.20870255646941166,1.3417349643172008e-10,0.3077682467076521,1.5717462901808016e-06,0.00015612672359047338,0.26671604781580793,0.001666688288346773,0.0001018571778790529,1.846148020590159e-05,0.0015878925919205742,0.174467621289178,2.355844388582908e-05,4.510704089981934e-05,0.009368144649403845,0.034797917514973443,0.0004138691289116028,0.00015380818446254096,0.0008636686823439591,5.290759313973528e-09,0.04957987066569757,2.3392735093676304e-09,0.00028021290283773324,0.00012771368417033465,0.0001281362344801155,1.2176691927111975e-06,2.8370706542998622e-08,0.01504429734683588,0.011596219410400326,0.009973896348629554,0.015303274376410566,8.205967178814587e-08,2.2959865924643189e-10,0.02158279085125858,0.0037996130989050524,1.4289295853159259e-05,2.2834561857971355e-06,5.24991027848997e-06,0.01456696980520901,7.743317798742615e-06,5.222723636311435e-11,4.194252775167728e-09,0.00313175266521845
1.4615728322107058e-05,0.5096504688814438,3.76,0.0,0.0006841338274449453,0.6973865423112032,0.25473632438473476,0.03143730607846212,0.0006488751890136258,0.031206594151214823,0.20912156443228513,1.3377046298512467e-10,0.30772668688610066,1.5692524725829936e-06,0.00015574504413228587,0.2677773590152864,0.0016627946138587386,0.00010140302516130498,1.838723858215957e-05,0.0015867884236304016,0.1739451455935978,2.3466584357060457e-05,4.4971927263721034e-05,0.00935008557731215,0.03485459109187446,0.00041324869524875983,0.00015339563932537806,0.0008605657267258869,5.263308839559033e-09,0.04948021790796013,2.328142040547815e-09,0.00027888382705855923,0.0001273446525591095,0.0001276033068355443,1.2113668775855352e-06,2.821964776138312e-08,0.01501976373277686,0.011567154905784863,0.009966707250431741,0.015291790423258319,8.189486320687612e-08,2.2881259022172565e-10,0.02160786097549795,0.0037944683303537574,1.4297230737956748e-05,2.2764240303418854e-06,5.25071083755274e-06,0.014660378821146928,7.786716099347317e-06,5.2030686995389976e-11,4.174904693113083e-09,0.0031493901039773287
1.4713935249333005e-05,0.5097145043222922,3.76,0.0,0.0006687802855068632,0.6966599357110664,0.2552578129367602,0.0315938583227026,0.0006485085981723092,0.031117895750028608,0.20953912394572477,1.3337006085912996e-10,0.30768470858182234,1.566778973140665e-06,0.0001553686828606213,0.2688354246286111,0.001658919135574325,0.00010095268762898747,1.8314035550296906e-05,0.0015857379049208805,0.17342460024053977,2.337596647897759e-05,4.483854614105572e-05,0.009332127232700745,0.03491097085886437,0.0004126398671741262,0.00015298873713370887,0.0008574931746011835,5.236223379959687e-09,0.049380445290079435,2.3171209143935273e-09,0.00027757814069024543,0.00012698029885983993,0.00012707665367473235,1.2051526088336875e-06,2.8070354619713414e-08,0.014995618669963571,0.011538154667912488,0.009959815812239845,0.015280125429189505,8.172986114528741e-08,2.280361975333025e-10,0.0216323525065874,0.0037894312066625675,1.4305351510735832e-05,2.2694928689404387e-06,5.251618514390583e-06,0.014753456392275965,7.830125261742793e-06,5.183608843115568e-11,4.155764131980699e-09,0.0031670463061876392
1.4812142176558953e-05,0.5097783130519266,3.76,0.0,0.0006537974980964266,0.6959353360747469,0.25577826989912195,0.03174965359514953,0.000648160495363699,0.031029449148467333,0.20995525115164346,1.3297224213527587e-10,0.3076423181208404,1.5643253294949079e-06,0.00015499755510423974,0.26989027933965287,0.0016550618327194203,0.0001005061107570022,1.8241846754048524e-05,0.0015847399587838817,0.17290596733132285,2.328656174121714e-05,4.470686043123232e-05,0.009314270086676424,0.03496706034058403,0.00041204240819743955,0.00015258735311607285,0.0008544504569345323,5.209495311905376e-09,0.04928055612471357,2.306208047423259e-09,0.00027629499484307457,0.00012662052264652592,0.00012655614090239302,1.1990236972524905e-06,2.7922789451439927e-08,0.014971852074673723,0.011509222522485544,0.009953215739270733,0.015268283649424215,8.156467098105186e-08,2.272692743039971e-10,0.021656273689413575,0.00378450012775952,1.4313654729793939e-05,2.2626606936730058e-06,5.25263210135641e-06,0.014846205571498553,7.87354697317715e-06,5.1643400786141527e-11,4.136826897922481e-09,0.0031847215843866547
1.49103491037849e-05,0.5098418976221242,3.76,0.0,0.0006391759309079424,0.6952127150913356,0.25629771226823866,0.031904700279486185,0.0006478305115256034,0.030941252905593266,0.2103699618803772,1.3257696652781187e-10,0.307599521690903,1.5618910935651353e-06,0.00015463157776458532,0.270941957219028,0.0016512226840287633,0.00010006324242274786,1.8170648794857615e-05,0.001583793536787243,0.17238922928303493,2.3198342631653458e-05,4.457683402217392e-05,0.009296514548112825,0.03502286297945741,0.000411456087891242,0.00015219136585302163,0.000851437018546918,5.183116261815563e-09,0.04918055362006892,2.2954015324513714e-09,0.00027503358464260434,0.00012626522612081163,0.00012604163807869534,1.1929775851161784e-06,2.7776916597395656e-08,0.014948454162809393,0.011480362117469375,0.009946900883337634,0.015256269241068513,8.139929792148313e-08,2.2651163075545157e-10,0.02167963257335446,0.0037796735023384225,1.4322137024480701e-05,2.25592554621552e-06,5.253750359204457e-06,0.014938629361052709,7.91698286800777e-06,5.1452589141565825e-11,4.11808890404527e-09,0.0032024162456948347
1.4998735338288254e-05,0.5098989341479905,3.76,0.0,0.0006263177020045295,0.6945640250512584,0.2567643566737692,0.03204360902465387,0.000647548720903615,0.03086208916757703,0.2107420032883552,1.3222334976723062e-10,0.307560662806455,1.559716515748506e-06,0.00015430653434097037,0.27188577879479753,0.0016477829538150573,9.966779041833214e-05,1.810739894111122e-05,0.001582984966181907,0.17192577086270172,2.3119937088146087e-05,4.446119988467857e-05,0.009280621727936778,0.03507284288462202,0.00041093773746669784,0.00015183949381034173,0.0008487495097054894,5.159666350687235e-09,0.049090457032994514,2.285764986093564e-09,0.00027391626747721835,0.00012594921060715087,0.000125583619077432,1.187604862852705e-06,2.764704903308616e-08,0.014927703412827778,0.011454451967762264,0.009941456406918034,0.015245312035042079,8.125030996828412e-08,2.2583752161288058e-10,0.02170018130360192,0.003775417540038181,1.4329921469144667e-05,2.249945296084698e-06,5.254845235014941e-06,0.015021535004308221,7.956088580862497e-06,5.128242939761587e-11,4.101391788882265e-09,0.003218358263014999
1.5087121572791608e-05,0.5099557929228489,3.76,0.0,0.0006137379834689033,0.6939168955032529,0.25723020460540186,0.03218192388710087,0.0006472810608095781,0.030783126043087822,0.21111292104787047,1.3187171808643647e-10,0.3075214843147329,1.5575569990688211e-06,0.00015398553829029432,0.2728270782476692,0.0016443578938767787,9.927526688090639e-05,1.8044916878953537e-05,0.0015822165783879595,0.17146382090172246,2.3042451180670753e-05,4.434685631149696e-05,0.009264811709446716,0.03512259556936793,0.0004104280676321318,0.0001514918134072969,0.0008460848920425631,5.136487029271697e-09,0.04900027336375895,2.276211583995551e-09,0.00027281540734626185,0.00012563667872680923,0.0001251302751326415,1.1822955393303953e-06,2.751849856243544e-08,0.014907236872983606,0.011428605165347152,0.009936233807643174,0.015234221187694205,8.11011815358195e-08,2.2517062784094794e-10,0.02172028654381593,0.0037712437589988482,1.4337845929349369e-05,2.2440407364092033e-06,5.256022974727943e-06,0.015104181590985347,7.99520814374769e-06,5.1113729424909354e-11,4.084850030046223e-09,0.0032343164417029465
1.5175507807294962e-05,0.5100124757056614,3.76,0.0,0.0006014303709615734,0.6932713070552561,0.2576952677071195,0.03231965058349887,0.0006470272824307555,0.03070436251926313,0.21148272608806395,1.3152205078775298e-10,0.30748199045493113,1.5554122444729784e-06,0.00015366853217476973,0.27376587919150674,0.001640947486685782,9.888563804927497e-05,1.7983186858139805e-05,0.0015814876655686416,0.1710033672119407,2.2965866307794673e-05,4.42337789012222e-05,0.00924908467299151,0.03517212338175003,0.0004099269222130475,0.00015114824264767188,0.0008434427877969872,5.113573263282513e-09,0.048910004757199914,2.2667400519187877e-09,0.00027173049839414705,0.00012532756430579388,0.00012468151825246784,1.1770479905034513e-06,2.739124107346065e-08,0.014887047991422948,0.011402824024575639,0.00993122889177374,0.015222999536351756,8.095191610366011e-08,2.2451082626863937e-10,0.02173995378026544,0.003767151022072059,1.4345908087060289e-05,2.238210536608587e-06,5.257282694071334e-06,0.015186571205883981,8.034342650624842e-06,5.0946468379743955e-11,4.068460852441168e-09,0.00325029099495569
1.5263894041798316e-05,0.5100689842253234,3.76,0.0,0.0005893886222169455,0.6926272406893956,0.25815955739909613,0.03245679471184797,0.0006467871429149464,0.030625797594672346,0.21185142915551464,1.3117430977567838e-10,0.30744218538504636,1.5532819610920758e-06,0.00015335545951447049,0.27470220486880587,0.001637551713823259,9.849887129679436e-05,1.792219359349198e-05,0.0015807975363352448,0.17054439779560862,2.2890164566492428e-05,4.4121943825270305e-05,0.009233440765053346,0.035221428621568344,0.0004094341485380318,0.0001508087014680636,0.0008408228272065988,5.09091857561262e-09,0.04881965330336233,2.2573490806264817e-09,0.00027066105738550374,0.000125021802691283,0.00012423726254403534,1.1718606593206177e-06,2.7265253246022527e-08,0.01486713038755657,0.01137711075795631,0.009926437551840564,0.015211649860460688,8.080251706491843e-08,2.2385798187664967e-10,0.02175918838581258,0.00376313820059088,1.4354105665511995e-05,2.2324533988034636e-06,5.258623451231651e-06,0.015268705901660056,8.073493127680904e-06,5.07806180237832e-11,4.0522215768474545e-09,0.003266282132756392
1.535228027630167e-05,0.5101253201811377,3.76,0.0,0.0005776066523301049,0.691984677753097,0.25862308488310376,0.03259336175425272,0.0006465604051651558,0.03054743027914558,0.21221904081893492,1.3082845749468863e-10,0.30740207318393636,1.551165865888152e-06,0.0001530462647615663,0.2756360781576039,0.001634170555896086,9.811493504516048e-05,1.7861921878118735e-05,0.00158014551602994,0.1700869008425466,2.281532820532812e-05,4.40113278076173e-05,0.009217880099743362,0.03527051354161202,0.000408949597319924,0.00015047311167175166,0.00083822464827029,5.068518368466557e-09,0.04872922104035152,2.248037258270397e-09,0.00026960662242979773,0.00012471933070026535,0.0001237974241488902,1.1667320518634087e-06,2.7140511086935423e-08,0.014847477846555053,0.0113514674793952,0.009921855764448562,0.015200174883030522,8.0652987727407e-08,2.2321195388045395e-10,0.021777995623168567,0.0037592041748837667,1.4362436428341014e-05,2.226768054339946e-06,5.260044353154258e-06,0.015350587698973609,8.112660569428807e-06,5.0616149071365824e-11,4.036129584072089e-09,0.0032822900619486127
1.5431827887354688e-05,0.5101758763803461,3.76,0.0,0.0005672200842993604,0.6914076414137187,0.25903961701740597,0.03271578312369909,0.0006463676082273167,0.03047706784146644,0.21254896676091187,1.3051879299071624e-10,0.30736571291479015,1.549273283218829e-06,0.00015277125991904704,0.27647448594587654,0.0016311399926543185,9.777178718026392e-05,1.780828223568465e-05,0.0015795907355902602,0.16967640292715827,2.2748701125197332e-05,4.3912796880685946e-05,0.00920394674277932,0.03531450342126924,0.00040852041069371515,0.0001501743961173558,0.0008359046174299483,5.048571787174336e-09,0.04864776455656042,2.2397233448557303e-09,0.0002686700956449573,0.00012444986746736012,0.00012340527867622572,1.1621653272480589e-06,2.702928989234359e-08,0.014830012181153103,0.01132845003870355,0.009917908063929809,0.015189742476742861,8.051830258582779e-08,2.2263626658086654e-10,0.021794561000382108,0.0037557300043400067,1.4370046170539857e-05,2.2217115970778295e-06,5.261390959371577e-06,0.015424066732922657,8.147926593194503e-06,5.0469293980110475e-11,4.021770574973779e-09,0.0032967117233453783
1.5511375498407705e-05,0.5102262953533445,3.76,0.0,0.0005570349083507621,0.6908317949312563,0.2594555485334621,0.03283774524126768,0.0006461853140651188,0.030406863967684303,0.2128780245492888,1.3021062459111542e-10,0.3073291099770594,1.5473917739001145e-06,0.00015249931270726766,0.2773109417200385,0.0016281212352799344,9.743088552777675e-05,1.7755204893823478e-05,0.0015790658189251102,0.16926707993465936,2.268274883170462e-05,4.381521874783884e-05,0.009190080920213443,0.035358318208164416,0.00040809766175539045,0.00014987876482109352,0.0008336016892118139,5.0288235121996095e-09,0.048566245646320214,2.231471729126435e-09,0.00026774505688726254,0.00012418297473545367,0.00012301658650470197,1.1576439996379606e-06,2.691904383256455e-08,0.014812752004500744,0.011305492331998386,0.00991412408937887,0.015179212645752458,8.038351681623949e-08,2.2206592325995848e-10,0.021810788073369145,0.003752317956448218,1.4377760436397384e-05,2.2167113938786277e-06,5.262801105498559e-06,0.015497343958931402,8.183207855077786e-06,5.032352645039734e-11,4.007526932030724e-09,0.003311147297343932
1.5590923109460722e-05,0.510276578281221,3.76,0.0,0.0005470469982225481,0.6902571254340175,0.25987088716351314,0.032959251872968276,0.0006460133610954952,0.030336817958630455,0.21320622153612714,1.299039215323268e-10,0.3072922671875419,1.5455211468173007e-06,0.0001522303844966177,0.2781454614269878,0.00162511426733255,9.709220896067988e-05,1.7702679571004905e-05,0.001578570305887062,0.16885892362978022,2.2617459336578173e-05,4.371857752777322e-05,0.009176282653280519,0.035401959451498814,0.00040768124835595707,0.00014958616444762896,0.0008313156150330669,5.0092699652768484e-09,0.04848466569734696,2.2232814294242337e-09,0.00026683120939765577,0.00012391860934266678,0.00012263129049899262,1.153167097979762e-06,2.680975668152926e-08,0.01479569311038198,0.011282595707372646,0.009910501074412699,0.01516858726317507,8.024863267144992e-08,2.2150082367448876e-10,0.021826680461662036,0.0037489672353150857,1.4385577675162244e-05,2.2117665753816516e-06,5.264274130713803e-06,0.015570420784927437,8.218505015138538e-06,5.017882417819323e-11,3.993396873704838e-09,0.003325596928481856
1.567047072051374e-05,0.5103267263246926,3.76,0.0,0.000537252320069235,0.6896836202693051,0.26028564050898867,0.03308030671526884,0.0006458515910778059,0.030266929122077478,0.21353356496741357,1.2959867142788322e-10,0.30725518731594664,1.543661215330645e-06,0.0001519644372240083,0.27897806079090026,0.0016221190715765739,9.675573686631841e-05,1.7650696313394312e-05,0.0015781037457202683,0.1684519258910505,2.255282086761726e-05,4.362285766242836e-05,0.00916255194528011,0.03544542867250467,0.0004072710703383601,0.00014929654275238737,0.000829046150895732,4.98990801051912e-09,0.04840302606936696,2.2151516213229603e-09,0.0002659282677167148,0.00012365672899004545,0.0001222493347136988,1.1487336845618112e-06,2.670141308940781e-08,0.014778831388847872,0.011259761455698748,0.009907036302784446,0.01515786816842333,8.01136523568094e-08,2.2094088934980016e-10,0.021842241719954598,0.0037456770519447577,1.4393496360229595e-05,2.2068762863133617e-06,5.265809398405575e-06,0.015643298598647836,8.253818727668871e-06,5.003517415604842e-11,3.979378634074147e-09,0.003340060759407579
1.5750018331566757e-05,0.5103767406287173,3.76,0.0,0.0005276469302152881,0.6891112669991055,0.26069981604309855,0.03320091339646233,0.0006456998490340499,0.030197196772636967,0.21386006198523425,1.2929486385718886e-10,0.3072178730859188,1.5418117972204377e-06,0.0001517014333892573,0.2798087553167032,0.001619135629950481,9.642144911412727e-05,1.7599245478261313e-05,0.0015776656967437352,0.1680460787088398,2.248882197942331e-05,4.35280439114942e-05,0.00914888878224074,0.035488727365043576,0.0004068670294989334,0.00014900984856034227,0.0008267930572807879,4.970734133882744e-09,0.04832132809530666,2.2070815493907855e-09,0.00026503595716082537,0.00012339729222596163,0.00012187066436467414,1.1443428534617586e-06,2.659399845130051e-08,0.014762162823646419,0.011236990812177208,0.009903727107344705,0.015147057167902708,7.997857803425259e-08,2.2038604788304831e-10,0.02185747533963543,0.0037424466244165714,1.4401514988587138e-05,2.202039686097491e-06,5.267406265574082e-06,0.015715978767867685,8.289149631115932e-06,4.989256488013675e-11,3.965470477094244e-09,0.003354538930915295
1.5829565942619774e-05,0.5104266223200704,3.76,0.0,0.0005182269726633381,0.6885400533952464,0.261113421113734,0.03332107547819273,0.0006455579831456192,0.030127620231655956,0.21418571963018795,1.289924666072937e-10,0.3071803271761485,1.5399727144991997e-06,0.0001514413360402638,0.280637560293992,0.0016161639235536456,9.608932602160813e-05,1.7548317473470275e-05,0.0015772557264457404,0.16764137418359204,2.242545147851724e-05,4.343412134211773e-05,0.009135293133652973,0.03553185699627238,0.0004064690295287236,0.00014872603173302301,0.000824556099031325,4.951744745905828e-09,0.048239573082595535,2.199070282266494e-09,0.00026415401325280186,0.0001231402584202629,0.0001214952257964123,1.1399937288616297e-06,2.64874976341927e-08,0.014745683489371978,0.011214284958073148,0.00990057086886673,0.01513615603578828,7.984341182670727e-08,2.1983620256699902e-10,0.02187238475050604,0.003739275178060458,1.4409632080253017e-05,2.1972559526265376e-06,5.269064075692207e-06,0.01578846264064692,8.324498334395598e-06,4.975097385845843e-11,3.951670725739047e-09,0.003369031581985098
1.5909113553672792e-05,0.5104763725095759,3.76,0.0,0.0005089886770545126,0.6879699674354222,0.2615264629458435,0.03344079645671196,0.000645425844664247,0.030058198827137606,0.21451054484334983,1.2869145776693088e-10,0.30714255222128245,1.5381437932435072e-06,0.00015118410875809797,0.28146449080025926,0.0016132039326384761,9.575934832841558e-05,1.7497902893712116e-05,0.001576873411191743,0.16723780452403558,2.2362698326334865e-05,4.334107532017246e-05,0.009121764953075047,0.035574819007191456,0.0004060769759630811,0.000148445043139609,0.0008223350452618135,4.932936937941722e-09,0.048157762314211754,2.19111694037836e-09,0.0002632821812764553,0.0001228855877418065,0.00012112296645601721,1.1356854637564458e-06,2.6381895753009822e-08,0.01472938954912678,0.011191645022133642,0.009897565015076916,0.015125166514674021,7.97081558160949e-08,2.1929126665625578e-10,0.021886973322188093,0.003736161945586236,1.4417846177513484e-05,2.192524279237022e-06,5.270782194899303e-06,0.0158607515454772,8.359865432030402e-06,4.961038348488432e-11,3.937977732144093e-09,0.003383538849814898
1.598866116472581e-05,0.5105259922909088,3.76,0.0,0.0004999283564869598,0.6874009972989291,0.26193894864397604,0.03356007976423438,0.0006453032878407259,0.029988931893646487,0.21483454446836206,1.2839183684769537e-10,0.3071045508129303,1.5363248635568557e-06,0.0001509297156558353,0.28228956170440067,0.001610255636592755,9.543149716945421e-05,1.744799272099056e-05,0.0015765183356632926,0.16683536204498353,2.2300551754818646e-05,4.324889150539e-05,0.009108304178756143,0.035617614813229,0.00040569077614619343,0.000148166834637153,0.000820129669257738,4.914307722238245e-09,0.04807589704974833,2.183220861679323e-09,0.000262420215807585,0.00012263324114373888,0.00012075383486356435,1.1314172385921291e-06,2.6277179208476846e-08,0.014713277252063452,0.011169072082105262,0.00989470701963981,0.015114090316250758,7.957281204434315e-08,2.1875118098293586e-10,0.02190124436560706,0.0037331061672155287,1.4426155844556e-05,2.187843871176933e-06,5.272560001470306e-06,0.015932846791511513,8.395251507682997e-06,4.947078740796316e-11,3.924389857887327e-09,0.0033980608698552786
1.6068208775778826e-05,0.5105754827419886,3.76,0.0,0.0004910424054975194,0.6868331313627128,0.2623508851946373,0.0336789287701956,0.0006451901698545641,0.02991981877221269,0.21515772525336133,1.2809358103027053e-10,0.3070663255005893,1.5345157594986042e-06,0.00015067812137333628,0.283112787669976,0.0016073190139292636,9.510575405108477e-05,1.7398578066578148e-05,0.0015761900928986537,0.16643403916582333,2.2239001299182724e-05,4.315755584536343e-05,0.009094910734207992,0.03566024580478358,0.0004053103391935345,0.00014789135904968214,0.0008179397483820754,4.895853566958483e-09,0.047993978526390015,2.1753812551682075e-09,0.0002615678802922649,0.00012238318034760805,0.00012038778058747026,1.1271882600295286e-06,2.6173334279750206e-08,0.01469734293110253,0.011146567166137576,0.009891994401209822,0.01510292912194236,7.943738251976726e-08,2.1821586480347014e-10,0.021915201134373712,0.0037301070907919164,1.4434559667428124e-05,2.183213949139047e-06,5.274396853652132e-06,0.016004749668815543,8.430657120815968e-06,4.9332168452798593e-11,3.9109055118751355e-09,0.003412597775841475
1.6147756386831844e-05,0.5106248449248587,3.76,0.0,0.000482327298005308,0.6862663581972991,0.2627622794687113,0.03379734678253862,0.0006450863507220206,0.02985085881025074,0.21548009385294972,1.2779665509338957e-10,0.3070278787925573,1.5327163188577133e-06,0.00015042929105829662,0.2839341831585609,0.0016043940422910067,9.478210082776222e-05,1.734965006761011e-05,0.001575888284326045,0.16603382840897563,2.2178036638054387e-05,4.3067054564819723e-05,0.009081584528799059,0.035702713347780135,0.0004049355759380465,0.0001476185701355419,0.0008157650639844297,4.877571501043684e-09,0.04791200795991586,2.16759718551474e-09,0.00026072494662243706,0.00012213536781801657,0.00012002475421845322,1.1229977597136914e-06,2.607034662868602e-08,0.014681583000594219,0.011124131254224458,0.00988942472244245,0.015091684583563891,7.930186921703454e-08,2.1768522065233715e-10,0.02192884682620703,0.0037271639718818553,1.4443056253524268e-05,2.178633750477345e-06,5.276292118069166e-06,0.01607646144855495,8.466082813695774e-06,4.919450272951302e-11,3.897523152411399e-09,0.0034271496998265695
1.622730399788486e-05,0.5106740798860211,3.76,0.0,0.0004737795853505483,0.6857006665629098,0.26317313822376626,0.033915337048948974,0.000644991693222916,0.029782051361479194,0.21580165683006364,1.275010577124578e-10,0.3069892131568318,1.5309263830523887e-06,0.00015018319035848453,0.28475376243297734,0.001601480698447304,9.446051968089435e-05,1.7301200202262994e-05,0.001575612519184884,0.16563472239780383,2.21176476238737e-05,4.297737415943072e-05,0.009068325458311169,0.035745018784200465,0.0004045663988911008,0.00014734842256508782,0.0008136054013148542,4.859459056135164e-09,0.04782998654561521,2.159867977482805e-09,0.00025989119474458406,0.00012188976674544651,0.00011966470734313544,1.118844993157799e-06,2.596820311247121e-08,0.014665993954114323,0.011101765279572816,0.009886995589065578,0.015080358323945909,7.916627407388925e-08,2.1715918893924097e-10,0.021942184584273314,0.003724276073864055,1.4451644230693849e-05,2.174102524408222e-06,5.278245189416802e-06,0.016147983383192215,8.501529119302203e-06,4.905778343930349e-11,3.8842412448761705e-09,0.0034417167722127313
1.630685160893788e-05,0.5107231886565301,3.76,0.0,0.00046539589435436965,0.685136045405617,0.2635834681063391,0.0340329027580858,0.0006449060628445665,0.029713395785825047,0.2161224206578124,1.2720678526488814e-10,0.3069503310220199,1.5291457971429134e-06,0.0001499397854236953,0.28557153956052955,0.0015985789582849928,9.414099309876155e-05,1.725322023313959e-05,0.0015753624142551723,0.1652367138548071,2.2057824427856443e-05,4.28885013927734e-05,0.009055133405469434,0.035787163432606406,0.00040420272221415343,0.00014708087190681252,0.0008114605494335233,4.841513036706381e-09,0.047747915459155875,2.152193026956196e-09,0.000259066412281731,0.00012164634103564132,0.00011930759251900934,1.114729238650775e-06,2.5866891424793152e-08,0.014650572362307898,0.011079470129956411,0.009884704648972875,0.015068951937543982,7.903059899708874e-08,2.1663771383931655e-10,0.02195521749850156,0.003721442668009087,1.4460322247107393e-05,2.1696195318791784e-06,5.280255450829416e-06,0.016219316706762486,8.5369965496994e-06,4.892200345265529e-11,3.871058276135991e-09,0.0034562991217825067
1.6386399219990896e-05,0.5107721722527656,3.76,0.0,0.0004571729254707033,0.6845724838536464,0.2639932756541259,0.034150047040758115,0.0006448293277058706,0.029644891449340984,0.21644239172123386,1.2691379632419211e-10,0.3069112347781714,1.5273744096746272e-06,0.00014969904289155895,0.28638752841610393,0.0015956887968177442,9.382350385842646e-05,1.720570188406967e-05,0.0015751375941148113,0.16483979560041273,2.1998557418809236e-05,4.280042328775472e-05,0.009042008240456664,0.03582914858864222,0.00040384446167376914,0.00014681587460089657,0.000809330301127513,4.823730227956303e-09,0.04766579585742345,2.1445714318618476e-09,0.0002582503941823552,0.00012140505528912681,0.00011895336325252317,1.1106497962397773e-06,2.5766398210626368e-08,0.01463531487080994,0.011057246649012836,0.009882549591331983,0.015057466991035892,7.88948458670254e-08,2.1612069731401136e-10,0.021967948606859078,0.003718663033540841,1.4469088971360146e-05,2.165184049587235e-06,5.282322274172713e-06,0.016290462635091582,8.57248559783394e-06,4.8787136440791735e-11,3.8579727906437925e-09,0.0034708968757287697
1.6465946831043913e-05,0.5108210316764288,3.76,0.0,0.00044910745097944023,0.6840099712137376,0.2644025672981352,0.034266772971080786,0.0006447613584776106,0.02957653772413695,0.21676157631901108,1.266220730652036e-10,0.3068719267775921,1.5256120724848855e-06,0.0001494609298709693,0.28720174268523363,0.0015928101881985488,9.350803500899444e-05,1.71586370476468e-05,0.0015749376908228358,0.164443960551222,2.1939837051881348e-05,4.27131271176254e-05,0.009028949821420164,0.0358709755255282,0.00040349153459609695,0.00014655338793098183,0.0008072144528340825,4.806108418084561e-09,0.047583628879328384,2.1370023959380013e-09,0.00025744294238564975,0.00012116587477949131,0.0001186019739753668,1.1066059867835523e-06,2.566671038712567e-08,0.014620218198219265,0.011035095637514371,0.00988052814570735,0.015045905023909723,7.875901653196866e-08,2.156080626155222e-10,0.02198038089659612,0.003715936457688566,1.4477943091630891e-05,2.1607953677613653e-06,5.2844450621836824e-06,0.01636142236597194,8.60799675023949e-06,4.865316733227072e-11,3.844983357880349e-09,0.003485510159684067
1.654549444209693e-05,0.5108697679146129,3.76,0.0,0.0004411963132287156,0.6834484969676115,0.2648113493647762,0.03438308356760879,0.0006447020283333591,0.029508333988295124,0.21707998066512849,1.2633163067811976e-10,0.30683240933567896,1.5238586407204649e-06,0.00014922541394479807,0.28801419586711824,0.0015899431057160235,9.319456985605113e-05,1.7112018018926383e-05,0.001574762343332973,0.16404920171798856,2.1881654044578943e-05,4.2626600403849625e-05,0.00901595799494136,0.03591264549453873,0.0004031438598435851,0.0001462933700127989,0.0008051128045615331,4.788645054641705e-09,0.047501415646537946,2.1294854463776827e-09,0.00025664386550622374,0.00012092876544468031,0.00011825338002085526,1.1025971510617423e-06,2.556781659884765e-08,0.014605279134167384,0.0110130178545964,0.009878638081234507,0.015034267549022729,7.862311280917024e-08,2.1509977478429972e-10,0.021992517305431673,0.003713262235733199,1.4486883314925757e-05,2.1564527863351905e-06,5.286623226573862e-06,0.016432197079423904,8.643530476829129e-06,4.852009845437781e-11,3.832088547158912e-09,0.0035001390977490556
1.6625042053149948e-05,0.5109183819403604,3.76,0.0,0.0004334364229259915,0.6828880507685189,0.26521962807789845,0.03449898179444528,0.0006446512128953078,0.029440279625781357,0.21739761089048287,1.2604243996825418e-10,0.3067926847317162,1.5221139727992807e-06,0.0001489924631661466,0.2888249012775822,0.0015870875218001687,9.288309194718378e-05,1.7065837146694993e-05,0.0015746111976681113,0.16365551220438745,2.1823999396350244e-05,4.254083091150322e-05,0.009003032596489066,0.03595415972546818,0.00040280135778399475,0.00014603577977809426,0.0008030251598098027,4.771336780661356e-09,0.04741915726418565,2.122019858877883e-09,0.000255852978533738,0.00012069369387438177,0.00011790753760386539,1.0986226489073709e-06,2.5469704990226584e-08,0.014590494537432636,0.010991014018956824,0.009876877205804033,0.01502255605315049,7.84871364944475e-08,2.1459575595949544e-10,0.022004360722719576,0.003710639671041099,1.4495908367422137e-05,2.1521556179434555e-06,5.288856155256503e-06,0.016502787937958237,8.679087224020225e-06,4.838791040390916e-11,3.8192869709478145e-09,0.003514783812520538
1.6704589664202965e-05,0.5109668747130732,3.76,0.0,0.0004258247574892163,0.6823286224378702,0.2656274095607805,0.03461447056231273,0.0006446087901551177,0.02937237402638052,0.21771447304444616,1.257544571100447e-10,0.306752755209609,1.5203779301808374e-06,0.00014876204603705344,0.28963387205194857,0.0015842434080452152,9.257358505885523e-05,1.7020086743163284e-05,0.001574483907028976,0.16326288520577373,2.1766864173405772e-05,4.245580663890872e-05,0.008990173450873402,0.03599551942708501,0.00040246395024180564,0.0001457805769441403,0.0008009513255005188,4.754181198552843e-09,0.047336854821574334,2.114604699345486e-09,0.00025507010254948484,0.00012046062728640563,0.0001175644038009004,1.0946818584015812e-06,2.5372362651546038e-08,0.01457586133409731,0.010969084810021252,0.009875243365244668,0.01501077199753411,7.835108935896377e-08,2.1409590538528558e-10,0.02201591399059254,0.0037080680750854263,1.4505016994324021e-05,2.1479031898405826e-06,5.291143252976457e-06,0.016573196086745966,8.71466743230059e-06,4.825657543878249e-11,3.8065772907074214e-09,0.003529444425118655
1.6784137275255982e-05,0.5110152471783311,3.76,0.0,0.0004183583594304843,0.6817702019619324,0.2660346998380755,0.03472955272961168,0.0006445746404173868,0.029304616585627507,0.21803057309638874,1.25467699175584e-10,0.3067126229786404,1.518650377297323e-06,0.00014853413150322674,0.2904411211478938,0.001581410735217826,9.226603318416546e-05,1.6974759491854475e-05,0.001574380131129415,0.1628713140071608,2.1710239584232333e-05,4.237151581320717e-05,0.00897738037267559,0.03603672578757647,0.0004021315604692278,0.00014552772199684288,0.0007988911119081564,4.737176475219889e-09,0.04725450939282031,2.1072394620146608e-09,0.000254295064456965,0.00012022953351381764,0.00011722393652759438,1.0907741751267881e-06,2.5275778390466574e-08,0.014561376515778237,0.010947230869078936,0.009873734442546253,0.014998916818405946,7.821497314262405e-08,2.1360018758045218e-10,0.02202717990505835,0.003705546767464824,1.451420795870058e-05,2.1436948395173033e-06,5.293483955062489e-06,0.016643422653840282,8.75027153459942e-06,4.812609648613592e-11,3.793958167548567e-09,0.0035441210552133993
1.6863684886309e-05,0.5110635002682231,3.76,0.0,0.00041103433478140264,0.6812127794886143,0.2664415048377052,0.034844231103460264,0.0006445486462646184,0.029237006704717326,0.21834591693715522,1.2518216913965772e-10,0.3066722902142334,1.516931181621784e-06,0.00014830868896056039,0.29124666134825977,0.0015785894732571562,9.196042052137428e-05,1.6929848333927703e-05,0.0015742995359924626,0.1624807919816704,2.165411716495058e-05,4.228794688977693e-05,0.008964653166647338,0.03607777997497971,0.00040180411312958384,0.0001452771761845537,0.0007968443325859558,4.7203195411558175e-09,0.04717212203744589,2.0999236964351463e-09,0.00025352769672637454,0.000120000381000012,0.000116886094519089,1.0868990114405904e-06,2.5179941968822933e-08,0.014547037137925748,0.010925452800385727,0.00987234835711815,0.014986991927492938,7.807878956427614e-08,2.1310856318894134e-10,0.022038161217058146,0.0037030750759154013,1.4523480041298712e-05,2.1395299138949225e-06,5.295877677417543e-06,0.0167134687504705,8.785899937562422e-06,4.799647077663277e-11,3.78142827609994e-09,0.0035588138210506342
1.6943232497362017e-05,0.5111116349019941,3.76,0.0,0.0004038498515751903,0.680656345324331,0.2668478303927075,0.03495850844069739,0.0006445306924919209,0.029169543790434228,0.21866051038049747,1.2489780640976058e-10,0.3066317590586369,1.5152202135016968e-06,0.00014808568823869125,0.29205050526377774,0.001575779591297989,9.165673146350442e-05,1.6885346076951844e-05,0.0015742417943656016,0.1620913125896666,2.1598488591327826e-05,4.2205088543668017e-05,0.008951991628112665,0.03611868313760171,0.00040148153425563135,0.00014502890149318688,0.0007948108042982998,4.703607468427246e-09,0.04708969380098118,2.0926564638601496e-09,0.00025276783715257625,0.00011977313877917356,0.00011655083731339356,1.0830557957799334e-06,2.5084841339658112e-08,0.014532840318148771,0.010903751172238114,0.00987108306403587,0.014974998712521666,7.794254032685294e-08,2.1262092210919688e-10,0.022048860633516687,0.003700652336309048,1.4532832041103363e-05,2.1354077733566217e-06,5.298323828388718e-06,0.016783335471240377,8.821553034988182e-06,4.786766306764414e-11,3.768986348535271e-09,0.0035735228394775656
1.7022780108415034e-05,0.5111596519860069,3.76,0.0,0.000396802138369482,0.6801008899309304,0.2672536822430435,0.035072387448863734,0.0006445206660376665,0.029102227255097382,0.21897435916447222,1.2461460136184683e-10,0.306591031621593,1.5135173459649155e-06,0.00014786509958322367,0.2928526653357452,0.0015729810576941851,9.135495058888501e-05,1.6841245699282843e-05,0.0015742065853502532,0.16170286937711617,2.1543345560295222e-05,4.212292966114727e-05,0.008939395543362356,0.03615943640443067,0.00040116375120902457,0.00014478286062016247,0.000792790346960926,4.687038796907111e-09,0.0470072257155398,2.0854370411782057e-09,0.00025201532862606524,0.00011954777645627421,0.0001162181252315859,1.0792439720281651e-06,2.4990464862663752e-08,0.014518783234592436,0.010882126518018736,0.009869936553304589,0.014962938537714379,7.780622710517053e-08,2.1213719866933437e-10,0.022059280818358545,0.003698277892647025,1.4542262774543301e-05,2.131327790349692e-06,5.300821855853783e-06,0.016853023894298682,8.857231223089605e-06,4.773966258688181e-11,3.756631139521117e-09,0.0035882482259674228
1.7102327719468052e-05,0.5112075524136604,3.76,0.0,0.0003898884827948951,0.6795464039226865,0.2676590660373624,0.03518587078717576,0.0006445184559536296,0.029035056516480612,0.2192874689528002,1.2433259315886098e-10,0.306550109981053,1.5118224548008646e-06,0.00014764689366408265,0.2936531538386962,0.0015701938400192357,9.105506265215582e-05,1.6797540610292482e-05,0.0015741935937597575,0.16131545597365898,2.1488680044644577e-05,4.20414593403151e-05,0.008926864690012852,0.03620004088553693,0.00040085069266889464,0.0001445390169707095,0.0007907827835750436,4.6706112831927656e-09,0.04692471880032337,2.0782651864507036e-09,0.00025127001891497527,0.00011932426420427627,0.00011588791935766864,1.0754629989124545e-06,2.4896803309497013e-08,0.014504863124393337,0.010860579337213417,0.009868906849174698,0.014950812744256211,7.766985154880016e-08,2.1165738965048566e-10,0.022069424393475118,0.0036959510970533383,1.4551771074482994e-05,2.1272893453699515e-06,5.303371210065569e-06,0.01692253508162785,8.892934877754245e-06,4.7612484518940743e-11,3.744361394079967e-09,0.0036029900946436618
1.718187533052107e-05,0.5112553370660684,3.76,0.0,0.00038310623015242606,0.6789928780633809,0.26806398733471964,0.035298961067470325,0.0006445239533646867,0.028968030997729884,0.21959984533618332,1.2405173583300836e-10,0.3065089961838399,1.5101354185440227e-06,0.00014743104157289604,0.29445198288299723,0.0015674179050797633,9.075705257598286e-05,1.675422418765046e-05,0.0015742025104664872,0.16092906609172555,2.1434484282992416e-05,4.1960666887523074e-05,0.00891439883735622,0.03624049767246167,0.0004005422886071519,0.00014429733464580138,0.0007887879401604843,4.6543215549417554e-09,0.04684217406211972,2.0711401951548876e-09,0.0002505317604582443,0.00011910257275437076,0.0001155601815236073,1.071712349407585e-06,2.4803846357827294e-08,0.014491077282169086,0.010839110096399865,0.009867992009459937,0.014938622650755564,7.753341529734743e-08,2.1118141071879962e-10,0.02207929393967926,0.0036936713097571257,1.4561355790793943e-05,2.123291829365275e-06,5.305971313264184e-06,0.016991870079298154,8.928664349912583e-06,4.7486102137189786e-11,3.7321758968121995e-09,0.0036177485583038047
1.7261422941574086e-05,0.5113030068123879,3.76,0.0,0.00037645278205983507,0.6784403032634397,0.2684684516062579,0.035411660855116475,0.0006445370513945649,0.028901150127313674,0.21991149383358993,1.237719715708306e-10,0.3064676922462452,1.5084561182115783e-06,0.00014721751479749058,0.29524916441736454,0.0015646532189494983,9.04609054437327e-05,1.671128971731638e-05,0.0015742330325688488,0.1605436935255189,2.1380750496551683e-05,4.188054180627264e-05,0.008901997746719278,0.03628080783859738,0.00040023847024057475,0.00014405777841093744,0.0007868056457004702,4.638167836251175e-09,0.04675959249581568,2.0640610745439467e-09,0.0002498004101699861,0.00011888267337172724,0.00011523487429351488,1.067991510184742e-06,2.4711582053079166e-08,0.014477423058530104,0.010817719230211255,0.009867190124841746,0.014926369553709625,7.739691997118463e-08,2.1070914989116707e-10,0.022088891997648918,0.0036914378990656424,1.4571015790479276e-05,2.1193346462053605e-06,5.308621615355214e-06,0.017061029917609744,8.964419994629457e-06,4.736048084048777e-11,3.720073482783441e-09,0.0036325237284425952
1.7333015791521802e-05,0.5113458120479852,3.76,0.0,0.0003705727036248367,0.6779437917030764,0.2688320831456844,0.03551275887620106,0.0006445552514036814,0.028841080550141514,0.22019135964317724,1.2352117309834948e-10,0.30643035777466493,1.5069512657913014e-06,0.00014702730559926336,0.2959652289242763,0.0015621745905375268,9.019595363813256e-05,1.667297010178552e-05,0.0015742787290662784,0.16019772295622767,2.1332778754351737e-05,4.180899131866512e-05,0.008890891933203231,0.03631696250011994,0.0003999688986246253,0.00014384396701559862,0.0007850321710503247,4.6237447898508035e-09,0.046685238411086176,2.057728942763886e-09,0.0002491479866200477,0.00011868627282216332,0.00011494414558859507,1.0646678291255248e-06,2.4629128980650144e-08,0.014465244645634827,0.010798534795032082,0.009866563453314546,0.014915288952356826,7.727402498175615e-08,2.1028730858594833e-10,0.022097300195482117,0.003689466965842414,1.4579773233751461e-05,2.1158071803792653e-06,5.311049379608285e-06,0.017123124849824395,8.99662274138315e-06,4.724809555293178e-11,3.709251373572487e-09,0.00364583575672179
1.7404608641469518e-05,0.5113885255200704,3.76,0.0,0.0003647930792868143,0.6774480368296677,0.2691953527237121,0.03561354444571598,0.0006445794477677204,0.028781127270157195,0.22047064420307189,1.2327127736549336e-10,0.30639287232646784,1.5054525018891478e-06,0.00014683893690953652,0.2966799769854214,0.001559705019846352,8.993248819808003e-05,1.6634950289434088e-05,0.0015743414717896695,0.15985256703826958,2.128516969573522e-05,4.173796568148196e-05,0.008879838192824811,0.03635300001150167,0.00039970293828117665,0.00014363182497844395,0.0007832686042755976,4.609428473367509e-09,0.04661085600152703,2.0514333602306915e-09,0.00024850094790084345,0.0001184912807912847,0.00011465532963155102,1.061367533390232e-06,2.4547222791375685e-08,0.014453168886769948,0.010779414443875916,0.009866025408147686,0.014904159265577614,7.715108458463154e-08,2.098684340928326e-10,0.022105492311329605,0.0036875326433500684,1.458858994794528e-05,2.112311485812953e-06,5.31351697856361e-06,0.017185079454301793,9.028847204281383e-06,4.713632903077418e-11,3.698494766029535e-09,0.0036591614860101195
1.7476201491417233e-05,0.5114311478378372,3.76,0.0,0.00035911212648194484,0.6769530323103023,0.26955826415277445,0.03571401934092314,0.0006446095665731988,0.028721289881492577,0.22074935139260077,1.2302225783715802e-10,0.30635523731067066,1.5039597448905025e-06,0.00014665238876343062,0.2973934169857158,0.0015572444806693055,8.967049855608204e-05,1.6597225737336044e-05,0.001574421051408199,0.15950822141118776,2.1237917999482203e-05,4.1667457643051363e-05,0.008868836336355192,0.0363889211190351,0.0003994405415741086,0.00014342132795302503,0.000781514826623761,4.595217388421734e-09,0.046536445969461826,2.0451737606465166e-09,0.0002478591982618092,0.00011829767740881979,0.00011436840058172327,1.0580902751715168e-06,2.44658558157127e-08,0.014441193961185619,0.010760358430989913,0.009865574663132938,0.014892981394347946,7.702809992271588e-08,2.0945246510261442e-10,0.02211347011755961,0.0036856344877530325,1.4597465140120095e-05,2.1088471474975332e-06,5.316024021291681e-06,0.017246894450367423,9.061093614063631e-06,4.702516440886002e-11,3.687802846086064e-09,0.003672500994971925
1.754779434136495e-05,0.5114736796026721,3.76,0.0,0.0003535280963570416,0.6764587719014072,0.26992082119165783,0.035814185310818175,0.0006446455351111895,0.028661567981603256,0.22102748504708267,1.2277412447897796e-10,0.30631745411779815,1.5024729146856988e-06,0.0001464676414434522,0.2981055572102156,0.0015547929463599966,8.940997423459527e-05,1.6559792044082913e-05,0.0015745172620687806,0.15916468176461,2.1191018403408613e-05,4.159746007172457e-05,0.008857886170136327,0.03642472655801496,0.0003991816616242298,0.00014321245199588274,0.0007797707211430835,4.581110490332259e-09,0.0464620090104777,2.038949785441763e-09,0.0002472226444517924,0.00011810544312906523,0.00011408333303717287,1.0548357144333942e-06,2.4385021051905163e-08,0.014429318081422943,0.010741366991948172,0.009865209912029146,0.014881756226219013,7.690507212388619e-08,2.0903937614540272e-10,0.022121235362401796,0.0036837720604290694,1.4606398027509917e-05,2.105413756894683e-06,5.318570132052875e-06,0.017308570547572986,9.093362200110918e-06,4.6914602984226994e-11,3.6771748091333006e-09,0.003685854361472538
1.7619387191312664e-05,0.5115161214088432,3.76,0.0,0.00034803927333464893,0.6759652494478269,0.2702830275460425,0.035914044076430854,0.000644687281868045,0.028601961171242613,0.2213050489582371,1.225268824698471e-10,0.3062795241201005,1.5009919326921323e-06,0.00014628467548096052,0.29881640584495994,0.0015523503898336795,8.915090484406002e-05,1.6522644975924562e-05,0.0015746299012397065,0.15882194383767048,2.1144465809118372e-05,4.1527965956008835e-05,0.008846987496183695,0.03646041705286066,0.00039892625230652205,0.00014300517356538882,0.0007780361726652821,4.567106053878279e-09,0.04638754581355685,2.0327611915316226e-09,0.00024659119566291143,0.00011791455873016074,0.00011380010202969917,1.0516035187574184e-06,2.4304712407349946e-08,0.014417539492861713,0.010722440343955428,0.00986492986835594,0.01487048463545975,7.678200230680912e-08,2.086291482523433e-10,0.022128789770233782,0.003681944927957478,1.4615387837286883e-05,2.102010910775885e-06,5.321154930812407e-06,0.017370108445802317,9.125653181707137e-06,4.6804644909651355e-11,3.6666098523990425e-09,0.00369922166258565
1.769098004126038e-05,0.5115584738428506,3.76,0.0,0.0003426439741692533,0.6754724588807893,0.27064488686969496,0.03601359733148231,0.0006447347364930934,0.02854246905441195,0.22158204687508018,1.222804920603523e-10,0.3062414486719949,1.4995167217995165e-06,0.0001461034716512933,0.29952597097882716,0.0015499167835850568,8.889328007909077e-05,1.648578026541522e-05,0.0015747587698805609,0.1584800034182964,2.1098255218198904e-05,4.145896840074861e-05,0.008836140112414981,0.03649599331738267,0.00039867426822881986,0.00014279946950940237,0.000776311067760139,4.553202174768069e-09,0.04631305706137501,2.0266074389608168e-09,0.0002459647634107826,0.00011772500530419311,0.00011351868301360395,1.0483933629997535e-06,2.4224922885244048e-08,0.014405856472721587,0.010703578686517473,0.009864733264916915,0.014859167483376907,7.665889158486746e-08,2.0822171520747155e-10,0.022136135042226696,0.003680152662080126,1.4624433806723475e-05,2.0986382118893913e-06,5.323778032497621e-06,0.017431508835447026,9.157966767464256e-06,4.669526757488248e-11,3.6561071954009106e-09,0.003712602974610125
1.7762572891208096e-05,0.5116007374846592,3.76,0.0,0.00033734054737712317,0.6749803942166744,0.2710064027651895,0.036112846742780674,0.0006447878297713958,0.028483091238337307,0.22185848250446732,1.2203493757937598e-10,0.30620322911032666,1.4980472062942436e-06,0.00014592401096562933,0.30023426060465097,0.0015474920997012955,8.863708971621522e-05,1.644919364781222e-05,0.0015749036724341024,0.1581388563426711,2.1052381626082028e-05,4.1390460623585344e-05,0.00882534381279269,0.036531456054945274,0.00039842566471415,0.00014259531705459539,0.0007745952947126213,4.539397997985167e-09,0.04623854343048938,2.0204879541485507e-09,0.0002453432614636503,0.00011753676424876533,0.0001132390518590472,1.0452049290936346e-06,2.414564490525147e-08,0.014394267329453318,0.010684782201843972,0.00986461885350762,0.01484780561851357,7.653574105780683e-08,2.078170209481228e-10,0.02214327285673493,0.0036783948396783765,1.4633535183024476e-05,2.095295269821145e-06,5.326439070207942e-06,0.017492772397480927,9.19030316576099e-06,4.658645888263391e-11,3.645666082113946e-09,0.0037259983730798365
1.783416574115581e-05,0.5116429129065585,3.76,0.0,0.0003321273724030457,0.674489049555202,0.2713675787849688,0.03621179395080811,0.0006448464936019822,0.028423827333422857,0.22213435951188532,1.2179026003245934e-10,0.3061648667547762,1.4965833118553113e-06,0.0001457462746712246,0.30094128262089603,0.0015450763098722817,8.838232361091389e-05,1.6412881109765148e-05,0.0015750644163743078,0.15779849849398306,2.1006840138885532e-05,4.132243595377297e-05,0.008814598387517407,0.0365668059587027,0.00039818039778990744,0.00014239269380097465,0.0007728887434837574,4.525692576809876e-09,0.04616400559157798,2.014402617593163e-09,0.00024472660574154694,0.00011734981726273377,0.00011296118483857875,1.0420379057740698e-06,2.406687269809489e-08,0.014382770401875715,0.010666051055438306,0.009864585404503813,0.014836399876927447,7.641255181034072e-08,2.0741507558833707e-10,0.02215020486985494,0.0036766710427350866,1.4642691222838546e-05,2.091981699600774e-06,5.329137687286451e-06,0.017553899803632925,9.222662581246177e-06,4.647823623628352e-11,3.635285753266898e-09,0.003739407932778677
1.7905758591103527e-05,0.5116850006742979,3.76,0.0,0.0003270028591040232,0.6739984190783233,0.27172841843199597,0.036310440570086394,0.0006449106609900517,0.02836467695321187,0.22240968152193896,1.2154644472286104e-10,0.3061263629081217,1.4951249656012485e-06,0.00014557024425474702,0.30164704483269755,0.0015426693853927429,8.812897169575226e-05,1.6376838749966857e-05,0.0015752408122191037,0.15745892580192952,2.0961626070340103e-05,4.1254887832816666e-05,0.008803903623143788,0.03660204371174583,0.0003979384241850732,0.00014219157772217317,0.000771191305686727,4.512083576266241e-09,0.04608944420957878,2.008351218366146e-09,0.0002441147142569348,0.00011716414634639879,0.00011268505862250733,1.0388919884109426e-06,2.3988601025542824e-08,0.014371364058645943,0.010647385396456332,0.009864631706614493,0.01482495108236199,7.628932492567957e-08,2.0701585272281703e-10,0.022156932715766187,0.0036749808583109397,1.4651901192228517e-05,2.0886971208507723e-06,5.331873509430584e-06,0.017614891716524344,9.255045202475628e-06,4.6370591210873046e-11,3.624965451611033e-09,0.0037528317277494916
1.7977351441051242e-05,0.5117270013467632,3.76,0.0,0.00032196544714744674,0.6735084970488916,0.2720889251605344,0.03640878818960233,0.0006449802660111806,0.028305639714362132,0.22268445211893087,1.2130341268999668e-10,0.3060877188565002,1.4936720959596145e-06,0.00014539590142846119,0.30235155495308047,0.0015402712971840922,8.787702397855872e-05,1.634106244503504e-05,0.0015754326740201976,0.1571201342426243,2.0916734714914295e-05,4.1187809808628396e-05,0.008793259302731022,0.03663716998727509,0.0003976997013056647,0.00014199194714977517,0.0007695028745610691,4.498569639917739e-09,0.04601485994388279,2.0023328664127996e-09,0.00024350750704424436,0.00011697973378916175,0.00011241065027448744,1.0357668787989003e-06,2.391082179277376e-08,0.014360046697615321,0.01062878535813803,0.009864756566558757,0.014813460046459642,7.616606148331235e-08,2.0661923736082127e-10,0.022163458007153393,0.0036733238785081885,1.4661164366982272e-05,2.08544115965617e-06,5.334646169146518e-06,0.017675748789752393,9.287451214859468e-06,4.626348032122682e-11,3.6147044603430284e-09,0.003766269831305172
1.8041785006004186e-05,0.5117647279403559,3.76,0.0,0.00031750498357019087,0.6730681682717751,0.2724130993845674,0.03649704669403129,0.0006450475061299221,0.028252602621091437,0.2229312771262341,1.210854053055769e-10,0.3060528203836935,1.492369137709981e-06,0.00014524042085192767,0.30298454981972883,0.0015381205484626891,8.765146342701748e-05,1.6309088095562152e-05,0.0015756184218215065,0.15681588642095795,2.0876604556205e-05,4.1127836275910515e-05,0.008783722361766189,0.03666868887000379,0.0003974875954576429,0.00014181353213415593,0.0007679909003927887,4.486487902556172e-09,0.04594771507955559,1.9969445598505706e-09,0.00024296496118798232,0.00011681482399017889,0.00011216513290751521,1.032971829664695e-06,2.3841236957214312e-08,0.014349935852906196,0.010612101526132085,0.00986493513647547,0.014803082658369947,7.605509400023479e-08,2.0626453523637403e-10,0.02216915889999456,0.003671860653837084,1.4669546124866e-05,2.0825349584542358e-06,5.337172777339493e-06,0.017730405400246937,9.316636781591565e-06,4.616756024773446e-11,3.605519684911368e-09,0.003778376418319578
1.810621857095713e-05,0.5118023848379156,3.76,0.0,0.00031311273941852033,0.6726284046953893,0.27273700914761306,0.036585065394891245,0.0006451190517561772,0.028199656589656275,0.22317766091132366,1.2086807615974522e-10,0.30601781028570874,1.491070508501777e-06,0.00014508627960473227,0.30361654214777845,0.0015359769115119225,8.742702506948105e-05,1.6277323429051167e-05,0.001575816417754948,0.15651226523094228,2.0836728741745142e-05,4.1068233841095624e-05,0.008774225938773255,0.03670011846909673,0.00039727805871689174,0.00014163628786455326,0.0007664860610906621,4.4744815698265016e-09,0.0458805526816798,1.9915827645918266e-09,0.0002424260910818581,0.0001166509068782041,0.00011192097261618381,1.0301931904820845e-06,2.377204243594686e-08,0.01433989468520296,0.010595471015646054,0.009865175543538522,0.014792672275882051,7.59440985292134e-08,2.0591194519579085e-10,0.022174698155929568,0.0036704237090479635,1.4677969885365253e-05,2.079651375200998e-06,5.339728689489554e-06,0.01778495377543803,9.34584157229263e-06,4.607209038895977e-11,3.5963818515349123e-09,0.003790494706416773
1.8170652135910073e-05,0.5118399724183839,3.76,0.0,0.00030878763332181186,0.6721892022908017,0.2730606568753753,0.036672845402142634,0.0006451948568736929,0.028146801346587917,0.2234236060103553,1.2065138834577932e-10,0.3059826894686226,1.4897761585470198e-06,0.0001449334647961691,0.3042475373842218,0.0015338403644413784,8.720370176236964e-05,1.62457656721052e-05,0.0015760265320517157,0.15620926782674302,2.079710402013677e-05,4.1008997999870195e-05,0.008764769869290409,0.036731459256589036,0.0003970710613314724,0.0001414601992175787,0.0007649882819088125,4.4625493505762135e-09,0.04581337322070328,1.9862470898362243e-09,0.0002418908421212824,0.00011648797008781882,0.00011167815340767725,1.0274307557004304e-06,2.3703233623506417e-08,0.014329922081423759,0.010578893894300003,0.009865476952014262,0.014782229467727665,7.583307583929076e-08,2.0556141519327875e-10,0.022180076910004072,0.003669012756548915,1.468643514102724e-05,2.07679014705224e-06,5.342313647292503e-06,0.017839394374580656,9.375065717694396e-06,4.597705061504321e-11,3.5872904481889977e-09,0.0038026247476558683
1.8235085700863016e-05,0.5118774910835364,3.76,0.0,0.0003045286047521409,0.6717505570866783,0.27338404495881674,0.036760387807636394,0.0006452748762096687,0.028094036620667954,0.2236691149305622,1.204353432411883e-10,0.3059474588267723,1.4884860391328936e-06,0.00014478196369825425,0.3048775409096879,0.001531710885099802,8.698148641380306e-05,1.6214412120032607e-05,0.001576248637157273,0.155906891395586,2.075772717403496e-05,4.0950124329202985e-05,0.008755353986621894,0.03676271169752264,0.00039686657402335544,0.00014128525133288641,0.0007634974892576691,4.450690505316609e-09,0.04574617716336821,1.9809372633419066e-09,0.0002413591610570117,0.00011632600146512061,0.00011143665957483757,1.0246843241592805e-06,2.363480605188006e-08,0.014320016948739248,0.010562370218844028,0.009865838538921924,0.014771754794094125,7.572202668872879e-08,2.0521292279220093e-10,0.02218529628216514,0.003667627512460426,1.4694941388329947e-05,2.0739510161437717e-06,5.344927400926235e-06,0.01789372765044188,9.404309338027758e-06,4.588243921268076e-11,3.5782449767576035e-09,0.003814766593569368
1.829951926581596e-05,0.5119149412119162,3.76,0.0,0.0003003346101177843,0.6713124651583516,0.2737071757607643,0.036847693688506926,0.0006453590651077417,0.028041362142529006,0.22391419015568914,1.2021996049233126e-10,0.30591211924490336,1.4872001022796378e-06,0.00014463176371873131,0.3055065580509738,0.0015295884511364796,8.676037197478428e-05,1.6183260145839187e-05,0.0015764826072640643,0.15560513315144403,2.0718595035965583e-05,4.089160846731381e-05,0.008745978122253584,0.03679387625125047,0.0003966645679041841,0.00014111142955733013,0.0007620136104846265,4.438904370469538e-09,0.045678964973383564,1.9756531364261143e-09,0.00024083099571315324,0.00011616498902253572,0.0001111964756268044,1.0219536981750642e-06,2.356675569848119e-08,0.01431017821086973,0.010545900037294468,0.009866259491679165,0.01476124880817211,7.561095182900578e-08,2.0486646530317742e-10,0.022190357380061983,0.00366626769594342,1.4703488128419629e-05,2.071133728011467e-06,5.347569704646052e-06,0.01794795405052191,9.43357255006558e-06,4.578826382488284e-11,3.569244944569582e-09,0.0038269202952684535
1.8363952830768903e-05,0.5119523231855179,3.76,0.0,0.00029620462026086394,0.6708749226211819,0.27403005161988475,0.03693476410929962,0.0006454473794352399,0.027988777644384864,0.22415883414930163,1.2000522133969264e-10,0.3058766715995924,1.4859183006450043e-06,0.00014448285238347387,0.3061345940885619,0.0015274730400252593,8.654035143256715e-05,1.6152307138904185e-05,0.0015767283180833855,0.15530399033132042,2.0679704501424486e-05,4.0833446105385956e-05,0.008736642106165137,0.0368249533722653,0.00039646501442547696,0.00014093871941435265,0.0007605365737468434,4.42718982982889e-09,0.045611737111913596,1.9703944444215395e-09,0.00024030629482839014,0.00011600492091698519,0.00011095758626662695,1.0192386830451936e-06,2.3499078500229077e-08,0.014300404805570625,0.010529483390241207,0.009866739006583008,0.014750712057192967,7.549985201238611e-08,2.0452201072865742e-10,0.022195261300862773,0.003664933028778499,1.4712074868239249e-05,2.0683380303143333e-06,5.350240309992846e-06,0.018002074017797617,9.462855469587787e-06,4.569451363198614e-11,3.560289861058353e-09,0.003839085903499055
1.8428386395721846e-05,0.5119896373895724,3.76,0.0,0.00029213762926513375,0.6704379256553369,0.2743526748357114,0.03702160011420099,0.0006455397758965596,0.027936282861020005,0.2244030493422183,1.1979110068890269e-10,0.30584111675421555,1.4846405880676498e-06,0.00014433521739908785,0.3067616542277088,0.001525364628962539,8.632141783259478e-05,1.6121550529741278e-05,0.0015769856478186233,0.15500346020961664,2.0641052536299083e-05,4.0775633023389995e-05,0.008727345765984457,0.03685594350720659,0.00039626788557099865,0.00014076710671971895,0.0007590663085037591,4.4155458418994215e-09,0.04554449403608145,1.9651608517528604e-09,0.00023978500859806492,0.00011584578554056414,0.00011071997651319193,1.0165390888386247e-06,2.3431770184612684e-08,0.014290695693149532,0.010513120306404345,0.00986727629427945,0.014740145078766236,7.53887279851479e-08,2.0417951777215753e-10,0.022200009124833657,0.003663623237021105,1.4720701120284261e-05,2.0655636755413182e-06,5.352938970236545e-06,0.01805608798790533,9.492158202156179e-06,4.560117432502251e-11,3.5513792485006623e-09,0.003851263468413701
1.849281996067479e-05,0.5120268841851567,3.76,0.0,0.00028813264537142267,0.6700014704803494,0.27467504768400575,0.03710820273498974,0.0006456362117217502,0.02788387752880905,0.22464683814531464,1.195776170092148e-10,0.30580545556406086,1.4833669188631218e-06,0.00014418884658742967,0.30738774362790394,0.0015232631949868148,8.61035642563353e-05,1.6090987781639364e-05,0.0015772544762031227,0.1547035400835083,2.060263610408376e-05,4.0718165047509736e-05,0.008718088927908709,0.03688684709792493,0.00039607315366244116,0.00014059657745233207,0.0007576027450091065,4.403971879435451e-09,0.045477236200531096,1.9599521453579066e-09,0.0002392670880820123,0.00011568757141928016,0.0001104836315640596,1.0138547284533907e-06,2.3364826563485242e-08,0.014281049847729306,0.01049681080735381,0.009867870574184071,0.014729548404600059,7.527758048404467e-08,2.038389774794314e-10,0.022204601921919382,0.003662338049349463,1.4729366404341284e-05,2.062810418749821e-06,5.355665447999057e-06,0.018109996391996123,9.521480857872142e-06,4.550825247830957e-11,3.5425126374094727e-09,0.003863453039808866
1.8557253525627733e-05,0.5120640639547789,3.76,0.0,0.0002841886975544657,0.6695655533742058,0.27499717240517674,0.03719457298511575,0.0006457366448989884,0.027831561386471113,0.224890202939776,1.1936478918875567e-10,0.3057696888725665,1.4820972483647834e-06,0.00014404372793123772,0.3080128673803212,0.0015211687148922832,8.588678383652251e-05,1.6060616435533747e-05,0.0015775346851630472,0.15440422728406128,2.0564452236364562e-05,4.066103808106763e-05,0.008708871416172817,0.036917664579215026,0.0003958807915073439,0.0001404271178464679,0.0007561458146855413,4.392467247139098e-09,0.045409964056387614,1.954768206201028e-09,0.0002387524856108175,0.00011553026728703213,0.00011024853690214422,1.0111854189945736e-06,2.3298243971654962e-08,0.014271466263483723,0.01048055490422804,0.009868521078615878,0.014718922557773299,7.516641024072527e-08,2.035003893788702e-10,0.022209040746928588,0.0036610771983567225,1.473807024771296e-05,2.0600780186306966e-06,5.358419509013465e-06,0.018163799654557118,9.550823543911597e-06,4.5415755681552075e-11,3.5336895624734947e-09,0.0038756546669422493
1.8621687090580676e-05,0.5121011770479773,3.76,0.0,0.00028030482568322464,0.6691301706452717,0.27531905122129224,0.037280711868427165,0.0006458410338292646,0.027779334173986113,0.2251331460912894,1.1915256484484516e-10,0.30573381751686635,1.4808315322399082e-06,0.00014389984950780786,0.3086370305405932,0.0015190811653646055,8.56710697346151e-05,1.6030434040631396e-05,0.001577826157757676,0.1541055191599212,2.0526498039236797e-05,4.060424806353251e-05,0.008699693053953645,0.03694839638216171,0.00039569077217273843,0.00014025871426259415,0.0007546954495627903,4.3810305121338415e-09,0.04534267805287188,1.949608712861141e-09,0.00023824115414556948,0.0001153738619793627,0.0001100146781359816,1.0085309796459702e-06,2.323201864529055e-08,0.014261943945277739,0.010464352602818978,0.00986922704671181,0.014708268056753985,7.505521799284246e-08,2.031637000990919e-10,0.022213326646681283,0.0036598404187125305,1.4746812182423369e-05,2.05736623558066e-06,5.361200912465321e-06,0.018217498196615205,9.580186365293338e-06,4.532365733812419e-11,3.524909558300858e-09,0.0038878683988008817
1.868612065553362e-05,0.5121382238419797,3.76,0.0,0.0002764800897216215,0.6686953186591923,0.27564068631973265,0.03736662037086711,0.000645949337644925,0.02772719563363687,0.22537566993632388,1.1894090580846852e-10,0.3056978423225659,1.4795697271993888e-06,0.00014375719955841897,0.30926023809701525,0.0015170005228516401,8.545641516141447e-05,1.6000438169807477e-05,0.0015781287792589864,0.15380741309317134,2.0488770666804327e-05,4.054779101346497e-05,0.008690553662644224,0.036979042930970686,0.00039550306919092985,0.00014009135331873154,0.0007532515828130599,4.3696607070602676e-09,0.04527537863587527,1.9444732426577863e-09,0.00023773304786382676,0.00011521834453866798,0.00010978204115975533,1.00589123365743e-06,2.3166146225786096e-08,0.014252481917316363,0.010448203898928626,0.009869987730196062,0.014697585411617212,7.49440044700159e-08,2.0282885413363696e-10,0.022217460653288345,0.0036586274489659194,1.475559174359069e-05,2.05467483496734e-06,5.36400942089095e-06,0.01827109243265019,9.609569414407965e-06,4.52319363938206e-11,3.516172177076174e-09,0.0039000942838385315
1.8750554220486563e-05,0.5121752046778892,3.76,0.0,0.0002727135626983926,0.6682609938182469,0.2759620798657517,0.03745229946680921,0.0006460615159649246,0.027675145509244974,0.22561777679258416,1.1872991936516583e-10,0.30566176410766693,1.4783117903864568e-06,0.00014361576643336901,0.30988249499483095,0.0015149267636773783,8.524281336270795e-05,1.5970626455263926e-05,0.0015784424363675283,0.15350990648725035,2.0451267211687183e-05,4.049166299295439e-05,0.00868145306242046,0.03700960464537823,0.0003953176564044413,0.00013992502178495066,0.0007518141483398882,4.3583581385828785e-09,0.04520806624902978,1.9393618461520443e-09,0.00023722812168628675,0.00011506370413136024,0.00010955061201975349,1.0032660067422657e-06,2.3100622955426094e-08,0.014243079216605706,0.010432108782035324,0.009870802389008027,0.014686875126881408,7.483277038018076e-08,2.024959090171748e-10,0.022221443789257563,0.003657438030197702,1.4764408473674643e-05,2.0520035843022505e-06,5.366844816743224e-06,0.01832458277291882,9.638972793704524e-06,4.5140642163400115e-11,3.5074769790858237e-09,0.003912332370182199
1.8814987785439506e-05,0.5122121199241327,3.76,0.0,0.00026900433412786604,0.6678271925719862,0.2762832339959621,0.037537750115856736,0.0006461775290057754,0.02762318354656292,0.22585946895351686,1.185195522764602e-10,0.3056255836806387,1.477057679850585e-06,0.0001434755386175346,0.310503806123386,0.0015128598639823812,8.50302576262252e-05,1.5940996582786072e-05,0.0015787670174617578,0.15321299677312847,2.041398492757016e-05,4.0435860130488706e-05,0.00867239107207269,0.03704008193944391,0.00039513450804132516,0.00013975970664514197,0.0007503830809930293,4.347121450764535e-09,0.04514074133325758,1.9342742480833496e-09,0.00023672633150356463,0.00011490993009699608,0.000109320376995378,1.0006551278888725e-06,2.303544540061297e-08,0.014233734896017609,0.010416067233598694,0.009871670293490948,0.0146761377001144,7.472151644812134e-08,2.0216481559009935e-10,0.02222527706498453,0.0036562719067447036,1.4773261918927708e-05,2.0493522541377738e-06,5.369706867161101e-06,0.018377969622276842,9.668396593436432e-06,4.504974808176983e-11,3.4988235209508107e-09,0.003924582705519634
1.887942135039245e-05,0.5122489699178179,3.76,0.0,0.0002653515049732899,0.6673939114024309,0.2766041508273237,0.037622973267405505,0.000646297337417614,0.027571309492690297,0.2261007486958908,1.1830972967976673e-10,0.3055893018432989,1.475807354001508e-06,0.00014333650469640347,0.31112417633369877,0.0015107997997908182,8.481874126981528e-05,1.5911546237101623e-05,0.0015791024121655534,0.15291668140076958,2.0376921094728118e-05,4.038037859241775e-05,0.008663367509382756,0.03707047522329539,0.0003949535986128183,0.0001395953950171214,0.0007489583162763993,4.335949165547259e-09,0.04507340432754284,1.929210058104199e-09,0.00023622763386115764,0.00011475701188576604,0.00010909132250926906,9.980584282781804e-07,2.2970609863056543e-08,0.014224448019570624,0.010400079229556379,0.009872590721220592,0.014665373624017979,7.461024339791675e-08,2.0183550364194612e-10,0.02222896148243767,0.003655128825195381,1.4782151632290344e-05,2.046720616741974e-06,5.372595340567802e-06,0.018431253381846865,9.697840906939922e-06,4.4959216702528816e-11,3.4902113633812364e-09,0.003936845337243655
1.8943854915345393e-05,0.5122857550139102,3.76,0.0,0.00026175419282847503,0.6669611468393756,0.2769248324478386,0.037707969855919996,0.0006464209024560332,0.027519523096699087,0.22634161827187735,1.181005019235215e-10,0.3055529193878031,1.4745607720655657e-06,0.00014319865339447907,0.31174361042012866,0.0015087465469505715,8.460825765464462e-05,1.588227314573647e-05,0.0015794485119459839,0.1526209578481849,2.0340072978292478e-05,4.032521460988803e-05,0.008654382190768247,0.03710078490132134,0.00039477490302155854,0.00013943207422995258,0.0007475397906540933,4.324841061863359e-09,0.04500605566814453,1.9241691275384772e-09,0.00023573198626638994,0.00011460493911905469,0.00010886343521595319,9.954757423459877e-07,2.2906112475410933e-08,0.014215217667303303,0.010384144737855644,0.009873562960300843,0.014654583384247357,7.449895193269778e-08,2.0150798461459321e-10,0.02223249803134633,0.0036540085354584122,1.4791077170555337e-05,2.0441084485394594e-06,5.375510018380122e-06,0.018484434447251518,9.727305821097821e-06,4.4869069654789886e-11,3.4816400838476988e-09,0.00394912031230409
1.9008288480298336e-05,0.5123224755507436,3.76,0.0,0.00025821152931309276,0.6665288954527891,0.2772452809211714,0.0377927408032707,0.0006465481858959492,0.02746782410934372,0.22658207991291568,1.1789191572247389e-10,0.30551643709810805,1.4733178938644263e-06,0.0001430619735541726,0.3123621131293407,0.0015067000811721804,8.439880017921453e-05,1.5853175083416856e-05,0.0015798052097619447,0.15232582361690764,2.030343788995294e-05,4.0270364465342474e-05,0.008645434931495938,0.037131011373064175,0.0003945983965016007,0.00013926973178631625,0.0007461274413952173,4.313796859003491e-09,0.04493869578899762,1.9191513613217794e-09,0.0002352393470182732,0.0001144537015581786,0.00010863670195190855,9.929069072078788e-07,2.2841949665131802e-08,0.014206042932849381,0.01036826371978523,0.009874586307746517,0.014643767460471788,7.438764275275305e-08,2.011822735351881e-10,0.022235887691088377,0.0036529107902587414,1.4800038094859328e-05,2.041515528728083e-06,5.378450684104811e-06,0.018537513209488092,9.756791420824564e-06,4.477932743670479e-11,3.473109264704861e-09,0.003961407677282924
1.907272204525128e-05,0.5123591318703893,3.76,0.0,0.00025472266110674783,0.6660971538561435,0.2775654982845964,0.03787728701773704,0.0006466791500700539,0.02741621228319236,0.2268221358279342,1.1768391280520882e-10,0.305479855749367,1.47207867993054e-06,0.00014292645414520712,0.3129796891561623,0.0015046603780143075,8.419036228205809e-05,1.5824249861330027e-05,0.0015801724001572016,0.15203127623399737,2.0267013234070863e-05,4.0215824498298445e-05,0.008636525545660648,0.03716115503284348,0.00039442405464700674,0.0001391083553784623,0.0007447212066435884,4.302815323171978e-09,0.04487132512158443,1.914156465234173e-09,0.00023474967526712352,0.00011430328911865373,0.00010841110975969356,9.903517628856198e-07,2.2778118075380303e-08,0.014196922924363172,0.010352436129527192,0.009875660070171793,0.014632926325931335,7.427631656838193e-08,2.0085831755279914e-10,0.022239131429916802,0.003651835345382197,1.480903397174127e-05,2.0389416390034157e-06,5.381417115780367e-06,0.01859049005454562,9.786297787279179e-06,4.468996103969426e-11,3.464618488002094e-09,0.003973707478359071
1.9137155610204223e-05,0.5123957243045417,3.76,0.0,0.00025128674570911586,0.6656659186941285,0.27788548655645356,0.03796160939782881,0.0006468137577162482,0.027364687372128986,0.22706178820967107,1.1747645041387827e-10,0.3054431761103796,1.4708430912186053e-06,0.0001427920842311962,0.3135963431581689,0.0015026274129324784,8.398293743101919e-05,1.5795495299091096e-05,0.0015805499788683743,0.15173731324491233,2.0230796427643928e-05,4.016159108700881e-05,0.00862765384652054,0.037191216271221614,0.00039425185331696806,0.00013894793283008184,0.0007433210251714888,4.291895369751303e-09,0.04480394409561297,1.9091841221375972e-09,0.00023426293076389207,0.0001141536918242666,0.00010818664582401079,9.87810151450241e-07,2.271461415371511e-08,0.014187856760469976,0.010336661916210061,0.009876783561107026,0.014622060449222514,7.416497408464394e-08,2.005360683888017e-10,0.022242230208075826,0.003650781958826586,1.4818064373504079e-05,2.036386562907694e-06,5.384409095256386e-06,0.018643365364804477,9.81582500253724e-06,4.460094824684214e-11,3.4561673405820558e-09,0.003986019761424367
1.9201589175157166e-05,0.5124322531939433,3.76,0.0,0.0002479029589251935,0.6652351866646355,0.27820524772279076,0.03804570882545295,0.0006469519722455036,0.027313249132278804,0.2273010392232026,1.172695763753367e-10,0.30540639893917265,1.4696110896055125e-06,0.00014265885302968046,0.3142120797292404,0.0015006011612076313,8.377651914373276e-05,1.576690927604652e-05,0.0015809378436283503,0.15144393222648322,2.0194784917351693e-05,4.0107660681550654e-05,0.008618819645990499,0.037221195472382354,0.00039408176880146374,0.00013878845220033855,0.0007419268368178283,4.281036704627287e-09,0.044736553137836914,1.904234201048961e-09,0.00023377907427558082,0.00011400489988838134,0.0001079632975810356,9.852819184639091e-07,2.2651434344905988e-08,0.014178843577431639,0.01032094102047786,0.009877956105817522,0.0146111702910781,7.405361598995834e-08,2.0021553749195606e-10,0.022245184972245424,0.0036497503923740627,1.4827128876115777e-05,2.0338500885560508e-06,5.38742641182039e-06,0.01869613951649797,9.845373139249926e-06,4.4512309703377064e-11,3.4477554238364823e-09,0.003998344571877092
1.926602274011011e-05,0.5124687188570548,3.76,0.0,0.0002445704880128093,0.6648049544987836,0.2785247837494844,0.03812958617211804,0.0006470937575040797,0.027261897321188028,0.22753989101628436,1.1706333695489006e-10,0.30536952498699726,1.4683826373649164e-06,0.0001425267498580662,0.31482690342341707,0.0014985815980197604,8.357110096939821e-05,1.5738489704790818e-05,0.0015813358934034885,0.15115113077515124,2.0158976179636656e-05,4.00540297708699e-05,0.008610022755151032,0.037251093016513144,0.0003939137776710795,0.00013862990168489803,0.0007405385820881781,4.270239036787221e-09,0.044669152673143774,1.899306635654381e-09,0.00023329806719063964,0.00011385690363594477,0.00010774105261307706,9.827669116241054e-07,2.2588575367073287e-08,0.014169882522609508,0.010305273377725334,0.009879177036938419,0.014600256307281602,7.394224297043165e-08,1.9989674244422822e-10,0.022247996660592472,0.0036487404101878747,1.483622706070939e-05,2.0313320060619844e-06,5.39046885768376e-06,0.0187488128820081,9.874942272811942e-06,4.4424066013835185e-11,3.439382343256947e-09,0.004010681954810485
1.9330456305063053e-05,0.512505121630573,3.76,0.0,0.000241288536948544,0.6643752189768352,0.2788440965725316,0.03821324229404026,0.0006472390779620163,0.02721063169848721,0.22777834571097144,1.1685763640448933e-10,0.30533255499521117,1.4671576976067687e-06,0.00014239576417307177,0.31544081873553126,0.0014965686983929828,8.336667650302637e-05,1.5710234520676107e-05,0.001581744028979168,0.15085890651647116,2.0123367776597798e-05,4.000069490798977e-05,0.008601262983973502,0.03728090927793461,0.000393747856900917,0.00013847226969056992,0.0007391562024717585,4.259500966991635e-09,0.044601743123769425,1.8944010713635605e-09,0.00023281987181422592,0.00011370969356489053,0.00010751989873864539,9.802649818150774e-07,2.2526034065388628e-08,0.014160972759418035,0.010289658915739863,0.009880445697903929,0.01458931894640011,7.383085572664049e-08,1.9957960777283804e-10,0.022250666198845394,0.0036477517799590503,1.4845358515774913e-05,2.0288321078904515e-06,5.3935362212870486e-06,0.018801385828025527,9.904532477377353e-06,4.433617059762523e-11,3.4310477026980975e-09,0.004023031954858087
1.9394889870015997e-05,0.5125414618255064,3.76,0.0,0.0002380563202460406,0.6639459769098685,0.2791631881092069,0.038296678037797946,0.0006473878984944262,0.02715945202514514,0.22801640541314813,1.1665244052387165e-10,0.305295489698878,1.465936233804501e-06,0.00014226588552303132,0.3160538301232373,0.0014945624372676915,8.316323936938995e-05,1.5682141668216912e-05,0.0015821621523293447,0.150567257094314,2.0087957275114767e-05,3.994765268195924e-05,0.008592540141725852,0.03731064462726374,0.0003935839837242847,0.0001383155447495498,0.0007377796400702922,4.248821531149484e-09,0.044534324910244075,1.889517150933395e-09,0.0002323444510079174,0.00011356326027506227,0.00010729982390792203,9.777759818483958e-07,2.2463806849358208e-08,0.014152113461495494,0.01027409755760146,0.009881761438989299,0.014578358652406106,7.37194549474408e-08,1.9926408426340569e-10,0.02225319450485772,0.0036467842716165484,1.485452283551219e-05,2.02635018867774e-06,5.396628295926522e-06,0.018853858717659554,9.934143826226826e-06,4.424860463348257e-11,3.422751112957399e-09,0.00403539461637101
1.945932343496894e-05,0.5125777397657304,3.76,0.0,0.00023487306415654867,0.6635172251436016,0.2794820602557178,0.038379894239176315,0.0006475401844183193,0.027108358063635266,0.22825407221044197,1.164478450228791e-10,0.3052583298260278,1.4647182099408196e-06,0.00014213710356235834,0.3166659420021959,0.0014925627894899225,8.29607832271076e-05,1.5654209153227238e-05,0.0015825901666978442,0.15027618017313965,2.005274225336833e-05,3.989489972673531e-05,0.008583854036953708,0.0373402994309739,0.00039342213565820216,0.00013815971554267305,0.0007364088376760452,4.238200764036986e-09,0.04446689845122429,1.884654865249782e-09,0.00023187176825207917,0.00011341759448634057,0.00010708081622718743,9.752997666989572e-07,2.2401890410748834e-08,0.014143303813809302,0.010258589221223045,0.009883123618124285,0.01456737586413868,7.360804130220359e-08,1.9895021678500062e-10,0.022255582487694624,0.003645837657620864,1.4863719616321516e-05,2.023886046506753e-06,5.399744882196584e-06,0.018906231909992598,9.96377638718284e-06,4.416141167980525e-11,3.414492198028772e-09,0.004047769983379546
1.9523756999921883e-05,0.5126139557656153,3.76,0.0,0.00023173800749961974,0.6630889605608407,0.27980071488571967,0.03846289172241238,0.0006476959015213119,0.027057349578032353,0.2284913481709622,1.1624384639538122e-10,0.30522107609718163,1.4635035905968678e-06,0.00014200940805923204,0.31727715874315776,0.0014905697298001586,8.275930177063651e-05,1.562643503082341e-05,0.0015830279766529682,0.1499856734393972,2.001772035965466e-05,3.984243272619208e-05,0.008575204477420153,0.03736987405110471,0.0003932622905221746,0.0001380047709143582,0.000735043738820439,4.227638092353213e-09,0.04439946416336177,1.879814190685092e-09,0.00023140178769540635,0.00011327268705027377,0.00010686286397142262,9.7283619367914e-07,2.2340282114702188e-08,0.014134543013444743,0.010243133818949944,0.009884531601425117,0.014556371014952513,7.349661547147829e-08,1.9863800643531266e-10,0.02225783104701902,0.0036449117131343418,1.4872948456786456e-05,2.021439482004389e-06,5.402885778887974e-06,0.018958505759805788,9.993430223652531e-06,4.407459038654655e-11,3.40627058422164e-09,0.004060158099569552
1.9588190564874827e-05,0.5126501101371175,3.76,0.0,0.00022865040359194337,0.6626611800873945,0.28011915384669556,0.03854567129837108,0.0006478550161364027,0.02700642633427795,0.22872823534010464,1.1604036324088433e-10,0.3051837292241671,1.4622923410172973e-06,0.00014188278890649676,0.31788748466462324,0.0014885832328235136,8.255878873646798e-05,1.559881732763975e-05,0.0015834754884237945,0.14969573460522906,1.998288927694916e-05,3.979024841846576e-05,0.008566591270041,0.037399368844562866,0.00039310442649136547,0.00013785069989120827,0.0007336842878974366,4.217132269516111e-09,0.04433202246101034,1.8749946344930913e-09,0.00023093447425164798,0.00011312852896818416,0.00010664595561538051,9.703851227929006e-07,2.2278978375783523e-08,0.014125830271445906,0.010227731256787423,0.00988598476448602,0.014545344531855653,7.338517814011278e-08,1.9832736814170085e-10,0.022259941071626235,0.003644006216468038,1.488220896394047e-05,2.0190102974179464e-06,5.406050785231008e-06,0.01901068061687802,1.0023105401285981e-05,4.39880990348887e-11,3.3980858965797663e-09,0.00407255900822625
1.965262412982777e-05,0.5126862031935336,3.76,0.0,0.000225609517833434,0.6622338806852243,0.28043737896409926,0.03862823376670238,0.000648017495050113,0.026955588099892264,0.22896473574406898,1.1583741821093389e-10,0.3051462899115237,1.4610844270402773e-06,0.00014175723610237358,0.3184969240409359,0.0014866032730930202,8.235923789683444e-05,1.5571354136994415e-05,0.0015839326095452996,0.14940636140436844,1.9948246716282786e-05,3.973834358882979e-05,0.00855801422109377,0.03742878416395461,0.0003929485220348376,0.0001376974916555576,0.0007323304300240578,4.206682785778671e-09,0.044264573756627915,1.870196040284221e-09,0.0002304697934663627,0.00011298511136805484,0.00010643007980315498,9.679464162831374e-07,2.2217976044856046e-08,0.014117164810464078,0.010212381435558323,0.009887482490848908,0.01453429683654014,7.32737299772296e-08,1.9801829902415979e-10,0.022261913441222247,0.003643120948599404,1.4891500748302109e-05,2.016598298349521e-06,5.409239705512149e-06,0.01906275682677956,1.0052801979977871e-05,4.3901946651841714e-11,3.3899377716068515e-09,0.004084972752296017
1.9717057694780713e-05,0.5127222352319808,3.76,0.0,0.00022261462440415522,0.6618070593423011,0.28075539204755046,0.03871057991893916,0.0006481833053934903,0.02690483464355176,0.22920085139523785,1.1563505444997245e-10,0.30510875885847055,1.4598798147385948e-06,0.00014163273972571286,0.3191054811147222,0.0014846298250827587,8.21606430503705e-05,1.554404357775396e-05,0.00158439924851211,0.14911755158608703,1.9913790401879937e-05,3.968671505065761e-05,0.008549473136360187,0.03745812035876814,0.0003927945558473303,0.00013754513549139413,0.0007309821108379791,4.196289321699949e-09,0.04419711846125547,1.86541838990274e-09,0.00023000771133115612,0.00011284242546221738,0.00010621522528707556,9.655199379624688e-07,2.2157272292297956e-08,0.01410854586168096,0.010197084252343103,0.009889024169838159,0.01452322834681118,7.316227164770723e-08,1.9771082055819137e-10,0.022263749028892835,0.0036422556924364993,1.4900823425969753e-05,2.014203291883754e-06,5.412452347851136e-06,0.019114734732042834,1.008252002405746e-05,4.381615305036874e-11,3.381825849999418e-09,0.0040973993744866394
1.9781491259733657e-05,0.5127582065621528,3.76,0.0,0.00021966501046115903,0.6613807130855566,0.2810731948829197,0.0387927105345431,0.0006483524147845951,0.02685416573564105,0.22943658428524377,1.1543323602885041e-10,0.3050711367563761,1.4586784708304073e-06,0.00014150928997354106,0.31971316008090045,0.0014826628631708471,8.196299803490765e-05,1.5516883788798057e-05,0.0015848753152491607,0.14882930292297794,1.987951811377177e-05,3.963535966998881e-05,0.008540967820970562,0.03748737777386144,0.00039264250694004437,0.00013739362085268958,0.000729639276758663,4.185951076906602e-09,0.04412965698389882,1.8606614315730306e-09,0.00022954819451119458,0.00011270046260084408,0.00010600138100271845,9.63105554043717e-07,2.209686409944884e-08,0.01409997266874079,0.010181839598725633,0.00989060919934148,0.014512139474743781,7.305080382295013e-08,1.9740489409316885e-10,0.022265448697943727,0.003641410233775874,1.4910176616024138e-05,2.0118250879008106e-06,5.415688519582893e-06,0.019166614670671284,1.011225959044544e-05,4.3730699663732157e-11,3.373749775762376e-09,0.004109838917140197
1.98459248246866e-05,0.5127941174802925,3.76,0.0,0.00021675997430788116,0.6609548389752998,0.2813907892357424,0.0388746263826051,0.0006485247912661693,0.026803581148027195,0.22967193638790345,1.1523192439973313e-10,0.30503342428982394,1.4574803625200242e-06,0.00014138687714379381,0.32031996509347976,0.0014807023616622923,8.176629672249282e-05,1.5489872930910496e-05,0.0015853607209181326,0.14854161320763284,1.984542766428063e-05,3.958427435533599e-05,0.008532498079497637,0.037516556750110036,0.00039249235459611634,0.0001372429373362776,0.0007283018748710953,4.175667195365407e-09,0.04406218973179105,1.8559248504990282e-09,0.00022909121023774616,0.00011255921424915035,0.00010578853603267437,9.6070313275426e-07,2.2036748308256488e-08,0.014091444486061325,0.01016664736162737,0.009892236984627928,0.014501030627459867,7.293932717145574e-08,1.971004725339185e-10,0.022267013303253456,0.003640584360905095,1.491955994118862e-05,2.009463498532651e-06,5.418948029814279e-06,0.019218396976778206,1.0142020733713913e-05,4.3645566042693614e-11,3.365709197207172e-09,0.0041222914222892116
1.9910358389639543e-05,0.512829968283159,3.76,0.0,0.00021389882352160805,0.6605294340997634,0.28170817685452104,0.03895632822356357,0.0006487004032333549,0.026753080653815528,0.2299069096620907,1.150311563674604e-10,0.30499562213775344,1.4562854574070104e-06,0.00014126549161939513,0.32092590027215084,0.0014787482948002246,8.157053301400882e-05,1.546300919731717e-05,0.0015858553777002504,0.148254480249403,1.98115168770487e-05,3.953345605034337e-05,0.008524063716079252,0.03754565762506896,0.00039234407833089096,0.0001370930746564599,0.0007269698528230517,4.165437260624278e-09,0.04399471711070387,1.8512085575382433e-09,0.00022863672621489705,0.00011241867196914445,0.00010557667958722625,9.583125440131508e-07,2.197692202968984e-08,0.014082960576988844,0.010151507424119625,0.009893906937118668,0.014489902207958994,7.282784235013222e-08,1.9679756631934045e-10,0.022268443692685824,0.0036397778641997823,1.4928973028767622e-05,2.0071183377292413e-06,5.422230692177736e-06,0.019270081981216436,1.0171803509469712e-05,4.356076837797277e-11,3.357703768548395e-09,0.004134756931704849
1.9974791954592487e-05,0.5128657592707703,3.76,0.0,0.00021108088076153406,0.6601044955928478,0.2820253594598903,0.039037816803733805,0.0006488792196495117,0.02670266402814077,0.23014150604216904,1.1483095218329632e-10,0.3049577309698917,1.45509372387066e-06,0.000141145123919182,0.3215309696803217,0.001476800636730244,8.137570085780983e-05,1.5436290828912537e-05,0.0015863591994318444,0.1479679018850693,1.9777783631977322e-05,3.9482901759721784e-05,0.008515664534200638,0.03757468073087471,0.00039219765802763883,0.0001369440227270584,0.000725643159177982,4.15526083828489e-09,0.04392723952404525,1.8465124714869423e-09,0.00022818471091351315,0.00011227882748444988,0.00010536580108873652,9.559336604982156e-07,2.1917382539408742e-08,0.014074520219366336,0.010136419663090418,0.009895618478275857,0.014478754612517464,7.271635001455614e-08,1.9649617993261452e-10,0.02226974070267197,0.003638990537461655,1.493841550995134e-05,2.0047894230529753e-06,5.425536321853703e-06,0.01932167000952008,1.020160796557915e-05,4.347631543442767e-11,3.3497331518410943e-09,0.004147235486729155
2.003922551954543e-05,0.5129014907251356,3.76,0.0,0.00020830547791918997,0.659680020616319,0.282342338755481,0.039119092860780684,0.0006490612098405363,0.026652331047395967,0.23037572744750506,1.1463124193611258e-10,0.30491975145028866,1.4539051305957415e-06,0.0001410257646459733,0.3221351773470158,0.001474859361547214,8.118179423168776e-05,1.5409716066339607e-05,0.0015868721009927643,0.14768187596820814,1.9744225837578618e-05,3.943260851917888e-05,0.008507300336950083,0.03760362639634282,0.0003920530738059345,0.00013679577157264222,0.0007243217430573369,4.145137023111407e-09,0.04385975737375107,1.8418362612801e-09,0.00022773513326165344,0.00011213967261007304,0.0001051558900788056,9.535663565298259e-07,2.185812689485901e-08,0.014066122699983157,0.010121383951695078,0.009897371035734032,0.014467588233268,7.260485082916147e-08,1.9619625124623936e-10,0.02227090516261744,0.0036382221765977676,1.4947887021408403e-05,2.0024765733856375e-06,5.428864734670022e-06,0.01937316138396543,1.0231434153060508e-05,4.3392172318710446e-11,3.341797009527754e-09,0.004159727128446
2.0103659084498374e-05,0.5129371629440629,3.76,0.0,0.0002055719604098157,0.6592560063733364,0.2826591164196197,0.03920015711960469,0.000649246343649782,0.02660208148982949,0.23060957577509988,1.1443200270704605e-10,0.30488168423467493,1.4527196469316104e-06,0.000140907404522713,0.3227385272499282,0.0014729244432655682,8.09888071568825e-05,1.5383283177741725e-05,0.0015873939987980441,0.14739640037742463,1.9710841427643276e-05,3.938257341699396e-05,0.008498970926933979,0.037632494945396326,0.00039191030612318727,0.00013664831139131604,0.0007230055544110955,4.135065073757082e-09,0.04379227105965573,1.8371796472313288e-09,0.00022728796286907246,0.00011200119930373365,0.00010494693629411728,9.512105089042431e-07,2.1799152104888213e-08,0.014057767318601448,0.010106400157688983,0.00989916404619904,0.014456403456281651,7.249334544863585e-08,1.9589774323072211e-10,0.022271937891626122,0.003637472580640428,1.4957387205692247e-05,2.00017961005798e-06,5.432215750923041e-06,0.01942455642199351,1.026128212233753e-05,4.3308325998299e-11,3.3338950092302916e-09,0.004172231897547707
2.0168092649451317e-05,0.5129727762011088,3.76,0.0,0.00020287968078420605,0.6588324500886288,0.28297569411747503,0.039281010298388847,0.0006494345912070798,0.026551915134692614,0.23084305291025067,1.1423335178905898e-10,0.3048435299743218,1.451537242421266e-06,0.0001407900343390819,0.3233410233399902,0.0014709958558732118,8.07967336784818e-05,1.5356990470957655e-05,0.0015879248100466538,0.1471114730043405,1.967762834206622e-05,3.933279356518263e-05,0.008490676106485774,0.037661286699373867,0.0003917693356181717,0.00013650163246581992,0.0007216945436137433,4.125044950472557e-09,0.04372478098042846,1.8325427432072069e-09,0.00022684316968316716,0.0001118633995914293,0.00010473892955301236,9.488659956331859e-07,2.1740455595747002e-08,0.014049453381969494,0.010091468146061358,0.009900996951199855,0.014445200664378618,7.238183450844962e-08,1.9560072290695447e-10,0.022272839703323315,0.003636741550278589,1.4966915709332437e-05,1.997898356076724e-06,5.4355891953634635e-06,0.019475855438517306,1.0291151924391648e-05,4.322483143824815e-11,3.326026825309056e-09,0.004184749834530524
2.023252621440426e-05,0.5130083307884449,3.76,0.0,0.00020022800346678282,0.6584093490235062,0.28329207349183966,0.03936165310405831,0.0006496259230972853,0.026501831762885775,0.23107616071839154,1.140352460937161e-10,0.3048052893131555,1.4503578872156505e-06,0.00014067364499832858,0.3239426695225832,0.0014690735732913658,8.060556788068111e-05,1.533083629323055e-05,0.0015884644532291009,0.14682709176268077,1.964458459787216e-05,3.9283266125223356e-05,0.00848241567757188,0.0376900019752989,0.00039163014322264123,0.00013635572523866036,0.0007203886617698935,4.115076042558071e-09,0.043657287532891074,1.8279253953003612e-09,0.00022640072424444632,0.00011172626562787268,0.0001045318598457061,9.46532696897209e-07,2.1682034874465687e-08,0.014041180208226142,0.010076587777166282,0.009902869200278837,0.014433980235025193,7.227031866229255e-08,1.9530516053948153e-10,0.022273611402252595,0.003636028888981115,1.4976472180302738e-05,1.9956326379500225e-06,5.438984889481132e-06,0.01952705874419321,1.0321043599451569e-05,4.3141667908648886e-11,3.3181921385269925e-09,0.00419728097954395
2.0296959779357204e-05,0.5130438269789472,3.76,0.0,0.00019761630429586098,0.6579867004744764,0.2836082561639749,0.03944208623268782,0.0006498203103495615,0.026451831156920885,0.23130890104575952,1.1383760032571187e-10,0.30476696288798455,1.449181551963993e-06,0.00014055822750901604,0.324543469659136,0.0014671575693901379,8.041530388619688e-05,1.5304818972150348e-05,0.0015890128481901122,0.1465432545876099,1.9611708215833813e-05,3.923398830156409e-05,0.00847418944183929,0.03771864108603125,0.0003914927101573685,0.0001362105802977948,0.000719087860684823,4.105157338189544e-09,0.04358979111206535,1.8233271504493004e-09,0.0002259605976509427,0.00011158978968717316,0.00010432571731888905,9.442104949200678e-07,2.1623886875766656e-08,0.014032947126522585,0.010061758907001297,0.009904780250724896,0.014422742540502388,7.215879856486222e-08,1.9501097236637895e-10,0.022274253784186716,0.0036353344029115844,1.4986056273011584e-05,1.9933822831475625e-06,5.442402659469255e-06,0.019578166645554812,1.0350957193570492e-05,4.305879205068753e-11,3.310390627719159e-09,0.00420982537240692
2.0361393344310147e-05,0.513079265053831,3.76,0.0,0.00019504396817461662,0.6575645017660697,0.2839242437379981,0.03952231037171551,0.0006500177243423409,0.026401913100603573,0.2315412757232447,1.1364045372474987e-10,0.30472855132992854,1.448008207748746e-06,0.00014044377296397735,0.3251434275759747,0.0014652478180044368,8.02259358492092e-05,1.52789368887236e-05,0.0015895699157646459,0.14625995943129005,1.9578997244261966e-05,3.918495733465189e-05,0.008465997200708106,0.03774720434111379,0.000391357017870662,0.00013606618834999685,0.0007177920927214791,4.095288435196728e-09,0.043522292111530025,1.8187479284132035e-09,0.0002255227614384971,0.00011145396414037397,0.0001041204922431618,9.41899273532955e-07,2.15660089869859e-08,0.014024753474770486,0.010046981388176475,0.009906729566007157,0.01441148794894765,7.204727485338001e-08,1.9471817032430434e-10,0.022274767637908605,0.0036346579003924003,1.4995667645169418e-05,1.991147121613478e-06,5.445842334450016e-06,0.019629179445862194,1.0380892749189646e-05,4.297622128951958e-11,3.302621980010596e-09,0.004222383052676017
2.042582690926309e-05,0.513114645280555,3.76,0.0,0.00019251038762418225,0.6571427502462622,0.28424003780368307,0.039602326201335754,0.0006502181367587065,0.02635207737882737,0.23177328656890397,1.1344385677952083e-10,0.3046900552653263,1.4468378258866615e-06,0.00014033027252897343,0.32574254707009265,0.0014633442929412044,8.00374579502474e-05,1.525318844626548e-05,0.001590135577635144,0.1459772042601226,1.95464497515435e-05,3.913617049096452e-05,0.00845783875539128,0.0377756920473072,0.00039122304801123014,0.00013592254019423086,0.0007165013107108938,4.085469054992415e-09,0.04345479092363992,1.8141877393951353e-09,0.0002250871875070489,0.00011131878143492197,0.00010391617498721242,9.395989178997987e-07,2.150839879846125e-08,0.014016598598278916,0.010032255070447178,0.009908716614787485,0.014400216825013355,7.193574816216187e-08,1.9442678204973308e-10,0.022275153746324793,0.0036339991915549357,1.5005305959349738e-05,1.9889269847846445e-06,5.449303745561392e-06,0.019680097445630988,1.0410850310608627e-05,4.289397919818821e-11,3.294885886657232e-09,0.004234954059689893
2.0490260474216034e-05,0.513149967935149,3.76,0.0,0.00019001496576402153,0.6567214432959894,0.2845556399306214,0.03968213439161657,0.0006504215196898245,0.026302323778004923,0.23200493538269035,1.1324776232857861e-10,0.30465147531385744,1.4456703782186305e-06,0.00014021771747210337,0.3263408318970849,0.0014614469679656943,7.984986440724503e-05,1.5227572062643233e-05,0.0015907097566832005,0.14569498706057107,1.9514063847073756e-05,3.9087625080844135e-05,0.008449713906875978,0.037804104507484546,0.0003910907824947317,0.0001357796267711439,0.0007152154681447156,4.0756985084282055e-09,0.043387287939071505,1.8096463219657453e-09,0.00022465384827059657,0.00011118423413355845,0.0001037127560711732,9.373093150850872e-07,2.145105366025962e-08,0.014008481852566843,0.010017579799657866,0.009910740872971373,0.014388929528500276,7.182421913486242e-08,1.941367624994029e-10,0.022275412884159348,0.003633358089074091,1.5014970880809015e-05,1.986721706576161e-06,5.452786724361304e-06,0.01973092094153419,1.0440829916088582e-05,4.281204187156076e-11,3.287182042164456e-09,0.004247538432476138
2.0554694039168977e-05,0.513185233283757,3.76,0.0,0.0001875571151096029,0.6563005783253869,0.28487105167052656,0.03976173560363995,0.0006506278455937529,0.02625265208590721,0.23223622394848387,1.130521293280286e-10,0.30461281208926816,1.444505837001125e-06,0.0001401060991511774,0.32693828577583056,0.001459555816812692,7.966314947159748e-05,1.5202086175087739e-05,0.00159129237685948,0.14541330583689316,1.9481837664009004e-05,3.903931845128238e-05,0.008441622455958463,0.037832442021066746,0.0003909602034735396,0.0001356374391445679,0.0007139345190963456,4.06597608110796e-09,0.043319783546997954,1.805123389352569e-09,0.00022422271659199142,0.00011105031489859634,0.00010351022614255672,9.350303538123053e-07,2.139397086562963e-08,0.014000402602249055,0.010002955418228878,0.009912801822907257,0.014377626414887898,7.171268841167643e-08,1.938480657304727e-10,0.022275545818860248,0.003632734407888238,1.5024662078027799e-05,1.9845311227952905e-06,5.456291104762223e-06,0.019781650226832325,1.0470831602664047e-05,4.273038788735394e-11,3.279510144457996e-09,0.0042601362097888324
2.061912760412192e-05,0.5132204415918669,3.76,0.0,0.00018513625582843377,0.6558801527684701,0.28518627456047796,0.039841130491153835,0.0006508370872279523,0.026203062091417206,0.23246715403698073,1.1285700772805439e-10,0.3045740662004655,1.443344174811519e-06,0.0001399954089976735,0.32753491239510374,0.0014576708131929096,7.947730742245312e-05,1.517672924827683e-05,0.0015918833629717623,0.14513215860791398,1.94497693487643e-05,3.899124797857142e-05,0.008433564203302775,0.03786070488465744,0.00039083129329822036,0.00013549596847680438,0.0007126584181196095,4.056301427031804e-09,0.043252278135369755,1.800618908382676e-09,0.00022379376570006698,0.00011091701647374034,0.00010330857595562874,9.327619241632614e-07,2.133714799770797e-08,0.01399236021933293,0.00998838176582692,0.00991489895220227,0.014366307836130209,7.160115661969035e-08,1.9356071349743614e-10,0.022275553311942364,0.003632127964790969,1.5034379223702068e-05,1.9823550706698334e-06,5.459816723861276e-06,0.019832285591992817,1.0500855408833268e-05,4.264904010695153e-11,3.2718698958922043e-09,0.004272747430157164
2.0683561169074864e-05,0.5132555931283344,3.76,0.0,0.0001827518205694745,0.6554601640984372,0.28550131011353175,0.039920319695902,0.0006510492178330153,0.026153553585244384,0.23269772739717734,1.1266241892044328e-10,0.3045352382484356,1.4421853648774065e-06,0.00013988563856291933,0.32813071539414973,0.001455791930780128,7.929233258489422e-05,1.5151499786861862e-05,0.0015924826412262037,0.14485154341637696,1.9417857097904064e-05,3.89434110908779e-05,0.008425538949407275,0.03788889339024905,0.00039070403463333756,0.00013535520609932173,0.0007113871205532723,4.0466741670082315e-09,0.043184772090147226,1.796132813634954e-09,0.00022336696942116646,0.00011078433173991279,0.00010310779644351719,9.305039184489127e-07,2.1280582714705754e-08,0.013984354087863977,0.009973858677701355,0.009917031757071561,0.014354974138414012,7.148962438665212e-08,1.9327471227381162e-10,0.02227543611521944,0.003631538579626001,1.5044121993942251e-05,1.980193390664717e-06,5.463363419830815e-06,0.0198828273229164,1.0530901365945796e-05,4.256800802296731e-11,3.264261005881588e-09,0.004285372131739632
2.0747994734027807e-05,0.5132906881460843,3.76,0.0,0.00018040324962979257,0.6550406098124177,0.2858161598280721,0.03999930385226697,0.0006512642109593132,0.02610412635923195,0.23292794576478038,1.1246827383424147e-10,0.30449632882927485,1.4410293806767218e-06,0.00013977677947094882,0.32872569838192867,0.0014539191432337947,7.91082193123497e-05,1.5126396293870285e-05,0.0015930901387213338,0.14457145831969553,1.9386099127293075e-05,3.8895805242322934e-05,0.008417546494672135,0.03791700782700446,0.0003905784103450738,0.0001352151434370106,0.0007101205822131391,4.0370935228149425e-09,0.04311726579604704,1.7916647504952749e-09,0.00022294230193807405,0.00011065225365507548,0.00010290787863922428,9.282562303071189e-07,2.122427240791479e-08,0.013976383599331595,0.009959385986437344,0.00991919973902848,0.014343625664368965,7.137809235199096e-08,1.929899885571334e-10,0.0222751949745344,0.0036309660741115596,1.5053890069672965e-05,1.978045924452448e-06,5.466931032250051e-06,0.01993327570270257,1.0560969508204696e-05,4.2487247541738316e-11,3.256683184639705e-09,0.0042980103524717025
2.081242829898075e-05,0.5133257269118857,3.76,0.0,0.00017808999449995692,0.6546214874430607,0.2861308251806683,0.04007808358378596,0.0006514820405969238,0.026054780206892322,0.23315781085568457,1.1227455395970393e-10,0.3044573385319205,1.4398761962414692e-06,0.0001396688234514377,0.32931986492223486,0.0014520524241875402,7.89249620005275e-05,1.5101417295539615e-05,0.0015937057838571998,0.1442919013971075,1.935449367092451e-05,3.884842793154288e-05,0.008409586639442627,0.037945048479922576,0.00039045440358792587,0.0001350757720614157,0.0007088587596259583,4.027558881200872e-09,0.04304975963600232,1.787214484857128e-09,0.0002225197379675898,0.0001105207752982245,0.00010270881374059602,9.260187553849755e-07,2.1168214541587377e-08,0.013968448156005965,0.009944963520796732,0.00992140240736305,0.014332262751423118,7.126656114311659e-08,1.927065113592435e-10,0.02227483062698213,0.0036304102727421576,1.5063683137037686e-05,1.9759125156620064e-06,5.47051940508298e-06,0.019983631010303135,1.059105987025433e-05,4.24067480473602e-11,3.249136146094458e-09,0.004310662129950667
2.0876861863933694e-05,0.5133607096712898,3.76,0.0,0.0001758115125794273,0.6542027945415231,0.286445307636547,0.040156659508283434,0.0006517026809813917,0.026005514922640426,0.23338732437541954,1.1208141045844648e-10,0.3044182679414653,1.4387257857604422e-06,0.00013956176229144355,0.32991321855531713,0.001450191747275412,7.874255506792717e-05,1.5076561352497922e-05,0.0015943295056953023,0.14401287073919977,1.9323038974347896e-05,3.880127667699914e-05,0.008401659184019344,0.03797301563180055,0.00039033199767176096,0.0001349370836153359,0.0007076016096793672,4.018070218748149e-09,0.04298225399195091,1.7827822273176416e-09,0.00022209925249015516,0.00011038988980584224,0.00010251059301274028,9.23791390310773e-07,2.111240704218101e-08,0.01396054716598136,0.009930591107586947,0.009923639275506723,0.01432088573421378,7.115503136489774e-08,1.9242437251947763e-10,0.02227434380499567,0.0036298710014827655,1.5073500885853259e-05,1.9737930092020343e-06,5.474128385033183e-06,0.020033893522501543,1.062117248766669e-05,4.232658128986462e-11,3.2416196091098783e-09,0.004323327501605027
2.0941295428886637e-05,0.5133956366861309,3.76,0.0,0.00017356727109415097,0.6537845286903429,0.2867596086416515,0.04023503223402374,0.0006519261067355589,0.025956330302373955,0.23361648801192053,1.1188877238810394e-10,0.3043791176366784,1.4375781239288792e-06,0.0001394555878779967,0.33050576278136345,0.0014483370861128003,7.856099297113848e-05,1.505182705768702e-05,0.00159496123438928,0.14373436445582055,1.929173335071341e-05,3.875434903917521e-05,0.008393763928704752,0.03800090956176336,0.0003902111761565609,0.00013479906987695755,0.0007063490898871242,4.008626980997853e-09,0.04291474924425161,1.77836776028561e-09,0.00022168082095213473,0.00011025959042366034,0.0001023132078662255,9.215740334753496e-07,2.1056847637006187e-08,0.013952680046824992,0.00991626857035791,0.009925909863760954,0.014309494942782882,7.104350364820396e-08,1.9214352347696492e-10,0.022273735233291767,0.003629348088763405,1.5083343007170635e-05,1.9716872533299027e-06,5.477757815905983e-06,0.020084063512437224,1.0651307385774637e-05,4.224671300354689e-11,3.234133299484443e-09,0.004336006504564156
2.100572899383958e-05,0.5134305082013666,3.76,0.0,0.00017135674672154774,0.6533666875022606,0.28707372962336397,0.04031320236005309,0.0006521522928610472,0.025907226143440043,0.23384530343611187,1.1169654791618403e-10,0.30433988819019203,1.4364331858549029e-06,0.0001393502921900821,0.33109750106189917,0.001446488414309039,7.838027020412401e-05,1.5027212986063878e-05,0.0015956009012529889,0.14345638067551852,1.9260575104047513e-05,3.870764261479854e-05,0.008385900673834129,0.0380287305453904,0.0003900919228489592,0.00013466172274741108,0.0007051011583624248,3.9992283267278855e-09,0.04284724577171607,1.7739706570129032e-09,0.0002212644192385011,0.00011012987049843813,0.00010211664984304447,9.193665849310906e-07,2.1001533680842315e-08,0.013944846225277968,0.00990199572961276,0.009928213699073589,0.014298090702718895,7.093197862288762e-08,1.9186387945988067e-10,0.022273005629125115,0.003628841365401724,1.509320919767381e-05,1.969595097004674e-06,5.481407547423797e-06,0.020134141249716915,1.0681464595890281e-05,4.2167096897446606e-11,3.2266769409053263e-09,0.00434869917567253
2.1070162558792524e-05,0.5134653244692496,3.76,0.0,0.0001691794236525699,0.6529492686140834,0.28738767199427756,0.04039117047807494,0.0006523812146573187,0.025858202244350235,0.23407377230530563,1.1150478950589854e-10,0.30430058016972655,1.4352909470081668e-06,0.00013924586728069322,0.33168843682755045,0.0014446457054734857,7.820038129132325e-05,1.5002717758748002e-05,0.0015962484384346462,0.1431789175416641,1.9229562568359584e-05,3.8661155031161914e-05,0.008378069219793373,0.03805647885543348,0.0003899742217501905,0.00013452503422857264,0.0007038577736960286,3.989873920557488e-09,0.04277974395190784,1.7695908884531308e-09,0.00022085002357962962,0.00011000072345928639,0.0001019209105893886,9.171689460399822e-07,2.0946462981040405e-08,0.013937045135391459,0.009887772403497492,0.009930550313701299,0.014286673336047273,7.082045689918796e-08,1.9158546318568934e-10,0.022272155703794067,0.0036283506641279634,1.510309915701726e-05,1.967516391234886e-06,5.485077430858122e-06,0.020184127001144688,1.0711644146532019e-05,4.208775706056306e-11,3.219250263600085e-09,0.004361405551548519
2.1134596123745467e-05,0.5135000857299855,3.76,0.0,0.00016703479239410586,0.6525322696827579,0.2877014371546082,0.04046893717363136,0.0006526128476850298,0.02580925840459518,0.23430189626543063,1.1131355413129446e-10,0.30426119413887315,1.4341513830502431e-06,0.00013914230526575856,0.3322785734831175,0.0014428089332170224,7.802132078261844e-05,1.4978340015323286e-05,0.0015969037788020704,0.1429019732100532,1.9198694097181405e-05,3.861488393734098e-05,0.008370269366996167,0.03808415476227202,0.0003898580570332569,0.00013438899640004127,0.0007026188948786887,3.980563515398209e-09,0.04271224416133285,1.7652284887602866e-09,0.0002204376104926791,0.00010987214279980844,0.0001017259818335679,9.149810192479948e-07,2.089163348313733e-08,0.013929276217393186,0.009873598408166482,0.00993291924436328,0.01427524316179628,7.070893908547509e-08,1.9130830757959563e-10,0.022271186163587833,0.003627875819275682,1.511301258926959e-05,1.965450988282838e-06,5.488767318786384e-06,0.02023402103117302,1.0741846068002922e-05,4.200872038446946e-11,3.211853001292041e-09,0.0043741256686227045
2.119902968869841e-05,0.5135347922312867,3.76,0.0,0.000164922352239902,0.6521156883935427,0.2880150264871575,0.04054650302365601,0.0006528471678531258,0.025760394425032883,0.23452967694635155,1.1112278438654943e-10,0.3042217306554703,1.4330144700789001e-06,0.0001390395983510926,0.33286791439695546,0.0014409780711505853,7.784308326422718e-05,1.495407840694892e-05,0.0015975668562451255,0.14262554585398904,1.9167968074573657e-05,3.856882701966708e-05,0.008362500915951043,0.038111758532970906,0.0003897434130996664,0.00013425360146145934,0.0007013844814676716,3.971296521847457e-09,0.042644746775039544,1.7608831962745152e-09,0.00022002715690144577,0.00010974412211151605,0.00010153185543177914,9.12802708552797e-07,2.083704287067405e-08,0.013921538920033916,0.009859473557066591,0.009935320034002168,0.014263800494820325,7.059742580187132e-08,1.9103236271876274e-10,0.022270097707819604,0.003627416667430527,1.5122949200893624e-05,1.9633987426378277e-06,5.492477064916292e-06,0.02028382360096484,1.0772070385392126e-05,4.192995814956961e-11,3.2044848908755485e-09,0.0043868595630575545
2.1263463253651354e-05,0.5135694442122066,3.76,0.0,0.00016284161027725622,0.6516995224567868,0.28832844135929686,0.040623868597439924,0.0006530841513841087,0.025711610107744327,0.23475711596366697,1.1093243640387927e-10,0.3041821902722256,1.4318801845372466e-06,0.00013893773882103468,0.3334564629050866,0.0014391530928909145,7.766566335477112e-05,1.49299316009856e-05,0.0015982376055646392,0.14234963366230585,1.9137382903053184e-05,3.85229819955244e-05,0.008354763667259365,0.038139290431650194,0.00038963027455335,0.00013411884171695004,0.0007001544935182198,3.962072339508802e-09,0.04257725216676727,1.7565547461498185e-09,0.00021961864008497115,0.00010961665507039183,0.00010133852334727582,9.106339193065174e-07,2.0782688809014553e-08,0.01391383269966613,0.00984539766127952,0.00993775223109956,0.014252345646254454,7.04859176644679e-08,1.9075758314832866e-10,0.022268891029593695,0.0036269730471819163,1.5132908701175702e-05,1.961359510414669e-06,5.496206525313006e-06,0.020333534968761235,1.0802317123041978e-05,4.185144776485447e-11,3.1971456720674236e-09,0.004399607270779902
2.1327896818604298e-05,0.5136040419112178,3.76,0.0,0.00016079207994183038,0.6512837696033611,0.28864168312576466,0.04070103445803714,0.0006533237747566771,0.025662905255811497,0.2349842149212697,1.1074257193297412e-10,0.3041425735376607,1.430748503134576e-06,0.0001388367190241727,0.33404422231702213,0.0014373339720604535,7.748905569979012e-05,1.4905898288012195e-05,0.0015989159622877532,0.14207423483654907,1.9106936999334066e-05,3.847734660704429e-05,0.008347057421619319,0.038166750720026225,0.0003895186261679989,0.00013398470955395766,0.0006989288914972271,3.952890673738945e-09,0.04250976070918682,1.752243145495421e-09,0.00021921203761255355,0.00010948973542140884,0.00010114597763323224,9.084745579721983e-07,2.0728569256552858e-08,0.013906157018823336,0.009831370529994048,0.009940215388658864,0.01424087892419802,7.037441527467386e-08,1.9048399969332742e-10,0.022267566816949153,0.0036265447987607847,1.514289080318115e-05,1.959333148862686e-06,5.499955558300253e-06,0.020383155390413483,1.0832586306904698e-05,4.177321801147219e-11,3.1898350879640745e-09,0.004412368827522837
2.139233038355724e-05,0.5136385855697481,3.76,0.0,0.00015877328502682614,0.6508684275978184,0.2889547531205589,0.04077800115829372,0.0006535660148622835,0.025614279673960436,0.23521097540377894,1.1055321377281708e-10,0.3041028809934411,1.4296194031268356e-06,0.0001387365314149967,0.33463119589864976,0.0014355206822928943,7.73132549894487e-05,1.4881977192582564e-05,0.0015996018631288923,0.14179934759913904,1.9076628823382825e-05,3.843191864063838e-05,0.008339381979932016,0.03819413965588018,0.0003894084529861766,0.00013385119750396649,0.0006977076365449269,3.943751194467507e-09,0.042442272773221455,1.7479483449618524e-09,0.00021880732752865882,0.00010936335702651422,0.0001009542104939624,9.06324532839611e-07,2.0674682199237425e-08,0.013898511350109336,0.009817391969381573,0.009942709067087304,0.014229400631781804,7.026291923619943e-08,1.9021162098751586e-10,0.02226612574963793,0.0036261317650953,1.5152895222986444e-05,1.957319518084913e-06,5.5037240231422295e-06,0.020432685117867524,1.0862877956684275e-05,4.169527922523592e-11,3.182552887838354e-09,0.0044251442687001236
2.1456763948510184e-05,0.5136730754152564,3.76,0.0,0.00015678475567594238,0.6504534942252905,0.2892676526650054,0.040854769244791436,0.0006538108488582745,0.025565733167938372,0.23543739898400587,1.1036425549751839e-10,0.3040631131769953,1.428492861976774e-06,0.00013863716851100495,0.33521738688917463,0.0014337131972364464,7.713825594130713e-05,1.4858167036937046e-05,0.0016002952455682663,0.1415249701853124,1.9046456847455384e-05,3.8386695904487554e-05,0.008331737143226443,0.03822145749457676,0.00038929974022311215,0.00013371829817747128,0.0006964906902095619,3.9346532385269425e-09,0.042374788728700076,1.7436699805555316e-09,0.00021840448816112283,0.0001092375138128037,0.000100763214217606,9.041837532846174e-07,2.0621025336607304e-08,0.01389089517236495,0.009803461783797391,0.009945232831352813,0.014217911069070686,7.015143016700075e-08,1.8994036461106946e-10,0.02226456850230569,0.003625733790770984,1.5162921680963531e-05,1.9553184792536596e-06,5.507511780937862e-06,0.020482124400671643,1.089319209483627e-05,4.161757905822804e-11,3.1752988219116124e-09,0.004437933629533555
2.1521197513463128e-05,0.5137075116873414,3.76,0.0,0.0001548260313266818,0.6500389673014548,0.28958038306158784,0.04093133925488974,0.0006540582542777227,0.02551726554499505,0.23566348721715139,1.1017568195677008e-10,0.30402327061954687,1.4273688576113103e-06,0.00013853862292285507,0.33580279848801126,0.001431911490556657,7.696405331413795e-05,1.4834466562505053e-05,0.001600996048193563,0.14125110084935635,1.9016419558601307e-05,3.834167624459523e-05,0.008324122712798815,0.03824870448792544,0.0003891924733411005,0.0001335860043093751,0.0006952780146503777,3.925596292318546e-09,0.04230730894387262,1.7394078505628602e-09,0.0002180034982645143,0.00010911219981037451,0.0001005729812320907,9.02052130335754e-07,2.0567596497069396e-08,0.013883307973459479,0.009789579775020181,0.009947786253114635,0.014206410531644427,7.003994867080533e-08,1.8967020383589635e-10,0.02226289574211639,0.003625350722825356,1.5172969902108997e-05,1.9533298951802606e-06,5.511318696671955e-06,0.0205314734848299,1.092352874464368e-05,4.15401087224529e-11,3.168072643272486e-09,0.004450736944953644
2.158563107841607e-05,0.5137418946069885,3.76,0.0,0.0001528966563296988,0.6496248446579205,0.2898929456029849,0.04100771172108089,0.0006543082088654598,0.02546887661319336,0.2358892416491979,1.0998767507413911e-10,0.3039833538489789,1.4262473680858223e-06,0.00013844088731076784,0.33638743387381415,0.0014301155359404834,7.679064188856381e-05,1.4810874540381538e-05,0.0016017042101547656,0.14097773785547726,1.898651545870105e-05,3.829685752361502e-05,0.008316538490073046,0.03827588088585235,0.00038908663793604055,0.00013345430869492666,0.0006940695723341645,3.916580332315666e-09,0.04223983378610427,1.7351622313963634e-09,0.00021760433680359954,0.00010898740909793819,0.00010038350402107514,8.999295758251644e-07,2.051439398285806e-08,0.013875749246158751,0.009775745743513458,0.009950368907604116,0.01419489931267341,6.992847532555455e-08,1.8940125052381486e-10,0.02226110813223578,0.0036249824095951205,1.5183039614735347e-05,1.951353629682636e-06,5.515144636933544e-06,0.020580732614491098,1.0953887930407682e-05,4.146295505452291e-11,3.160874108703482e-09,0.004463554249745884
2.1650064643369014e-05,0.5137762244094659,3.76,0.0,0.00015099618319896663,0.6492111241532953,0.2902053415652139,0.041083887167726395,0.0006545606906980042,0.02542056618193109,0.23611466381047902,1.0980013971539768e-10,0.30394336338768757,1.4251283718801517e-06,0.0001383439544231778,0.3369712961899358,0.0014283253070939913,7.661801648233281e-05,1.478738976924371e-05,0.0016024196715323,0.14070487948470123,1.8956743105385483e-05,3.82522376400557e-05,0.008308984276753428,0.03830298693514645,0.00038898221981814303,0.00013332320424461365,0.0006928653262658808,3.9076048704427795e-09,0.042172363621353036,1.7309328728869227e-09,0.00021720698311661194,0.00010886313584727812,0.00010019477519181132,8.978160030374934e-07,2.046141576262331e-08,0.013868218491172113,0.009761959487568984,0.009952980375967818,0.014183377701362168,6.981701074222628e-08,1.8913344239154435e-10,0.02225920632922223,0.003624628701592563,1.5193130548237268e-05,1.9493895496222952e-06,5.518989466233659e-06,0.02062990203069227,1.0984269667311483e-05,4.138607219257731e-11,3.1537029816159805e-09,0.004476385578438234
2.1714498208321958e-05,0.5138105013152362,3.76,0.0,0.00014912417230562625,0.6487978036721839,0.2905175722082478,0.041159866111343264,0.0006548156781768373,0.025372334061911535,0.2363397552161918,1.0961297702389134e-10,0.30390329975273617,1.4240118478191115e-06,0.00013824781708905468,0.33755438854564535,0.0014265407777523753,7.644617194945845e-05,1.4764011030736642e-05,0.0016031423734032251,0.14043252403439882,1.8927101042320175e-05,3.8207814523136224e-05,0.008301459874842763,0.038330022879565384,0.00038887920500903494,0.00013319268397331358,0.0006916652399645647,3.898669203682124e-09,0.042104898814192014,1.7267193676162633e-09,0.00021681141689379658,0.0001087393743160236,0.00010000678746248663,8.957113266270393e-07,2.0408659536263065e-08,0.013860715216914715,0.009748220803463076,0.009955620245079953,0.014171845983068981,6.970555552898054e-08,1.888666928265614e-10,0.02225719098323567,0.00362428945143647,1.520324243700536e-05,1.9474375224278784e-06,5.522853055032727e-06,0.020678981971451838,1.101467397633708e-05,4.130941063475256e-11,3.1465590235205763e-09,0.004489230965313594
2.17789317732749e-05,0.5138447255511603,3.76,0.0,0.00014728019027026562,0.6483848811199138,0.29082963877927254,0.04123564906219796,0.0006550731499589329,0.025324180064886955,0.23656451736941536,1.0942625138715103e-10,0.30386316345691516,1.4228977750311823e-06,0.00013815246820258909,0.3381367140229654,0.0014247619216782906,7.627510317345231e-05,1.474073714647311e-05,0.0016038722575521986,0.14016066981488925,1.889758784342637e-05,3.816358612813324e-05,0.008293965086603943,0.038356988960447716,0.00038877757969749447,0.0001330627409816927,0.0006904692773590076,3.889773046381505e-09,0.042037439728071536,1.7225217233280776e-09,0.00021641761810313622,0.0001086161188320376,9.981953363925216e-05,8.936154623286926e-07,2.0356123445604995e-08,0.013853238937949413,0.009734529485927011,0.009958288106393341,0.014160304440072456,6.95941102721778e-08,1.886010332101718e-10,0.022255062739322557,0.0036239645134326193,1.5213375018081955e-05,1.945497417260389e-06,5.526735274505948e-06,0.020727972672395525,1.1045100876176976e-05,4.123300041049609e-11,3.1394420011750972e-09,0.004502090444460505
2.1843365338227844e-05,0.5138788973335153,3.76,0.0,0.00014546380896739521,0.6479723544191557,0.29114154251477065,0.04131123652531033,0.0006553330849265169,0.025276104003491687,0.23678895176309592,1.0924002623838389e-10,0.3038229550094222,1.4217861328032907e-06,0.00013805790071242714,0.3387182756811445,0.001422988712658912,7.610480506238378e-05,1.471756695357619e-05,0.0016046092663790396,0.13988931514735464,1.886820210017702e-05,3.811955042860309e-05,0.008286499714505253,0.03838388541710218,0.00038867733022000724,0.00013293336843617795,0.000689277402720336,3.880916178669637e-09,0.04196998672549205,1.718339995165611e-09,0.00021602556694281055,0.00010849336377778028,9.963300659723315e-05,8.915283267701832e-07,2.0303805735275508e-08,0.013845789174035948,0.009720885328381331,0.0099609835552105,0.014148753352060693,6.94826755571364e-08,1.8833650144352365e-10,0.02225282223822852,0.0036236537433012393,1.5223528032494614e-05,1.9435691043202586e-06,5.530635996790845e-06,0.020776874367139892,1.1075550387281025e-05,4.11568716870312e-11,3.1323516842211497e-09,0.004514964049806147
2.1907798903180788e-05,0.5139130168851772,3.76,0.0,0.00014367460758147119,0.647560221516962,0.2914532846361658,0.04138662899837345,0.0006555954622608043,0.025228105691592062,0.23701305987587462,1.0905423473189096e-10,0.30378267491444794,1.4206769007873998e-06,0.00013796410764637163,0.3392990765472918,0.001421221124513995,7.593527255955843e-05,1.4694499298465073e-05,0.0016053533431586214,0.13961845836828066,1.8838942426896157e-05,3.8075705429863894e-05,0.008279063561351729,0.038410712486001586,0.00038857844310936836,0.0001328045596053008,0.0006880895808064006,3.872098097887806e-09,0.04190254016763785,1.7141739259258714e-09,0.0002156352439386914,0.0001083711036191322,9.944719931995572e-05,8.89449837861797e-07,2.02517043810618e-08,0.01383836545210417,0.009707288122487352,0.009963706192201901,0.014137192995112593,6.937125198314511e-08,1.8807304370284612e-10,0.022250470114707672,0.0036233569987480663,1.5233701223417084e-05,1.9416524557889896e-06,5.534555095525642e-06,0.020825687286493633,1.1106022525699376e-05,4.108099134032548e-11,3.1252878452667623e-09,0.004527851815047253
2.197223246813373e-05,0.5139470844214097,3.76,0.0,0.00014191217178302637,0.6471484803820007,0.2917648663515348,0.04146182697257312,0.0006558602614125522,0.025180184944156556,0.23723684317368576,1.0886882992122462e-10,0.3037423236717132,1.4195700589244506e-06,0.00013787108210117142,0.3398791196199971,0.0014194591310972516,7.576650063960466e-05,1.4671533041074908e-05,0.0016061044319455034,0.13934809782773308,1.8809807452925112e-05,3.803204916365399e-05,0.008271656430255403,0.03843747040109791,0.0003884809050721082,0.0001326763078465803,0.0006869057768020487,3.8633182973286005e-09,0.041835100414509,1.710023268269134e-09,0.0002152466299030003,0.00010824933289389027,9.926210488125564e-05,8.873799146329761e-07,2.0199817358506298e-08,0.013830967305485633,0.009693737658375733,0.009966455622818305,0.014125623642089555,6.925984014487273e-08,1.8781061451583384e-10,0.022248006998177288,0.0036230741392452603,1.5243894336511555e-05,1.939747345261892e-06,5.538492446532139e-06,0.020874411658770995,1.1136517307078699e-05,4.100533545459906e-11,3.118250259314802e-09,0.004540753773678139
2.2036666033086675e-05,0.5139811001569646,3.76,0.0,0.00014017609252706768,0.6467371290006202,0.2920762888580263,0.041536830933784956,0.0006561274620530102,0.025132341577055642,0.23746030311203467,1.086838844783246e-10,0.303701901777291,1.41846558737774e-06,0.0001377788172297733,0.34045840787446485,0.0014177027062911873,7.55984843031944e-05,1.4648667061021762e-05,0.001606862477413411,0.13907823188688956,1.8780795821727148e-05,3.798857968268899e-05,0.008264278124597863,0.03846415939428523,0.0003883847029606598,0.00013254860658830933,0.0006857259562454518,3.8545765222177704e-09,0.041767667825135704,1.7058880595477572e-09,0.00021485970588233655,0.00010812804619852171,9.907771643098923e-05,8.853184770324524e-07,2.014814293074995e-08,0.01382359427271931,0.009680233724962121,0.009969231456413706,0.014114045563225765,6.914844062069128e-08,1.8754925229842226e-10,0.02224543351369869,0.00362280502571155,1.5254107120826581e-05,1.9378536472563564e-06,5.542447927271649e-06,0.02092304771024719,1.1167034748705967e-05,4.092993823458805e-11,3.111238703985895e-09,0.004553669959026722
2.2101099598039618e-05,0.5140150643091931,3.76,0.0,0.00013846596939218295,0.6463261653881928,0.2923875533348447,0.041611641359194665,0.0006563970442080025,0.02508457540764121,0.23768344112924972,1.0849942284268888e-10,0.3036614097212752,1.4173634667727139e-06,0.00013768730627896752,0.34103694424741315,0.0014159518240268838,7.543121859421393e-05,1.4625900267007726e-05,0.0016076274252494213,0.1388088589251797,1.8751906213741902e-05,3.7945295077631644e-05,0.008256928448241482,0.038490779694087714,0.00038828982385854735,0.0001324214493819205,0.0006845500852534099,3.8458724848858295e-09,0.04170024275695524,1.7017682657515978e-09,0.00021447445330788036,0.00010800723822956018,9.889402724717895e-05,8.832654465230523e-07,2.009667936280319e-08,0.013816245900831968,0.009666776109246978,0.009972033308734642,0.014102459024453212,6.903705399267304e-08,1.8728896792382768e-10,0.022242750279202323,0.0036225495214416577,1.526433932806807e-05,1.935971238804177e-06,5.546421416086488e-06,0.02097159566386702,1.1197574862431784e-05,4.085481095816416e-11,3.1042529622612445e-09,0.004566600404146696
2.216553316299256e-05,0.5140489770831618,3.76,0.0,0.0001367814072471942,0.6459155875778331,0.2926986609502259,0.0416862587206513,0.0006566689881328653,0.02503688625418591,0.23790625865313314,1.0831532238147918e-10,0.30362084799006095,1.4162636779070899e-06,0.00013759654255032607,0.34161473165201395,0.0014142064582721551,7.526469858294573e-05,1.4603231565046036e-05,0.0016083992218006138,0.13853997733325019,1.8723137316843223e-05,3.790219345746532e-05,0.008249607205347042,0.038517331526958874,0.0003881962549976545,0.00013229482984592402,0.0006833781302922493,3.837205622160065e-09,0.041632825566406545,1.6976635208523592e-09,0.00021409085384002736,0.00010788690373880954,9.871103067844067e-05,8.812207454665421e-07,2.0045424628694086e-08,0.01380892174211492,0.009653364597082308,0.009974860799468318,0.014090864289048216,6.892568085954064e-08,1.870296715302392e-10,0.0222399579082204,0.0036223074911901593,1.5274590713776827e-05,1.9340999978680827e-06,5.550412793326992e-06,0.021020055740528745,1.122813766279067e-05,4.0779893620076465e-11,3.097292818082123e-09,0.004579545141927075
2.2229966727945505e-05,0.5140828386946132,3.76,0.0,0.00013512201870250282,0.6455053936289865,0.29300961285609994,0.04176068348215394,0.0006569432744057442,0.024989273936316257,0.23812875709578346,1.0813157048812938e-10,0.30358021706462474,1.4151662019696167e-06,0.00013750651942783432,0.34219177296632713,0.00141246658304544,7.509891937966012e-05,1.4580659876936834e-05,0.0016091778143605508,0.13827158551840674,1.869448783157787e-05,3.785927296342887e-05,0.0082423142005848,0.0385438151163064,0.0003881039838223707,0.00013216874170476081,0.0006822100583543933,3.828575500629702e-09,0.04156541660847878,1.6935736469541162e-09,0.00021370888948594533,0.00010776703756602555,9.85287201923737e-05,8.791842975986668e-07,1.999437685455039e-08,0.013801621356476421,0.009639998972724112,0.009977713554081148,0.014079261616400229,6.881432180363067e-08,1.8677133939352779e-10,0.02223705700784016,0.0036220788018696422,1.5284861037605596e-05,1.9322398038051285e-06,5.554421942704784e-06,0.021068428158110504,1.1258723165395225e-05,4.0705178805513666e-11,3.090358057682072e-09,0.0045925042050068395
2.2294400292898448e-05,0.5141166493429147,3.76,0.0,0.00013348742046641017,0.6450955816148465,0.2933204101959032,0.0418349161035506,0.0006572198837884616,0.02494173827439216,0.23835093786107434,1.0794837785059122e-10,0.30353951742302077,1.4140710202553743e-06,0.00013741723033842103,0.3427680710500797,0.0014107321724025808,7.493387611550285e-05,1.4558184150110601e-05,0.0016099631507040103,0.13800368189664103,1.8665956474676203e-05,3.781653175079161e-05,0.00823504923888281,0.03857023068392161,0.0003880129978923365,0.00013204317873416677,0.0006810458366946885,3.8199820909402255e-09,0.04149801623734815,1.689498967420609e-09,0.0002133285424231543,0.00010764763459220293,9.83470893028846e-05,8.771560273200773e-07,1.994353463557232e-08,0.01379434430797063,0.009626679019616093,0.009980591201131692,0.014067651263808567,6.870297737827988e-08,1.8651410032609727e-10,0.022234048181695908,0.0036218633215366444,1.5295150062201067e-05,1.9303905367836873e-06,5.558448748823307e-06,0.021116713132907236,1.1289331386876666e-05,4.063076733814036e-11,3.0834484701136453e-09,0.004605477625900862
2.235883385785139e-05,0.5141504092399981,3.76,0.0,0.00013187723605044636,0.6446861496318889,0.2936310540986483,0.041908957037767675,0.0006574987973283981,0.024894279089976695,0.23857280233891828,1.0776562770429423e-10,0.30349874953850536,1.4129781144169493e-06,0.00013732866878705453,0.3433436287318401,0.001409003200447611,7.476956395761557e-05,1.4535803355891242e-05,0.00161075517940262,0.13773626489866042,1.8637542008280998e-05,3.777396800552033e-05,0.008227812125658825,0.03859657844890688,0.0003879232849514205,0.0001319181348083195,0.0006798854330313614,3.811424968902442e-09,0.041430624805891964,1.6854392167844135e-09,0.0002129497951334098,0.00010752868977786493,9.816613162923149e-05,8.75135860240727e-07,1.9892896172689452e-08,0.013787090167361018,0.009613404519883588,0.0099834933742905,0.014056033485132902,6.859164817639385e-08,1.8625788158041076e-10,0.022230932027723676,0.003621660920161524,1.5305457551154242e-05,1.92855207970613e-06,5.562493094904051e-06,0.02116491087856378,1.1319962335819705e-05,4.055660310506623e-11,3.076563850506096e-09,0.004618465436903107
2.2423267422804335e-05,0.5141841185847683,3.76,0.0,0.00013029109551822982,0.6442770957990187,0.29394154567945313,0.041982806731049906,0.0006577799963532166,0.02484689620581001,0.23879435190571785,1.075832136316536e-10,0.3034579138796669,1.4118874663970529e-06,0.00013724082834947547,0.34391844881008404,0.0014072796413405868,7.460597810814833e-05,1.451351644943315e-05,0.0016115538498867588,0.13746933296948113,1.860924317905388e-05,3.773157993969819e-05,0.008220602666828752,0.038622858627764246,0.00038783483292530424,0.00013179360389036128,0.0006787288155242322,3.802903545222092e-09,0.0413632426657053,1.681394002026101e-09,0.00021257263038545557,0.00010741019815671356,9.798584088464954e-05,8.731237231106991e-07,1.9842459453525885e-08,0.013779858511929642,0.009600175254446732,0.009986419712181992,0.014044408530894758,6.848033478645292e-08,1.8600259400493784e-10,0.022227709138334332,0.0036214714695673405,1.5315783272493715e-05,1.926724315933825e-06,5.566554869749976e-06,0.02121302160615279,1.1350616026382532e-05,4.0482633097721147e-11,3.0697039923320145e-09,0.004631467670097576
2.2487700987757278e-05,0.5142177775817591,3.76,0.0,0.00012872863414722054,0.6438684182530265,0.2942518860423583,0.042056465624316655,0.0006580634624108847,0.02479958944557826,0.23901558792705663,1.0740121108982626e-10,0.30341701091134904,1.4107990583950143e-06,0.00013715370265908735,0.344492534059224,0.001405561469289922,7.444311379765136e-05,1.4491322420602929e-05,0.0016123591121904126,0.13720288456545465,1.8581058762746656e-05,3.7689365787706234e-05,0.008213420668725884,0.03864907143491956,0.0003877476298837451,0.00013166958001675983,0.0006775759526852506,3.794417573327821e-09,0.04129587016733982,1.6773633584649744e-09,0.00021219703117480776,0.00010729215482255063,9.780621085687775e-05,8.711195435801506e-07,1.97922228921482e-08,0.013772648924164676,0.009586991003318269,0.009989369857393508,0.014032776648940832,6.836903777289224e-08,1.8574827624634787e-10,0.022224380101518268,0.0036212948430607225,1.5326126996621314e-05,1.9249071303146954e-06,5.570633962391903e-06,0.02126104552470954,1.1381292470820088e-05,4.0408892804726646e-11,3.0628686933427902e-09,0.004644484357401899
2.255213455271022e-05,0.51425138642618,3.76,0.0,0.00012718949159865847,0.6434601151456727,0.2945620762821319,0.0421299341540155,0.0006583491772446452,0.024752358633763107,0.23923651175947108,1.072196900628793e-10,0.303376041095247,1.4097128727420287e-06,0.00013706728539654553,0.34506588723355935,0.0014038486585460596,7.428096628026237e-05,1.4469220272388432e-05,0.0016131709168764822,0.13693691815244652,1.8552987550419737e-05,3.7647323799304725e-05,0.008206265938022443,0.03867521708305613,0.00038766166402387633,0.0001315460572797967,0.0006764268133197689,3.78596685665297e-09,0.041228507660466186,1.673347359704078e-09,0.0002118229806846254,0.00010717455491551892,9.76272353917635e-05,8.691232500416785e-07,1.974218498517897e-08,0.013765460990957292,0.009573851545734969,0.00999234345584516,0.014021138084868035,6.825775769978082e-08,1.8549497098549394e-10,0.02222094550154759,0.003621130915192348,1.533648849753565e-05,1.9231004085613415e-06,5.574730262626696e-06,0.021308982841557186,1.1411991683104336e-05,4.033541568910503e-11,3.056057753658569e-09,0.004657515530595642
2.2616568117663165e-05,0.5142849453190569,3.76,0.0,0.00012567331363340633,0.6430521846497624,0.29487211748049574,0.04220321275035307,0.000658637122855732,0.024705203595957504,0.23945712474672268,1.070385747463953e-10,0.3033350048886654,1.4086288920763697e-06,0.0001369815703124111,0.34563851105900306,0.0014021411834168132,7.411953084409432e-05,1.4447209015266347e-05,0.0016139892152601098,0.1366714322097244,1.8525028350475216e-05,3.7605452251421517e-05,0.008199138281908913,0.03870129578242309,0.000387576923712022,0.00013142302985889105,0.0006752813666519939,3.777550966626177e-09,0.041161155493527835,1.6693457549172981e-09,0.000211450462366119,0.00010705739364704638,9.744890842734454e-05,8.671347719577773e-07,1.969234396129255e-08,0.013758294305272277,0.009560756659918507,0.00999534015810357,0.01400949308113725,6.81464951472671e-08,1.8524262103958902e-10,0.022217405917512645,0.0036209795622583808,1.534686755115866e-05,1.9213040381417837e-06,5.578843661898094e-06,0.02135683376162862,1.1442713673516617e-05,4.0262164463037955e-11,3.0492709761074013e-09,0.004670561221261146
2.2681001682616108e-05,0.5143184544547055,3.76,0.0,0.0001241797514263432,0.6426446249567634,0.29518201070760663,0.04227630183799073,0.0006589272814782851,0.024658124158748674,0.23967742822122248,1.0685781484240134e-10,0.3032939027449872,1.4075470992796568e-06,0.00013689655121798351,0.3462104082362751,0.0014004390182652973,7.395880280736973e-05,1.4425287671018627e-05,0.001614813959326659,0.13640642522845153,1.849717998382515e-05,3.756374944354506e-05,0.008192037508043388,0.038727307741104715,0.0003874933974641015,0.0001313004920095314,0.0006741395822728091,3.76916947428325e-09,0.041093814013862896,1.6653583108930515e-09,0.0002110794599047435,0.00010694066628997998,9.727122397808708e-05,8.651540397240323e-07,1.964269805667393e-08,0.013751148465502242,0.009547706123214603,0.009998359618875356,0.013997841877412643,6.8035250690286e-08,1.8499118049017654e-10,0.02221376192388486,0.003620840662107823,1.5357263935608136e-05,1.919517907758254e-06,5.582974053616998e-06,0.021404598487732802,1.14734584521958e-05,4.018911372617614e-11,3.042508165568092e-09,0.0046836214608076444
2.274543524756905e-05,0.5143519140269901,3.76,0.0,0.00012270846056419742,0.6422374342734107,0.29549175702415054,0.04234920183706531,0.0006592196355371751,0.02461112014953757,0.2398974235060643,1.0667749341902873e-10,0.3032527351143921,1.4064674774203988e-06,0.0001368122219738668,0.3467815814454357,0.0013987421375009402,7.379877751336119e-05,1.4403455278164179e-05,0.0016156451015922099,0.136141895709524,1.8469441284746353e-05,3.752221369299935e-05,0.008184963424482996,0.03875325316541777,0.0003874110739217955,0.00013117843804751655,0.0006730014300768049,3.760822157026352e-09,0.04102648356790174,1.6613850886036127e-09,0.00021070995717796154,0.00010682436816719833,9.709417612293107e-05,8.631809845034539e-07,1.95932457857086e-08,0.013744023074456642,0.00953469971228556,0.010001401496248072,0.013986184711073855,6.792402488581493e-08,1.8474069437816606e-10,0.022210014091363927,0.003620714093861023,1.5367677432037787e-05,1.9177419068711595e-06,5.587121332421921e-06,0.02145227722094346,1.1504226030914761e-05,4.0116302800394175e-11,3.035769128973844e-09,0.00469669628050212
2.2809868812521995e-05,0.5143853242320661,3.76,0.0,0.00012125910383454197,0.6418306108315054,0.29580135747526226,0.04242191316031042,0.0006595141677633609,0.024564191397061546,0.24011711190899174,1.0649763677261146e-10,0.30321150244180806,1.405390009959776e-06,0.00013672857652406232,0.34735203333254117,0.0013970505156100197,7.363945034693229e-05,1.4381710900229017e-05,0.0016164825954417068,0.13587784216982662,1.8441811119129855e-05,3.74808433497418e-05,0.008177915839973564,0.03877913225878412,0.00038732994192604563,0.00013105686239429015,0.0006718668804565721,3.752508763379974e-09,0.04095916450057848,1.657426068192243e-09,0.00021034193837891706,0.00010670849468744576,9.691775904984032e-05,8.612155387247585e-07,1.954398565041111e-08,0.013736917742146635,0.00952173720274213,0.010004465453847724,0.013974521815757597,6.781281829577166e-08,1.8449117584721517e-10,0.0222061629844716,0.00362059973872597,1.5378107823952848e-05,1.915975927162367e-06,5.5912853937781954e-06,0.021499870159501642,1.15350164167241e-05,4.0043743996496646e-11,3.029053677906166e-09,0.004709785711377156
2.2874302377474938e-05,0.5144186852552572,3.76,0.0,0.00011983134844456386,0.641424152878177,0.2961108130965669,0.04249443621591008,0.0006598108610869068,0.02451733773088903,0.24033649472833965,1.0631810670219271e-10,0.3031702051689102,1.4043146805036426e-06,0.00013664560886036844,0.34792176652283857,0.0013953641271322492,7.348081671823191e-05,1.4360053597853438e-05,0.001617326394831106,0.13561426313607922,1.841428835708338e-05,3.7439636779194355e-05,0.008170894563687017,0.03880494522284557,0.0003872499904456358,0.00013093575952843333,0.0006707359041045434,3.744228815557405e-09,0.040891857155889604,1.6534808851029307e-09,0.0002099753878887534,0.00010659304130648829,9.674196700640468e-05,8.592576355669361e-07,1.9494915864848822e-08,0.013729832083056245,0.009508818369569743,0.010007551158716757,0.013962853422789447,6.770163150104546e-08,1.8424252842025473e-10,0.022202209163915673,0.003620497479193308,1.538855489828373e-05,1.9142198611190134e-06,5.5954661351683306e-06,0.021547377499906102,1.1565829619274188e-05,3.997136998227082e-11,3.022361624849711e-09,0.004722889784324789
2.293873594242788e-05,0.5144519972913019,3.76,0.0,0.0001184248680684371,0.6410180586833019,0.2964201249095541,0.04256677140536191,0.0006601096987165664,0.024470558981809817,0.24055557324840265,1.0613889251467833e-10,0.30312884373260807,1.4032414729889174e-06,0.00013656331304772647,0.3484907836105457,0.0013936829466830805,7.332287207594568e-05,1.4338482444681417e-05,0.001618176454528701,0.13535115714959722,1.8386871879667693e-05,3.73985923743755e-05,0.008163899405485352,0.03883069225662649,0.00038717120863272124,0.00013081512401901484,0.0006696084721668912,3.735981945976817e-09,0.04082456187646151,1.649549379508849e-09,0.0002096102903742064,0.00010647800355541535,9.656679434182021e-05,8.573072093604589e-07,1.944603480230145e-08,0.013722765718137405,0.009495942986925123,0.010010658282906005,0.013951179760110647,6.759046506401366e-08,1.839947304816819e-10,0.02219815318481434,0.0036204071996485563,1.539901844562106e-05,1.9124736024216234e-06,5.599663456977803e-06,0.021594799436088805,1.159666564946367e-05,3.9899174365895797e-11,3.015692784151937e-09,0.004736008530023496
2.3003169507380825e-05,0.5144852605204924,3.76,0.0,0.00011703933980758957,0.640612326528645,0.2967292939283453,0.042638919126620885,0.0006604106640211728,0.024423854981275906,0.24077434874611855,1.0596023254470008e-10,0.3030874185672351,1.4021703714413273e-06,0.00013648168318840744,0.34905908717366924,0.0013920069489272355,7.316561188859385e-05,1.4316996536563989e-05,0.0016190327297171939,0.13508852275931738,1.8359560584152508e-05,3.7357708540158174e-05,0.008156930175585693,0.038856373557759706,0.00038709358573914493,0.0001306949504788367,0.0006684845560139529,3.727768118138001e-09,0.040757279004153726,1.645631910023671e-09,0.00020924663064188668,0.0001063633770003873,9.639223544384757e-05,8.553641949901602e-07,1.939734129249537e-08,0.013715718271874275,0.009483110828546238,0.010013786501151546,0.013939501053841,6.747931951482398e-08,1.8374792589245e-10,0.02219399559928435,0.0036203287854821822,1.54094982592583e-05,1.910737045414501e-06,5.603877260051671e-06,0.021642136160633953,1.1627524519192239e-05,3.982727132639144e-11,3.0090469723490114e-09,0.004749141979046153
2.306760307233377e-05,0.5145184751342053,3.76,0.0,0.00011567444644901424,0.640206954716091,0.29703832115455475,0.04271087977174616,0.0006607137406165702,0.024377225561825037,0.24099282248593823,1.0578199009944719e-10,0.30304593010290015,1.4011013601890885e-06,0.0001364007134539068,0.3496266797626742,0.001390336108599531,7.300903165935545e-05,1.4295594990146024e-05,0.001619895176264514,0.1348263585270751,1.8332353405032743e-05,3.7316983707777446e-05,0.008149986684850652,0.038881989321566154,0.0003870171111755645,0.00013057523360506088,0.0006673641274156798,3.7195869650994093e-09,0.040690008879593384,1.6417282052248168e-09,0.00020888439374945185,0.0001062491572757014,9.621828479031577e-05,8.5342852835547e-07,1.934883374765246e-08,0.013708689374453997,0.009470321667519762,0.010016935492622036,0.0139278175271031,6.736819542941838e-08,1.835020334703621e-10,0.022189736954495127,0.003620262123764568,1.541999413331578e-05,1.90901008689379e-06,5.608107444341411e-06,0.02168938786387477,1.1658406233276783e-05,3.9755595388315205e-11,3.0024240114551335e-09,0.004762290161777143
2.3132036637286712e-05,0.5145516413123239,3.76,0.0,0.00011432987625837465,0.6398019415669159,0.29734720757774474,0.04278265372710238,0.000661018912361499,0.02433067055705749,0.2412109957202248,1.0560405061282021e-10,0.3030043787655957,1.4000344238059114e-06,0.00013632039807813209,0.35019356390141915,0.0013886704005108773,7.285312692497993e-05,1.427427690684453e-05,0.0016207637507810039,0.13456466302725656,1.830524926125166e-05,3.7276416330750196e-05,0.008143068744789433,0.03890753974112935,0.00038694177450944044,0.0001304559681709146,0.000666247158521894,3.7114379919798974e-09,0.04062275184218889,1.6378378828820818e-09,0.00020852356499147777,0.0001061353400782109,9.60449369389118e-05,8.515001463119134e-07,1.9300510397797782e-08,0.013701678661612223,0.00945757527636003,0.010020104940784662,0.013916129400109039,6.725709337786411e-08,1.8325696091653747e-10,0.022185377792813484,0.0036202071031922094,1.5430505865857073e-05,1.9072926240212729e-06,5.612353914890668e-06,0.021736554733958382,1.1689310801839444e-05,3.968408972185868e-11,2.9958237220289406e-09,0.0047754531084219865
2.3196470202239655e-05,0.5145847592396966,3.76,0.0,0.00011300532186278234,0.6393972854178631,0.2976559541778677,0.04285424137451457,0.0006613261633055434,0.02428418980142763,0.24142886969165886,1.0542650010725158e-10,0.30296276497800934,1.398969547083518e-06,0.00013624073134613565,0.3507597420924823,0.0013870097995360752,7.269789324938276e-05,1.4253041418305165e-05,0.0016216384103946585,0.1343034348441896,1.827824709885552e-05,3.7236004881735594e-05,0.008136176167445382,0.03893302500774546,0.0003868675654328008,0.00013033714901250135,0.0006651336217854567,3.70332098397667e-09,0.04055550823035449,1.633960999827319e-09,0.0002081641298499631,0.0001060219211563476,9.587218651060941e-05,8.495789864700773e-07,1.9252369881937452e-08,0.013694685773520208,0.009444871427171651,0.010023294532547597,0.01390443689073712,6.714601390386263e-08,1.8301275323476883e-10,0.022180918652759892,0.0036201636137637057,1.5441033257071837e-05,1.905584555246398e-06,5.616616576698752e-06,0.021783636957301417,1.1720238233422548e-05,3.961279498182565e-11,2.9892459281682123e-09,0.004788630849044638
2.32609037671926e-05,0.5146178290929376,3.76,0.0,0.00011170047955685659,0.6389929846186234,0.29796456192683046,0.04292564309199433,0.0006616354776683655,0.024237783130108218,0.24164644563482426,1.052494153086438e-10,0.3029210891600501,1.3979067149241995e-06,0.00013616170758409747,0.35132521682065276,0.0013853542806049467,7.254332621899382e-05,1.4231887667308114e-05,0.0016225191126905084,0.1340426725705519,1.8251345877072096e-05,3.7195747846358433e-05,0.008129308765300138,0.038958445311210364,0.00038679447374778073,0.0001302187710134176,0.0006640234899110103,3.6952357644834644e-09,0.040488278381666486,1.6300976459697054e-09,0.00020780607396174512,0.00010590889629796216,9.570002817546743e-05,8.476649870623631e-07,1.920441090928027e-08,0.013687710354102205,0.009432209891700806,0.010026503957713415,0.01389274021490298,6.703495755131675e-08,1.827694577782738e-10,0.022176360069619233,0.0036201315465696194,1.5451576110395e-05,1.903885779741737e-06,5.62089533540234e-06,0.021830634718865222,1.175118853824075e-05,3.954174799975979e-11,2.9826904559210687e-09,0.004801823413591631
2.3325337332145542e-05,0.514650851053799,3.76,0.0,0.00011041505073836625,0.6385890375370888,0.29827303178522063,0.042996859252234405,0.0006619468398932738,0.02419145037927558,0.2418637247728693,1.0507271167840581e-10,0.302879351727749,1.3968459124897913e-06,0.00013608332118011463,0.35188999054561515,0.0013837038187231266,7.23894214527832e-05,1.4210814802679982e-05,0.0016234058159026348,0.13378237481077998,1.8224544568528052e-05,3.7155643733549416e-05,0.008122466351488075,0.03898380083922417,0.00038672248940274363,0.00013010082913184236,0.0006629167359641767,3.6871819677373678e-09,0.04042106263252863,1.626247577286565e-09,0.00020744938318554055,0.00010579626135197701,9.552845668218236e-05,8.457580872199083e-07,1.9156631926026706e-08,0.013680752052458285,0.009419590441258823,0.01002973291011948,0.013881039585784984,6.692392488227484e-08,1.8252701425955029e-10,0.022171702574165748,0.0036201107942320948,1.5462134230985795e-05,1.9021961982346605e-06,5.6251900982947245e-06,0.021877548201581592,1.1782161723419561e-05,3.9470907432797796e-11,2.9761571337712537e-09,0.004815030831841725
2.3389770897098485e-05,0.5146838252981052,3.76,0.0,0.00010914874133601977,0.6381854425572971,0.2985813647035904,0.04306789022319992,0.0006622602346257583,0.024145191386004038,0.2420807083187803,1.0489633527480153e-10,0.3028375530936717,1.395787125148236e-06,0.0001360055665759722,0.35245406570476845,0.0013820583889673321,7.22361745984774e-05,1.4189821982749128e-05,0.0016242984788435895,0.13352254017975068,1.8197842156398486e-05,3.7115691071566095e-05,0.00811564873973019,0.03900909177762235,0.00038665160247522515,0.00012998331839118805,0.0006618133333258727,3.679159229670914e-09,0.04035386131828808,1.6224105720424223e-09,0.00020709404357394012,0.00010568401221991215,9.53574668443146e-05,8.438582268571185e-07,1.9109031388727698e-08,0.01367381052231795,0.009407012846791477,0.010032981087199815,0.01386933521411965,6.68129164529777e-08,1.8228537594092526e-10,0.02216694669315028,0.0036201012507358285,1.5472707425942895e-05,1.9005157125325024e-06,5.62950077442131e-06,0.02192437758657851,1.1813157796137031e-05,3.940024623108472e-11,2.9696457919634096e-09,0.004828253133426587
2.345420446205143e-05,0.5147167520025018,3.76,0.0,0.00010790126203296193,0.6377821980803361,0.29888956162188113,0.04313873636788491,0.0006625756467229553,0.024099005988315568,0.24229739747476503,1.0472036187467851e-10,0.3027956936667346,1.3947303384999924e-06,0.00013592843827025665,0.3530174447119037,0.0013804179664901569,7.208358133475827e-05,1.4168908384546249e-05,0.0016251970609155075,0.13326316730336812,1.8171237641663762e-05,3.707588840923355e-05,0.008108855744393552,0.03903431831027774,0.0003865818031800775,0.00012986623388342873,0.0006607132557139602,3.671167340377978e-09,0.04028667477317186,1.6185866783115478e-09,0.00020674004138557676,0.00010557214485952512,9.518705354750349e-05,8.419653467247292e-07,1.9061608001934438e-08,0.013666885422254966,0.009394476878910362,0.010036248190173118,0.013857627308073309,6.67019328017787e-08,1.8204458286544306e-10,0.02216209294908887,0.0036201028115037167,1.5483295505029908e-05,1.8988442255066802e-06,5.63382727385106e-06,0.0219711230530865,1.18441767638738e-05,3.9329800265496435e-11,2.9631562632119045e-09,0.004841490347821435
2.3518638027004372e-05,0.5147496313394577,3.76,0.0,0.00010667232697582963,0.6373793025197021,0.2991976234723137,0.04320939804565952,0.0006628930612004385,0.02405289402492791,0.2425137934351702,1.0454482300827e-10,0.3027537738531795,1.3936755382808023e-06,0.0001358519308016174,0.3535801299636151,0.0013787825265024092,7.193163736285199e-05,1.4148073191200936e-05,0.001626101521962126,0.1330042548155847,1.81447300340926e-05,3.7036234308939515e-05,0.008102087180321491,0.03905948061963089,0.0003865130818363857,0.00012974957074752972,0.0006596164770903743,3.663206078431107e-09,0.040219503330577146,1.6147758967484525e-09,0.0002063873630269121,0.00010546065526792656,9.501721172717265e-05,8.40079388171769e-07,1.9014360463868163e-08,0.013659976414395926,0.009381982308000306,0.010039533923025973,0.013845916073931286,6.659097447152531e-08,1.8180465282933703e-10,0.022157141861399297,0.003620115373008501,1.5493898281143563e-05,1.8971816406626656e-06,5.638169507690513e-06,0.022017784778953838,1.1875218635500304e-05,3.9259584527307757e-11,2.9566883815486106e-09,0.004854742504388888
2.3583071591957315e-05,0.5147824634852523,3.76,0.0,0.0001054616561451657,0.6369767543099377,0.29950555117401045,0.04327987560977783,0.0006632124633319237,0.0240068553357362,0.2427298973809585,1.0436964476752475e-10,0.30271179405472415,1.392622710542558e-06,0.0001357760387809645,0.35414212382724636,0.0013771520443132033,7.178033842287605e-05,1.4127315602263138e-05,0.0016270118225634519,0.13274580136399852,1.8118318365940708e-05,3.6996727360219624e-05,0.008095342863197212,0.03908457888570204,0.0003864454289301496,0.0001296333242102261,0.0006585229718328712,3.6552751104584956e-09,0.04015234732248962,1.610978007171137e-09,0.00020603599515736076,0.00010534953951332663,9.484793640845679e-05,8.382002935760111e-07,1.896728731176142e-08,0.013653083166831422,0.009369528904126623,0.010042837994420493,0.01383420171479947,6.648004201583514e-08,1.8156553247469347e-10,0.022152093944263835,0.0036201388335023754,1.55045155687542e-05,1.8955278635274464e-06,5.642527388355859e-06,0.022064362939701015,1.1906283415544279e-05,3.918956280346244e-11,2.950241984670976e-09,0.004868009632299177
2.364750515691026e-05,0.5148152486062681,3.76,0.0,0.000104268973172665,0.6365745518987213,0.2998133456379185,0.04335016940965966,0.0006635338385623493,0.023960889761381443,0.2429457104847221,1.0419478540486219e-10,0.3026697546702302,1.3915718414590385e-06,0.00013570075686133,0.35470342865187265,0.001375526495298241,7.162968027898144e-05,1.4106634821507902e-05,0.0016279279237812368,0.13248780560476228,1.8092001673841647e-05,3.695736616587306e-05,0.008088622609234092,0.039109613286993444,0.00038637883505527964,0.0001295174895471708,0.0006574327145732932,3.6473740931941143e-09,0.040085207079996264,1.6071928018745077e-09,0.00020568592459027809,0.00010523879370366578,9.467922266621991e-05,8.363280059384636e-07,1.8920387074653557e-08,0.013646205351427538,0.009357116437169846,0.010046160115959052,0.013822484431783391,6.636913598247581e-08,1.8132718076662425e-10,0.022146949708568845,0.0036201730923521337,1.5515147184690776e-05,1.8938828002930775e-06,5.646900830110144e-06,0.02211085770938733,1.1937371111001805e-05,3.911971375666436e-11,2.943816911279309e-09,0.004881291760604747
2.3711938721863202e-05,0.5148479868770421,3.76,0.0,0.00010309400701764906,0.6361726937531539,0.30012100776287726,0.04342027978911276,0.0006638571725752706,0.0239149971435969,0.24316123390660271,1.0402036182746746e-10,0.3026276560943845,1.3905229174890655e-06,0.00013562607976050302,0.3552640467594274,0.0013739058549284036,7.147965873204218e-05,1.4086030068167583e-05,0.0016288497873563458,0.13223026620667547,1.8065779008923802e-05,3.6918149352353165e-05,0.008081926235477323,0.039134583999781966,0.0003863132909621755,0.00012940206211107483,0.0006563456803298824,3.6395028634830624e-09,0.0400180829328641,1.6034204109394706e-09,0.00020533713837284285,0.00010512841401114503,9.45110656610937e-05,8.34462469216196e-07,1.8873658588761098e-08,0.013639342645494245,0.009344744676824576,0.010049500003542001,0.013810764423064673,6.625825689753288e-08,1.810896646200393e-10,0.022141709660382203,0.003620218050565595,1.5525792949392763e-05,1.8922463580419689e-06,5.6512897488700766e-06,0.022157269259930504,1.196848173033118e-05,3.9050093198557306e-11,2.937413001902727e-09,0.004894588918179801
2.3776372286816145e-05,0.514880678459681,3.76,0.0,0.00010193648950396288,0.6357711783506461,0.30042853844131784,0.043490207088924586,0.0006641824511940577,0.023869177324716613,0.24337646880012304,1.0384641231050575e-10,0.30258549871958573,1.3894759251711979e-06,0.00013555200222839942,0.3558239804574505,0.0013722900987336176,7.133026960184811e-05,1.4065500569329202e-05,0.0016297773754031218,0.1319731818452685,1.8039649433651253e-05,3.687907555614448e-05,0.008075253559410722,0.03915949119914316,0.00038624878748815705,0.0001292870372918611,0.0006552618443134822,3.631661249745966e-09,0.03995097521011666,1.5996608932902464e-09,0.00020498962366828638,0.0001050183966380719,9.434346058663905e-05,8.32603627831919e-07,1.8827100682299875e-08,0.013632494729359878,0.00933241339269522,0.010052857375408314,0.013799041885230557,6.614740529634962e-08,1.808530138589635e-10,0.022136374303145995,0.003620273610032844,1.5536452686444104e-05,1.8906184444619065e-06,5.655694060992797e-06,0.022203597762105388,1.1999615282875942e-05,3.898072002190798e-11,2.9310300984526027e-09,0.0049079011338092875
2.384080585176909e-05,0.5149133235266434,3.76,0.0,0.00010079615760821339,0.6353700041875866,0.30073593855382774,0.04355995164443521,0.0006645096604727569,0.02382343014814315,0.24359141630655745,1.0367272388452353e-10,0.3025432829341602,1.3884308513258056e-06,0.00013547851908146866,0.35638323202684175,0.00137067920233945,7.118150874489237e-05,1.4045045567959854e-05,0.0016307106506890565,0.13171655120844908,1.8013612034709644e-05,3.684014343816083e-05,0.008068604399377479,0.039184335057989315,0.0003861853156194546,0.00012917241055755309,0.0006541811821139422,3.6238488151810767e-09,0.03988388423947445,1.5959137731365545e-09,0.00020464336786934258,0.00010490873785026536,9.417640272353472e-05,8.307514271515839e-07,1.8780711760590983e-08,0.013625661288611063,0.009320122354301023,0.010056231953977698,0.013787317012022566,6.603658174310891e-08,1.8061708671542955e-10,0.02213094413561096,0.003620339674245765,1.5547126220058086e-05,1.8889989695977967e-06,5.66011368377101e-06,0.022249843384615418,1.2030771772186718e-05,3.891149086216374e-11,2.9246680472763215e-09,0.004921228436102984
2.3905239416722032e-05,0.5149459222370217,3.76,0.0,9.967275155995186e-05,0.6349691697721566,0.30104320897366094,0.04362951378754713,0.0006648387866200707,0.02377775545796698,0.2438060775595673,1.0349937806768641e-10,0.30250100912381633,1.3873876828877698e-06,0.00013540562517520475,0.35694180373197304,0.0013690731414400766,7.103337203977523e-05,1.4024664305789485e-05,0.0016316495764310008,0.1314603729918663,1.7987665891913098e-05,3.680135167180673e-05,0.008061978574247125,0.03920911574786327,0.0003861228664394402,0.0001290581774211288,0.0006531036695435996,3.6160652607354437e-09,0.039816810347797375,1.5921789752856303e-09,0.00020429835850229193,0.00010479943394978493,9.400988739273563e-05,8.289058130802418e-07,1.873449046687944e-08,0.013618842012257059,0.009307871331106063,0.01005962346433757,0.013775589995361194,6.592578676252544e-08,1.803819031488708e-10,0.02212541965352966,0.0036204161477058137,1.5557813376179334e-05,1.8873878436377277e-06,5.664548537291427e-06,0.022296006294857656,1.2061951206053033e-05,3.8842442491562095e-11,2.9183266943190546e-09,0.004934570853568216
2.3969672981674976e-05,0.5149784747580488,3.76,0.0,9.856601519438053e-05,0.6345686736257328,0.30135035056585396,0.043698893846346336,0.000665169816011751,0.02373215309904397,0.2440204536842493,1.0332645377597951e-10,0.30245867767135376,1.3863464069579318e-06,0.00013533331540916844,0.35749969781864777,0.001367471891806194,7.088585539058232e-05,1.4004356043459415e-05,0.0016325941162936954,0.13120464589979192,1.7961810106316518e-05,3.6762698946207374e-05,0.008055375903504336,0.03923383343878353,0.0003860614311396333,0.00012894433344763656,0.000652029282670335,3.608310502069182e-09,0.03974975386098122,1.5884566996840992e-09,0.000203954583245664,0.00010469048128166096,9.384390996590947e-05,8.27066732142116e-07,1.8688435809905566e-08,0.013612036593074148,0.009295660092563917,0.010063031634539126,0.013763861025142722,6.581502088039176e-08,1.8014753081092587e-10,0.02211980134932268,0.0036205029360418,1.5568513984236327e-05,1.8857849772627715e-06,5.668998541373266e-06,0.022342086658783865,1.209315359307557e-05,3.8773614437494014e-11,2.912005887169505e-09,0.004947928414595842
2.403410654662792e-05,0.5150109812512383,3.76,0.0,9.747569657679155e-05,0.6341685142852914,0.30165736418571626,0.04376809214443768,0.0006655027352158297,0.02368662291712457,0.24423454579556136,1.0315389334479821e-10,0.30241628895617106,1.385307010857334e-06,0.00013526158473656808,0.35805691651068766,0.0013658754292955693,7.073895473200445e-05,1.3984120048843964e-05,0.001633544234492409,0.13094936864671544,1.7936043791784353e-05,3.672418396993309e-05,0.008048796207373414,0.03925848829898123,0.0003860010010371616,0.00012883087426519737,0.0006509579978713045,3.6005842202539785e-09,0.039682715103800746,1.5847467132447177e-09,0.00020361202996215257,0.00010458187624284787,9.367846588230483e-05,8.25234131616053e-07,1.8642546406539248e-08,0.013605244728212191,0.009283488408135561,0.010066456196102845,0.0137521302888954,6.570428463621787e-08,1.799139172297438e-10,0.022114089711510923,0.003620599946208638,1.5579227875643523e-05,1.8841902828390694e-06,5.6734636172936405e-06,0.022388084640646122,1.212437893897962e-05,3.8704977485217985e-11,2.9057054764523795e-09,0.004961301147436087
2.4098540111580862e-05,0.5150434418764912,3.76,0.0,9.640154791691319e-05,0.6337686903031288,0.3019642506789984,0.04383710900102845,0.0006658375309916552,0.02364116475884191,0.24444835499847356,1.0298172311236444e-10,0.3023738433543169,1.3842694821057735e-06,0.00013519042816266446,0.3586134620102848,0.0013642837298537941,7.059266602892861e-05,1.3963955600734185e-05,0.00163449989578178,0.1306945399571769,1.791036607283023e-05,3.668580546942297e-05,0.008042239306821256,0.03928308049493213,0.0003859415675731013,0.0001287177955624077,0.0006498897918258593,3.592886208334147e-09,0.039615694399918695,1.5810490301034078e-09,0.00020327068669446897,0.00010447361527991221,9.351355064592477e-05,8.234079595191967e-07,1.8596821100921858e-08,0.013598466119118387,0.009271356047320125,0.010069896883959123,0.013740397971818842,6.559357855817051e-08,1.7968108227687742e-10,0.022108285224779305,0.0036207070864646396,1.5589954883849606e-05,1.8826036735834853e-06,5.677943687764108e-06,0.022434000403026254,1.2155627250262818e-05,3.8636544720239695e-11,2.8994253141702048e-09,0.0049746890802015485
2.4162973676533806e-05,0.5150758567936862,3.76,0.0,9.534332518758618e-05,0.6333692002454699,0.30227101088276404,0.043905944731324885,0.0006661741902761951,0.02359577847164081,0.24466188238884015,1.0280988903268262e-10,0.30233134123876626,1.3832338083868175e-06,0.0001351198407392525,0.35916933649992644,0.0013626967695106163,7.044698527376581e-05,1.3943861985035667e-05,0.0016354610654145004,0.13044015856487662,1.788477608447573e-05,3.664756218664569e-05,0.008035705023507303,0.03930761019151151,0.0003858831223017478,0.00012860509308160466,0.0006488246414849148,3.5852161457247784e-09,0.03954869207196376,1.5773633967321887e-09,0.00020293054164638845,0.00010436569488329031,9.334915981664075e-05,8.215881645273577e-07,1.8551258514825783e-08,0.013591700471173947,0.009259262779690493,0.01007335343615376,0.01372866425698292,6.548290318152327e-08,1.7944896969617752e-10,0.022102388370303948,0.003620824266256717,1.5600694844634406e-05,1.8810250637464476e-06,5.682438676839801e-06,0.02247983410699017,1.2186898533873043e-05,3.856828807946065e-11,2.8931652543795892e-09,0.004988092240881477
2.422740724148675e-05,0.5151082261607524,3.76,0.0,9.430078794483286e-05,0.632970042691833,0.30257764562578665,0.04397459964671739,0.0006665127001762878,0.023550463903745992,0.24487512905378253,1.026384521996688e-10,0.3022887829795444,1.3821999775430732e-06,0.00013504981756295482,0.3597245421432499,0.001361114524378826,7.030190848539557e-05,1.3923838499649522e-05,0.001636427709112657,0.1301862232122654,1.7859272973568055e-05,3.660945287885094e-05,0.008029193179768622,0.03933207755206518,0.0003858256568851875,0.0001284927626168037,0.0006477625240564295,3.577573864886411e-09,0.03948170844156022,1.5736899128779214e-09,0.00020259158317419647,0.00010425811158553585,9.318528900598108e-05,8.197746959398902e-07,1.850585758802677e-08,0.013584947493523066,0.009247208374926,0.010076825593713604,0.013716929325417508,6.537225902708906e-08,1.792176263984443e-10,0.02209639962590037,0.003620951396168702,1.5611447596035424e-05,1.8794543683492669e-06,5.686948509513766e-06,0.02252558591216095,1.2218192796874456e-05,3.850023795824197e-11,2.8869251524780116e-09,0.005001510657348387
2.4291840806439692e-05,0.515140550134037,3.76,0.0,9.327369935049027e-05,0.6325712162351621,0.3028841557284667,0.04404307405475268,0.0006668530479685272,0.02350522090417099,0.24508809607157922,1.0246734592032606e-10,0.30224616894369616,1.3811679775872429e-06,0.00013498035377639645,0.360279081084824,0.0013595369706560923,7.015743170969287e-05,1.3903884449577453e-05,0.0016373997930757816,0.12993273265064423,1.7833855897943865e-05,3.6571476319249166e-05,0.008022703598640135,0.03935648273839615,0.0003857691630940152,0.00012838080001497694,0.0006467034170096178,3.5699590700591196e-09,0.0394147438293102,1.570028325434912e-09,0.00020225379978841448,0.00010415086196247642,9.302193387935909e-05,8.179675036876527e-07,1.846061698897245e-08,0.013578206899097015,0.009235192602841273,0.010080313100673447,0.013705193356092943,6.526164662851105e-08,1.7898699054557062e-10,0.02209031946599142,0.00362108838793274,1.5622212978178927e-05,1.8778915034422736e-06,5.691473111979277e-06,0.022571255976708754,1.2249510046066528e-05,3.843236023884752e-11,2.880704865923782e-09,0.005014944357356918
2.4356274371392636e-05,0.5151728288686039,3.76,0.0,9.226182664380075e-05,0.6321727194836333,0.30319054200169926,0.044111368258624745,0.0006671952211219188,0.023460049322826085,0.24530078451044393,1.0229662929759558e-10,0.3022034994948811,1.380137796727697e-06,0.0001349114445742747,0.36083295544753696,0.0013579640846378394,7.001355102341732e-05,1.388399915161482e-05,0.0016383772840411568,0.1296796856413673,1.7808524027466358e-05,3.653363129885419e-05,0.008016236103965225,0.03938082591055881,0.0003857136328220932,0.00012826920118289573,0.0006456472981101898,3.5623715788598833e-09,0.03934779855464688,1.5663787130463426e-09,0.00020191718017469428,0.00010404394263893136,9.285909016365588e-05,8.161665384198506e-07,1.8415535658070913e-08,0.0135714784051114,0.009223215233436784,0.01008381570447855,0.01369345652564326,6.515106650325246e-08,1.78757105407129e-10,0.02208414836115046,0.0036212351545840283,1.5632990833634973e-05,1.876336386055304e-06,5.696012411695573e-06,0.022616844457158582,1.2280850288503877e-05,3.836468426245931e-11,2.874504253810826e-09,0.0050283933685279815
2.442070793634558e-05,0.5152050625191084,3.76,0.0,9.126493974613787e-05,0.6317745510554761,0.3034968052501058,0.04417948255866139,0.0006675392072321863,0.023414949010215888,0.245513195431925,1.0212625645442051e-10,0.30216077499451693,1.3791094232970708e-06,0.00013484308518592081,0.3613861673399384,0.0013563958426856338,6.98702625239312e-05,1.386418192889117e-05,0.0016393601491007318,0.1294270809524317,1.7783276541166887e-05,3.649591662059328e-05,0.008009790520133384,0.03940510722745411,0.00038565905804481635,0.00012815796206705991,0.0006445941453203734,3.554811127941694e-09,0.039280872936221206,1.562740889471337e-09,0.00020158171313393796,0.00010393735027220503,9.269675362668601e-05,8.143717512587334e-07,1.8370612346937464e-08,0.013564761731606824,0.009211276036862243,0.010087333154826553,0.013681719009157987,6.50405191794971e-08,1.7852792815385427e-10,0.022077886779406437,0.0036213916100187463,1.564378100638648e-05,1.8747889340068266e-06,5.700566336945546e-06,0.022662351508953814,1.2312213530755543e-05,3.829718649048786e-11,2.868323176870385e-09,0.005041857718394582
2.4485141501298522e-05,0.5152372512369178,3.76,0.0,9.028281231065446e-05,0.6313767095829292,0.30380294626956406,0.044247417251199454,0.0006678849940719733,0.023369919817675326,0.2457253298882625,1.0195627015952064e-10,0.30211799580089144,1.3780828458017814e-06,0.000134775270888839,0.3619387188505715,0.0013548322212546334,6.97275623374471e-05,1.3844432113762884e-05,0.0016403483558424224,0.1291749173611033,1.775811262805325e-05,3.645833110371481e-05,0.008003366672305065,0.039429326846375255,0.0003856054308513237,0.0001280470786689286,0.0006435439368756251,3.547277515691432e-09,0.03921396729158578,1.5591148771892906e-09,0.000201247387627274,0.00010383108156462199,9.253492009264918e-05,8.125830939846247e-07,1.8325845970523437e-08,0.013558056602561293,0.009199374783495173,0.010090865204555722,0.01366998097957186,6.493000517345262e-08,1.7829948621558136e-10,0.022071535185238203,0.0036215576693337382,1.56545833427507e-05,1.8732490659958646e-06,5.705134817276084e-06,0.022707777286031332,1.2343599779836298e-05,3.822988789891326e-11,2.8621614972901865e-09,0.005055337434367556
2.4549575066251466e-05,0.5152693951732398,3.76,0.0,8.931522171626279e-05,0.6309791937122582,0.3041089658471949,0.044315172628585336,0.0006682325695919316,0.02332496159737447,0.24593718892234884,1.0178660399833193e-10,0.3020751622691482,1.3770580529228318e-06,0.0001347079970085964,0.3624906120479105,0.0013532731968957227,6.958544661924153e-05,1.3824749048120147e-05,0.0016413418723498826,0.12892319365393942,1.77330314896577e-05,3.642087358363367e-05,0.007996964386428013,0.03945348492300587,0.0003855527434444739,0.00012793654704461102,0.0006424966512847222,3.539770481825114e-09,0.039147081937181326,1.5555004584212812e-09,0.00020091419277568738,0.00010372513326323859,9.23735854421877e-05,8.108005190344866e-07,1.828123529341652e-08,0.013551362745893594,0.009187511243972216,0.010094411609650888,0.013658242607659474,6.481952501219577e-08,1.7807172297202706e-10,0.02206509403956488,0.0036217332488287578,1.5665397691345025e-05,1.8717167017404005e-06,5.709717783376953e-06,0.02275312194082372,1.237500904277107e-05,3.8162754781866464e-11,2.856019079301591e-09,0.0050688325437359535
2.461400863120441e-05,0.5153014944781832,3.76,0.0,8.836194877203128e-05,0.6305820021026892,0.30441486476202745,0.044382748979485374,0.0006685819219076518,0.023280074202258545,0.24614877356840648,1.0161733755246097e-10,0.302032274751516,1.3760350335027153e-06,0.00013464125891518076,0.3630418489818442,0.0013517187462504033,6.944391155166892e-05,1.3805132082552128e-05,0.0016423406671676303,0.1286719086261002,1.7708032336662316e-05,3.6383542910726237e-05,0.007990583489195013,0.03947758161154262,0.00038550098813201143,0.00012782636330066979,0.0006414522673078683,3.532289843395925e-09,0.039080217188407006,1.551897724802229e-09,0.00020058211784733084,0.00010361950215634744,9.221274560752847e-05,8.09023979450316e-07,1.8236779299669065e-08,0.013544679893160591,0.009175685189205387,0.01009797212900607,0.013646504062196526,6.470907920411368e-08,1.7784469208054733e-10,0.022058563800010676,0.003621918265915923,1.5676223902872815e-05,1.8701917618020237e-06,5.7143151671060554e-06,0.022798385624377464,1.2406441326756243e-05,3.809582643554093e-11,2.8498957884944944e-09,0.0050823430736768585
2.4678442196157353e-05,0.5153335493004666,3.76,0.0,8.742277754518453e-05,0.630185133425801,0.3047206437853771,0.04445014658906553,0.0006689330392919151,0.023235257486015105,0.24636008485236538,1.0144836993717456e-10,0.3019893335974353,1.375013776537549e-06,0.0001345750520211619,0.36359243168450844,0.00135016884604846,6.930295334311803e-05,1.3785580576067129e-05,0.001643344709276623,0.12842106108095494,1.7683114391173197e-05,3.634633794973549e-05,0.00798422380802507,0.03950161706476529,0.0003854501573216423,0.00012771652359188802,0.0006404107639453874,3.5248353409673537e-09,0.03901337335965597,1.5483064093528887e-09,0.00020025115225021719,0.00010351418507163963,9.205239657044574e-05,8.072534288493316e-07,1.8192476756274268e-08,0.013538007779383333,0.009163896390401922,0.010101546524289995,0.013634765510050688,6.459866827714387e-08,1.7761831474059222e-10,0.022051944921054185,0.0036221126390684703,1.56870618300032e-05,1.8686741676417177e-06,5.71892690131748e-06,0.022843568486422224,1.2437896639002198e-05,3.8029052155142137e-11,2.8437914923023203e-09,0.005095869051261158
2.4742875761110296e-05,0.5153655597874034,3.76,0.0,8.649749532641326e-05,0.6297885863654267,0.30502630368090566,0.044517365739024824,0.0006692859101732186,0.023190511303070427,0.24657112379190277,1.0127982585373029e-10,0.301946339153573,1.373994271175458e-06,0.0001345093717815826,0.364142362170393,0.001348623473108911,6.916256822800835e-05,1.3766093895798151e-05,0.0016443539680933135,0.12817064983003126,1.765827688366638e-05,3.630925757966534e-05,0.007977885171071002,0.039525591434048116,0.0003854002435203449,0.00012760702412094614,0.0006393721204351213,3.5174068036011593e-09,0.03894655076431167,1.5447266700160061e-09,0.00019992128553080927,0.00010340917887596662,9.189253436138875e-05,8.054888214186753e-07,1.8148326704533272e-08,0.013531346143017311,0.009152144619089324,0.010105134559925568,0.01362302711619405,6.44882927309656e-08,1.7739267354490777e-10,0.022045237854048615,0.003622316287813227,1.5697911327370097e-05,1.8671638415338308e-06,5.723552919980318e-06,0.022888670675384387,1.246937498682327e-05,3.7962493489251724e-11,2.8377060594478833e-09,0.0051094105034547865
2.480730932606324e-05,0.5153975260850069,3.76,0.0,8.558589262609911e-05,0.6293923596176735,0.3053318452046093,0.04458440670759581,0.0006696405231360967,0.02314583550859367,0.2467818913964076,1.0111154544830984e-10,0.3019032917638106,1.3729765067165576e-06,0.00013444421369412376,0.36469164243628477,0.0013470826043417337,6.90227524670119e-05,1.3746671417193827e-05,0.0016453684134672302,0.12792067369303464,1.763351905607247e-05,3.62723006937757e-05,0.007971567407233463,0.039549504869358085,0.00038535123933459086,0.0001274978611384306,0.0006383363162537223,3.510003968400634e-09,0.03887974971473565,1.5411581586312284e-09,0.00019959250737391126,0.0001033044804753654,9.173315506009525e-05,8.037301119151154e-07,1.8104327897340136e-08,0.013524694725955431,0.009140429647141434,0.01010873600309566,0.013611289043697945,6.437795309740411e-08,1.7716765269445598e-10,0.022038443047212784,0.0036225291327328497,1.570877225159502e-05,1.8656607066316096e-06,5.728193158057747e-06,0.02293369233838846,1.2500876377636124e-05,3.7896070720910224e-11,2.8316393604598715e-09,0.005122967457118998
2.4871742891016183e-05,0.5154294483380573,3.76,0.0,8.468776314482434e-05,0.6289964518908417,0.3056372691048667,0.04465126976957247,0.000669996866920238,0.023101229958494205,0.24699238866700923,1.009437258353677e-10,0.30186019176925327,1.371960472611824e-06,0.00013437957329886867,0.3652402744613499,0.0013455462167489569,6.888350234706942e-05,1.3727312523716444e-05,0.0016463880156816447,0.1276711314978099,1.7608840158385464e-05,3.623546619942828e-05,0.007965270346169177,0.03957335751926403,0.0003853031374696975,0.00012738903094243858,0.0006373033311138995,3.502626678395864e-09,0.03881297052226244,1.537601128825262e-09,0.0001992648076014419,0.00010320008681473214,9.157425479455822e-05,8.019772556604309e-07,1.806047944460442e-08,0.013518053273504003,0.009128751246802989,0.01011235062372656,0.013599551453742618,6.426764986397973e-08,1.7694337901785845e-10,0.02203156094564653,0.0036227510954597543,1.571964446128371e-05,1.8641646869067107e-06,5.73284755163048e-06,0.022978633621268563,1.2532400818990245e-05,3.782988095217666e-11,2.825591267153162e-09,0.005136539939011483
2.4936176455969126e-05,0.5154613266901206,3.76,0.0,8.380290372116307e-05,0.6286008619052631,0.30594257612254033,0.04471795519636242,0.0006703549304187064,0.023056694509415374,0.24720261659666276,1.0077611599424667e-10,0.3018170395082592,1.3709461584609498e-06,0.0001343154461777971,0.36578826020733746,0.0013440142874251502,6.87448141812264e-05,1.3708016606990448e-05,0.0016474127454444768,0.1274220220802403,1.758423945203623e-05,3.619875301790762e-05,0.007958993818295079,0.03959714953095574,0.0003852559307284767,0.00012728052987788415,0.0006362731449623736,3.4952746665895157e-09,0.03874621349720157,1.5340551215671358e-09,0.00019893817617023697,0.00010309599487724275,9.14158297410322e-05,8.002302085324924e-07,1.8016780075377913e-08,0.013511421534334673,0.009117109190712566,0.010115978194453113,0.013587814505640094,6.415738357042081e-08,1.767196826859972e-10,0.022024591991367734,0.003622982098662667,1.5730527817001843e-05,1.8626757071849791e-06,5.737516037754682e-06,0.02302349466858937,1.2563948318576159e-05,3.776379983383572e-11,2.819561653097457e-09,0.0051501279757882575
2.500061002092207e-05,0.5154931612835483,3.76,0.0,8.293111427553917e-05,0.6282055883931177,0.3062477669910887,0.044784463256043607,0.0006707147026756813,0.02301222901872529,0.2474125761702455,1.0060902784016384e-10,0.3017738353164716,1.369933554009969e-06,0.0001342518279542524,0.3663356016188067,0.0013424867935577566,6.86066843084338e-05,1.3688783066368005e-05,0.0016484425738857236,0.12717334428414234,1.7559716206000887e-05,3.616216008417633e-05,0.007952737654790399,0.03962088105026468,0.0003852096120097566,0.00012717235433577087,0.0006352457379746642,3.487947791895466e-09,0.038679478948840294,1.5305205262094538e-09,0.0001986126031696904,0.00010299220168375125,9.125787612239354e-05,7.984889269559512e-07,1.7973228981748496e-08,0.013504799260431992,0.009105503251924704,0.01011961849057924,0.013576078356859459,6.40471546867531e-08,1.7649675719093895e-10,0.02201753662335333,0.0036232220660318143,1.5741422181247675e-05,1.8611936930963034e-06,5.742198554579562e-06,0.023068275623668543,1.2595518884223488e-05,3.7697980574976326e-11,2.8135503931170642e-09,0.00516373159400567
2.5065043585875013e-05,0.515524952259482,3.76,0.0,8.207219775926953e-05,0.6278106300982758,0.3065528424366666,0.044850794213415535,0.0006710761728846533,0.022967833344511097,0.2476222683646425,1.0044206644035317e-10,0.30173057952684723,1.3689226491491068e-06,0.00013418871429248902,0.36688230062332944,0.0013409637124275051,6.846910909338217e-05,1.3669611309151229e-05,0.0016494774725478725,0.12692509696116497,1.7535269700629553e-05,3.612568634672433e-05,0.007946501687600553,0.03964455222168274,0.0003851641743070865,0.00012706450075254024,0.0006342210905536897,3.4806457811217498e-09,0.038612767185445845,1.5269967263843697e-09,0.00019828807881962487,0.00010288870429225468,9.110039020840948e-05,7.967533678935741e-07,1.7929824852650684e-08,0.01349818620704624,0.009093933203931539,0.01012327129004386,0.013564343163049341,6.393696376730286e-08,1.7627435161218959e-10,0.02201039527757577,0.00362347092226566,1.575232741843024e-05,1.8597185710965566e-06,5.746895041202272e-06,0.02311297662859726,1.2627112523923105e-05,3.763222868564211e-11,2.8075573637310085e-09,0.005177350820122269
2.5129477150827956e-05,0.5155566997578657,3.76,0.0,8.122596010806507e-05,0.627415985776147,0.30685780317821515,0.04491694833004615,0.0006714393303865065,0.02292350734557104,0.2478316941488212,1.0027572452789673e-10,0.30168727246968097,1.367913433910809e-06,0.00013412610089725874,0.3674283591316703,0.0013394450214088947,6.833208492636438e-05,1.3650500750089343e-05,0.0016505174133850204,0.12667727897070735,1.751089922328838e-05,3.608933076733685e-05,0.00794028574944017,0.03966816318837907,0.0003851196107075588,0.00012695696560947338,0.0006331991833246186,3.4733685108249023e-09,0.03854607851426556,1.5234843017012875e-09,0.00019796459346835434,0.00010278549979740398,9.09433683139876e-05,7.950234888386236e-07,1.7886566978877517e-08,0.013491582132650769,0.009082398820683986,0.0101269363733887,0.01355260907805804,6.382681125620322e-08,1.7605275903416605e-10,0.02200316838703546,0.0036237285930589462,1.5763243394850784e-05,1.8582502684308663e-06,5.751605437791591e-06,0.023157597824258837,1.2658729245820073e-05,3.756678533006026e-11,2.801582442684108e-09,0.005190985680500516
2.5187467359285605e-05,0.515585235446613,3.76,0.0,8.047502881416024e-05,0.6270610733141706,0.30713217036166796,0.044976336049591975,0.0006717676060915549,0.022883673402797174,0.24801995036787047,1.0012609114382067e-10,0.301648252555176,1.367006576707296e-06,0.00013407017305412688,0.36791926572971484,0.0013380819344197188,6.820923136079501e-05,1.3633353093919603e-05,0.0016514576483709262,0.1264546089225649,1.7489030217751483e-05,3.60567109241155e-05,0.007934708392328805,0.03968936170056099,0.00038508024519288725,0.0001268604533768614,0.0006322817938613801,3.4668398951391728e-09,0.0384860787071003,1.5203322228565448e-09,0.00019767433712905382,0.00010269286380846459,9.080244233949044e-05,7.934714194176947e-07,1.784775883942175e-08,0.01348564594587902,0.009072048182706637,0.010130245271973527,0.0135420494752125,6.372770730703515e-08,1.7585374722831952e-10,0.021996591400092986,0.0036239679726643155,1.577307684693456e-05,1.856934567093805e-06,5.755856639154184e-06,0.023197688778835032,1.2687204038051617e-05,3.7507927015685885e-11,2.7962203966303046e-09,0.005203270443841183
2.5245457567743253e-05,0.5156137361330877,3.76,0.0,7.973407526865594e-05,0.6267064132800345,0.30740644572545467,0.04503558092360458,0.0006720972324245604,0.022843895681260037,0.24820799226841422,9.997685030600159e-11,0.3016091916164116,1.3661010730699494e-06,0.00013401464390567315,0.36840965642949386,0.0013367223688111598,6.808681864552572e-05,1.3616254125013616e-05,0.0016524019252542512,0.12623228489543697,1.7467221720976933e-05,3.6024185220348925e-05,0.007929147003009942,0.039710511664349094,0.00038504157726821004,0.0001267641937637733,0.0006313665946267321,3.4603309946467324e-09,0.03842609807520685,1.517189090977815e-09,0.00019738490780617633,0.00010260046067476738,9.066188665014101e-05,7.919238865466806e-07,1.7809067533627272e-08,0.013479716667457656,0.009061726086369086,0.010133563788480916,0.013531491003319249,6.362863525461427e-08,1.7565531483030982e-10,0.021989945781734282,0.003624214379897817,1.578291879616647e-05,1.85562427924776e-06,5.760119017619771e-06,0.023237715302079957,1.2715697539631846e-05,3.744926407592934e-11,2.790872833644889e-09,0.005215567911296041
2.5303447776200902e-05,0.5156422019145342,3.76,0.0,7.90029639574245e-05,0.626352004789607,0.30768062977919913,0.04509468313630172,0.0006724282019114149,0.022804174079464338,0.2483958205408378,9.982778430939359e-11,0.3015700898887951,1.3651969160178113e-06,0.00013395951040243726,0.36889953259008806,0.0013353663082838702,6.796484420120916e-05,1.3599203431440274e-05,0.0016533502244116586,0.1260103060734251,1.74454732320616e-05,3.5991752926022095e-05,0.007923601461130213,0.03973161318145841,0.0003850036020819623,0.00012666818429517098,0.0006304535719455462,3.453841650228155e-09,0.038366136840473505,1.5140546338282096e-09,0.00019709629872049827,0.00010250828835197819,9.052169865151964e-05,7.90380860299429e-07,1.7770492247143956e-08,0.013473794127777633,0.009051432367906424,0.010136891768159243,0.013520933770908515,6.35295954906785e-08,1.7545733991313466e-10,0.02198323184162936,0.003624467762593713,1.5792769148907116e-05,1.8543193534390252e-06,5.764392531622133e-06,0.02327767749428589,1.2744209757024745e-05,3.739069051598137e-11,2.7855396674705196e-09,0.005227878101892398
2.536143798465855e-05,0.5156706328902332,3.76,0.0,7.828156127579359e-05,0.6259978469662205,0.30795472302785865,0.04515364286982496,0.00067276050717387,0.02276450849638157,0.2485834358703473,9.967910953821313e-11,0.30153094760599114,1.3642940986611365e-06,0.00013390476952133398,0.36938889555963333,0.0013340137366031394,6.784330546548587e-05,1.3582200607272311e-05,0.0016543025264836256,0.12578867164566754,1.7423784256883833e-05,3.595941331954629e-05,0.00791807164686609,0.03975266635274888,0.0003849663148430827,0.00012657242252471723,0.0006295427122863873,3.4473717393256226e-09,0.038306195224099525,1.5109290181827666e-09,0.00019680850317514638,0.00010241634481922977,9.038187577841672e-05,7.888423110901953e-07,1.773203235234051e-08,0.01346787815931038,0.009041166863914055,0.01014022905794398,0.013510377885339915,6.343058835127851e-08,1.752599337686247e-10,0.02197644988751366,0.003624728069231922,1.580262781278015e-05,1.8530197387748146e-06,5.768677140170364e-06,0.023317575454972365,1.2772740696706768e-05,3.733231092208303e-11,2.780220812936924e-09,0.005240201034596694
2.54194281931162e-05,0.5156990291583957,3.76,0.0,7.756973544986082e-05,0.6256439389403846,0.3082287259719037,0.04521246030432353,0.0006730941409259629,0.02272489883143455,0.24877083893715385,9.953061356441072e-11,0.301491764999983,1.3633926141979976e-06,0.00013385041826469193,0.36987774667572326,0.0013326646375973997,6.77221998924439e-05,1.3565245250548205e-05,0.0016552588123670785,0.12556738080615493,1.7402154306523163e-05,3.592716568758686e-05,0.00791255744091212,0.03977367127825823,0.00038492971081863627,0.00012647690603380943,0.0006286340022567369,3.440921109501144e-09,0.038246273446614035,1.507811995837583e-09,0.00019652151455226623,0.00010232462807830034,9.024241549402288e-05,7.873082096600762e-07,1.7693687063779257e-08,0.013461968596526479,0.009030929411350296,0.010143575506394178,0.013499823452845807,6.333161422551833e-08,1.7506298198101483e-10,0.021969600225259244,0.003624995248913536,1.5812494696573426e-05,1.851725384845923e-06,5.772972802951235e-06,0.023357409282917956,1.2801290365277581e-05,3.727402225032217e-11,2.774916185685398e-09,0.005252536728317178
2.5477418401573848e-05,0.5157273908163859,3.76,0.0,7.686735649397741e-05,0.6252902798496375,0.30850263910741005,0.04527113561799884,0.0006734290959720476,0.02268534498448886,0.24895803041656162,9.938247817831202e-11,0.30145254230110224,1.3624924559126781e-06,0.00013379645365981516,0.3703660872656076,0.0013313189951578814,6.760152495239155e-05,1.3548336964559511e-05,0.0016562190632077307,0.125346432753635,1.7380582898011285e-05,3.589500932490433e-05,0.007907058724477807,0.03979462805721898,0.0003848937853326399,0.00012638163243106635,0.0006277274285993415,3.4344896346218696e-09,0.038186371727881814,1.504703677708354e-09,0.00019623532631124683,0.00010223313615319536,9.01033152890284e-05,7.857785270697433e-07,1.7655455740244428e-08,0.013456065275853555,0.009020719847544593,0.010146930963659758,0.013489270578552768,6.32326734513683e-08,1.748665717619457e-10,0.02196268315890979,0.003625269251348417,1.5822369710230084e-05,1.8504362417463489e-06,5.777279480231873e-06,0.023397179076177724,1.2829858769452723e-05,3.721591185000933e-11,2.7696257022955903e-09,0.005264885201905427
2.5535408610031497e-05,0.5157557179608172,3.76,0.0,7.617429618729303e-05,0.6249368688384727,0.3087764629261051,0.04532966898712836,0.0006737653652059384,0.022645846855850527,0.2491450109790061,9.923453288026826e-11,0.30141327973804094,1.3615936171747036e-06,0.00013374287275879786,0.37085391864628386,0.0013299767932388653,6.748127813178827e-05,1.3531475356652307e-05,0.001657183260399348,0.12512582669157032,1.7359069553541686e-05,3.586294353427367e-05,0.00790157537929005,0.039815536788066874,0.0003848585337654936,0.00012628659935202125,0.0006268229781913978,3.428077171931062e-09,0.038126490287103375,1.501603877980154e-09,0.00019594993198775545,0.00010214186708990736,8.996457268155225e-05,7.842532346955804e-07,1.7617337640175037e-08,0.013450168035654764,0.009010538010208327,0.01015029528146598,0.013478719366491664,6.313376641076279e-08,1.7467061631006612e-10,0.021955698990696746,0.0036255500268490963,1.58322527648535e-05,1.8491522600482765e-06,5.781597132919214e-06,0.02343688493209269,1.285844591610005e-05,3.715789744882306e-11,2.76434928016543e-09,0.005277246474157274
2.5593398818489146e-05,0.5157840106875816,3.76,0.0,7.549042805317992e-05,0.6245837050582743,0.3090501979154071,0.04538806058608636,0.0006741029416101202,0.022606404346262782,0.24933178129008496,9.908693264670533e-11,0.3013739775378611,1.3606960914379148e-06,0.00013368967263835705,0.3713412421245739,0.0013286380158580048,6.736145693319521e-05,1.3514660039069717e-05,0.0016581513855801785,0.12490556182810073,1.733761380094923e-05,3.5830967626366024e-05,0.007896107287595475,0.03983639756844824,0.000384823951553486,0.0001261918044588375,0.0006259206380427122,3.421683594707677e-09,0.0380666293428136,1.498512670008128e-09,0.0001956653251928924,0.00010205081895618694,8.98261852166629e-05,7.827323042262564e-07,1.7579332119292925e-08,0.0134442767162104,0.009000383737445616,0.010153668313099705,0.013468169919606142,6.303489344272466e-08,1.7447518527276372e-10,0.021948648021052782,0.0036258375263255585,1.5842143772701618e-05,1.8478733908090776e-06,5.785925722509999e-06,0.023476526947298303,1.2887051812245336e-05,3.7100053104190434e-11,2.7590868375762283e-09,0.00528962056381362
2.5651389026946794e-05,0.5158122690918571,3.76,0.0,7.48156273365882e-05,0.6242307876672474,0.3093238445584701,0.045446310587367006,0.0006744418182549595,0.022567017356903706,0.24951834201059536,9.89395345925363e-11,0.3013346359260066,1.3597998722394766e-06,0.0001336368503996257,0.3718280589972137,0.0013273026470965567,6.724205887520462e-05,1.3497890628206196e-05,0.001659123420631599,0.12468563737600168,1.731621517326494e-05,3.579908091967763e-05,0.007890654332162558,0.03985721049522821,0.0003847900341882134,0.00012609724544000776,0.0006250203952947289,3.4153087663738606e-09,0.038006789112881766,1.4954299055516306e-09,0.00019538149961225796,0.00010195998984129493,8.968815046623063e-05,7.812157076589643e-07,1.75414384662789e-08,0.013438391159697059,0.008990256867763453,0.010157049913394237,0.013457622339762408,6.293605492370458e-08,1.742802093924601e-10,0.02194153054862748,0.003626131701279284,1.5852042647174935e-05,1.846599585560992e-06,5.7902652111165115e-06,0.023516105217733764,1.2915676465067397e-05,3.704231019277197e-11,2.7538382936350027e-09,0.005302007489561345
2.5709379235404443e-05,0.5158404932681148,3.76,0.0,7.41497709800836e-05,0.6238781158303385,0.30959740333423236,0.045504419161608925,0.0006747819882977546,0.022527685789382187,0.24970469379657487,9.879246766524718e-11,0.30129525512631716,1.3589049531988754e-06,0.00013358440316792525,0.37231437055095046,0.0013259706710995517,6.712308149235459e-05,1.348116674509806e-05,0.0016600993476745965,0.12446605255263729,1.729487320893497e-05,3.576728274041935e-05,0.007885216396282809,0.03987797566449956,0.00038475677721595375,0.000126002920010039,0.0006241222372185592,3.4089525605502812e-09,0.037946969814511726,1.492355626358404e-09,0.00019509844900496358,0.00010186937785574135,8.955046602845803e-05,7.797034172954046e-07,1.7503656037253388e-08,0.013432511210165357,0.008980157240081358,0.010160439938712445,0.01344707672775993,6.283725119373451e-08,1.740857424244208e-10,0.0219343468703044,0.003626432503796798,1.5861949302804716e-05,1.845330796309601e-06,5.7946155614386356e-06,0.023555619838651808,1.2944319881906501e-05,3.6984729957190264e-11,2.74860356829701e-09,0.005314407270034242
2.5767369443862092e-05,0.5158686833101203,3.76,0.0,7.349273759992097e-05,0.6235256887191579,0.30987087471746466,0.04556238647761993,0.0006751234449818533,0.022488409545735,0.2498908372993435,9.864561201131293e-11,0.3012558353610402,1.3580113280169192e-06,0.00013353232809253915,0.3728001780626421,0.0013246420720759427,6.700452233504194e-05,1.3464488014934668e-05,0.0016610791490677547,0.12424680657991423,1.7273587451539225e-05,3.573557242244175e-05,0.007879793363772205,0.03989869317159171,0.00038472417623703833,0.00012590882590913992,0.0006232261512137731,3.402614845483661e-09,0.037887171664242485,1.489289711897579e-09,0.00019481616720264518,0.0001017789811310279,8.941312952765704e-05,7.781954057377868e-07,1.746598414549893e-08,0.013426636713517574,0.008970084693740709,0.01016383824693024,0.013436533183342184,6.273848262429745e-08,1.7389172890296695e-10,0.021927097281218322,0.003626739886543196,1.58718636552425e-05,1.8440669755267772e-06,5.798976736773274e-06,0.02359507090462858,1.2972982070264827e-05,3.692725509825831e-11,2.743382582332583e-09,0.0053268199238139585
2.582535965231974e-05,0.5158968393109438,3.76,0.0,7.284440746265306e-05,0.6231735055119052,0.3101442591788181,0.04562021270240104,0.0006754661816357217,0.02244918852842293,0.2500767731655442,9.84990754153215e-11,0.30121637685084535,1.3571189904747577e-06,0.00013348062234649338,0.3732854827993537,0.0013233168342987492,6.688637896943634e-05,1.3447854067340823e-05,0.0016620628074041225,0.12402789868423592,1.7252357449879476e-05,3.5703949307127326e-05,0.007874385118972227,0.03991936311107932,0.00038469222690523967,0.00012581496090291146,0.0006223321248065702,3.3962954961588232e-09,0.03782739487794836,1.4862321816149752e-09,0.0001945346481084996,0.00010168879781939386,8.927613861383107e-05,7.766916458849113e-07,1.7428422151950138e-08,0.013420767517485785,0.008960039068513876,0.010167244697420011,0.013425991805207146,6.263974955587804e-08,1.736982104274927e-10,0.021919782074772038,0.0036270538027557927,1.588178562125012e-05,1.842808076146796e-06,5.803348700998072e-06,0.023634458509573273,1.300166303781516e-05,3.6869936494784e-11,2.738175257331763e-09,0.005339245469430941
2.588334986077739e-05,0.5159249613629633,3.76,0.0,7.220466246223757e-05,0.6228215653932928,0.3104175571848706,0.0456778980011702,0.0006758101916720927,0.02241002264032791,0.2502625020371832,9.835275752463387e-11,0.30117687981483593,1.3562279344329096e-06,0.00013342928312634218,0.37377028601845147,0.0013219949421051996,6.676864897739603e-05,1.3431264536054738e-05,0.0016630503055090591,0.12380932809645817,1.7231182757799713e-05,3.567241274331412e-05,0.007868991546751226,0.039939985576790855,0.00038466092492717293,0.0001257213227820447,0.0006214401456485428,3.389994384841729e-09,0.03776763967083945,1.4831829358256394e-09,0.0001942538856963422,0.00010159882609356786,8.913949096243014e-05,7.751921109283397e-07,1.7390969390762497e-08,0.013414903471610473,0.008950020204613138,0.010170659151034767,0.013415452691017583,6.254105235539359e-08,1.735051425492719e-10,0.021912401542652737,0.0036273742062378953,1.5891715118689574e-05,1.8415540515608903e-06,5.807731418572893e-06,0.02367378274673758,1.3030362792402267e-05,3.681272638568983e-11,2.7329815156839576e-09,0.005351683925365336
2.5941340069235038e-05,0.5159530495578745,3.76,0.0,7.157338609751594e-05,0.6224698675544735,0.3106907691981725,0.04573544253738547,0.0006761554685870736,0.0223709117847493,0.250448024551669,9.820674838874366e-11,0.3011373444705621,1.3553381538303078e-06,0.00013337830765195493,0.374254588967697,0.0013206763798968666,6.665132995638412e-05,1.3414719059084538e-05,0.0016640416264374004,0.123591094051845,1.7210062934205498e-05,3.5640962087193107e-05,0.007863612532505417,0.039960560661816996,0.0003846302660617046,0.00012562790936202091,0.0006205502015149805,3.3837113883978437e-09,0.03770790625746171,1.4801419777584753e-09,0.0001939738740096807,0.00010150906414652161,8.900318427397416e-05,7.736967743486244e-07,1.7353625230221994e-08,0.013409044427219453,0.008940027942699356,0.010174081470092161,0.013404915937411171,6.244239136338852e-08,1.7331255728718335e-10,0.021904955974848192,0.003627701051352661,1.590165206651301e-05,1.8403048556128191e-06,5.812124854529367e-06,0.023713043708725005,1.3059081342049465e-05,3.675566701180885e-11,2.727801280574871e-09,0.005364135310047911
2.5999330277692686e-05,0.5159811039866937,3.76,0.0,7.095046345000547e-05,0.622118411192968,0.31096389567729293,0.045792846472768156,0.0006765020059593125,0.022331855865401075,0.25063334134185167,9.806096391460912e-11,0.30109777103403296,1.3544496426833574e-06,0.00013332769316630686,0.37473839288533967,0.0013193611321397915,6.65344195193847e-05,1.3398217278488832e-05,0.0016650367534712138,0.12337319579002538,1.7188997542939384e-05,3.5609596702232287e-05,0.007858247962160097,0.03998108845851891,0.00038460024611936786,0.00012553471848281736,0.0006196622803036031,3.377446382563352e-09,0.03764819485169733,1.4771092231844838e-09,0.00019369460716080252,0.0001014195101912279,8.886721627379256e-05,7.722056099115911e-07,1.7316389022588965e-08,0.01340319023740704,0.008930062123890423,0.010177511518358986,0.01339438164001053,6.234376694259103e-08,1.731204188564276e-10,0.021897445659662767,0.0036280342930170074,1.5911596384752717e-05,1.8390604425939892e-06,5.816528974468519e-06,0.02375224148750008,1.3087818694960792e-05,3.669871852351142e-11,2.722634475971984e-09,0.005376599641860951
2.6057320486150335e-05,0.516009124739768,3.76,0.0,7.033578116199789e-05,0.6217671955125912,0.3112369370768637,0.045850109967325504,0.0006768497974491306,0.022292854786408196,0.25081845303606204,9.791547930117593e-11,0.3010581597197286,1.3535623950850094e-06,0.00013327743693527,0.37522169900020813,0.0013180491833646006,6.641791529481891e-05,1.3381758840455114e-05,0.0016660356701171492,0.1231556325549499,1.716798615276249e-05,3.5578315959078756e-05,0.007852897722170517,0.04000156905853647,0.000384570860961784,0.00012544174800861515,0.0006187763700329562,3.3711992463711263e-09,0.0375885056667649,1.4740846635998981e-09,0.00019341607932987477,0.00010133016246042053,8.873158471167536e-05,7.707185916646692e-07,1.7279260145115646e-08,0.01339734075701352,0.008920122589769458,0.010180949161035582,0.013383849893433119,6.22451794332695e-08,1.7292875173354067e-10,0.02188987088373316,0.003628373886695589,1.5921547994511214e-05,1.837820767238868e-06,5.820943744553169e-06,0.02379137617439744,1.311657485952664e-05,3.664191596798269e-11,2.7174810266179367e-09,0.005389076939139153
2.6115310694607984e-05,0.5160371119067789,3.76,0.0,6.972922741496991e-05,0.6214162197233843,0.3115098938476247,0.045907233179373126,0.0006771988367977046,0.022253908452303763,0.2510033602581498,9.777022406515273e-11,0.30101851074061226,1.352676405203843e-06,0.00013322753624740765,0.37570450853180126,0.0013167405181666136,6.630181492646111e-05,1.3365343395144195e-05,0.0016670383601041577,0.12293840359484866,1.7147028337260432e-05,3.554711923548294e-05,0.007847561699522948,0.04002200255279629,0.00038454210650109134,0.00012534899582751225,0.0006178924588411295,3.364969858675783e-09,0.037528838915219735,1.4710682263388212e-09,0.00019313828476405818,0.00010124101920635809,8.85962873616041e-05,7.69235693933276e-07,1.7242237966233564e-08,0.013391495842604802,0.008910209182392817,0.010184394264740647,0.013373320791301054,6.214662919427524e-08,1.7273752697879302e-10,0.021882231932044048,0.0036287197883948376,1.5931506817951438e-05,1.8365857847203386e-06,5.825369131503768e-06,0.023830447860130798,1.3145349844326462e-05,3.6585226083544625e-11,2.7123408580188055e-09,0.005401567220170518
2.6173300903065633e-05,0.5160650655767495,3.76,0.0,6.913069190830586e-05,0.6210654830415415,0.31178276643646724,0.04596421626555724,0.0006775491178262239,0.022215016768025554,0.2511880636275219,9.762526098859821e-11,0.3009788243081424,1.3517916672831666e-06,0.0001331779884137707,0.37618682269037856,0.001315435121205943,6.618611607335518e-05,1.3348970596720847e-05,0.0016680448073809768,0.1227215081621887,1.7126123674805404e-05,3.551600591620473e-05,0.007842239781735464,0.04004238903151981,0.0003845139786993812,0.00012525645985123865,0.00061701053498423,3.3587581008269497e-09,0.03746919480895395,1.46805989447953e-09,0.00019286121777663362,0.00010115207870059026,8.846132202142452e-05,7.677568913172492e-07,1.7205321873160083e-08,0.013385655352452425,0.00890032174429783,0.010187846697496039,0.013362794426250772,6.204811656531288e-08,1.7254676314386024e-10,0.021874529087943465,0.0036290719546570637,1.5941472778287062e-05,1.835355450645167e-06,5.829805102592212e-06,0.023869456634801802,1.3174143658133715e-05,3.652867793559381e-11,2.707213896436029e-09,0.005414070503197224
2.623129111152328e-05,0.5160929858380504,3.76,0.0,6.85400658383286e-05,0.6207149846893422,0.3120555552864781,0.04602105938087653,0.0006779006344350868,0.02217617963891317,0.25137256375917993,9.748053097725792e-11,0.300939100632284,1.3509081756401237e-06,0.0001331287907676963,0.3766686426770484,0.0013141329772075848,6.607081640973102e-05,1.3332640103238482e-05,0.001669054996113854,0.12250494551363293,1.7105271748479333e-05,3.5484975392938186e-05,0.007836931856858848,0.04006272858423106,0.0003844864735681398,0.00012516413801487626,0.0006161305868350986,3.352563854558189e-09,0.03740957355919684,1.4650596040495187e-09,0.00019258487274614216,0.00010106333923372728,8.832668651257428e-05,7.662821586873315e-07,1.7168511249094688e-08,0.013379819146513731,0.008890460118510357,0.010191306328711885,0.013352270889942586,6.194964190162223e-08,1.723564366983707e-10,0.021866762633158014,0.0036294303425546213,1.5951445799772867e-05,1.8341297210494897e-06,5.8342516256369115e-06,0.02390840258790881,1.3202956309918862e-05,3.6472243747143256e-11,2.702100068876088e-09,0.005426586806416506
2.628928131998093e-05,0.5161208727784065,3.76,0.0,6.795724187763247e-05,0.6203647238950828,0.3123282608369819,0.04607776267870378,0.0006782533806030845,0.022137396970704666,0.2515568612637581,9.733608642698222e-11,0.3008993399215205,1.3500259246648188e-06,0.0001330799406646085,0.3771499696838566,0.0013128340709615029,6.595591362492094e-05,1.3316351576640553e-05,0.0016700689106841362,0.12228871490999874,1.7084472146026253e-05,3.5454027064221296e-05,0.007831637813477297,0.04008302129976459,0.0003844595871676981,0.0001250720282765817,0.0006152526028818507,3.346387003599807e-09,0.03734997537651498,1.462067332133953e-09,0.00019230924411553792,0.00010097479911521223,8.819237867977284e-05,7.648114711817044e-07,1.713180549179284e-08,0.013373987086412364,0.008880624148552127,0.010194773029171775,0.013341750273070172,6.185120554210088e-08,1.721665615402563e-10,0.021858932847807887,0.003629794909684137,1.5961425807695197e-05,1.8329085523943785e-06,5.838708668997273e-06,0.023947285808355475,1.3231787808853717e-05,3.641594760763097e-11,2.6969993030819193e-09,0.005439116147981519
2.634727152843858e-05,0.5161487264849023,3.76,0.0,6.738211415471358e-05,0.6200146998930075,0.3126008835235839,0.04613432631080724,0.0006786073503866125,0.0220986686695337,0.25174095674755986,9.719187777341285e-11,0.3008595423828653,1.349144908819449e-06,0.00013303143548182143,0.3776308048938734,0.0013115383873227066,6.584140542327646e-05,1.3300104682670824e-05,0.001671086535686019,0.12207281561621747,1.706372445978538e-05,3.5423160335361425e-05,0.007826357540709164,0.04010326726627301,0.0003844333156066871,0.00012498012861731307,0.0006143765717265977,3.34022743239381e-09,0.03729040047081251,1.459083021338941e-09,0.00019203432639135285,0.00010088645667309627,8.805839639074933e-05,7.633448042025692e-07,1.7095203998180233e-08,0.013368159035418974,0.00887081367844783,0.010198246671018202,0.013331232665369884,6.175280783860237e-08,1.7197711841616846e-10,0.021851040010421714,0.0036301656141608032,1.59714127283625e-05,1.8316919015614415e-06,5.843176201568508e-06,0.023986106384459305,1.3260638164314599e-05,3.635976630602059e-11,2.6919115275233576e-09,0.005451658546002199
2.6405261736896227e-05,0.5161765470439884,3.76,0.0,6.681457823389288e-05,0.6196649119232432,0.3128734237782125,0.04619075042737168,0.0006789625379188756,0.022059994641926307,0.2519248508125949,9.704794872552554e-11,0.3008197082218726,1.3482651226374516e-06,0.00013298327261834452,0.3781111494812802,0.001310245911211316,6.572728952408506e-05,1.3283899090857027e-05,0.0016721078559242203,0.12185724690129435,1.704302828663909e-05,3.5392374618348484e-05,0.00782109092820759,0.04012346657123471,0.0003844076550415005,0.00012488843704055948,0.0006135024820840456,3.3340850270648613e-09,0.037230849051331255,1.4561066445344722e-09,0.00019176011414287462,0.00010079831025381664,8.79247375359461e-05,7.618821334127783e-07,1.7058706176842202e-08,0.01336233485843219,0.008861028552732074,0.010201727127738095,0.013320718155629989,6.165444912901102e-08,1.7178811757184513e-10,0.021843084397951185,0.00363054241461273,1.598140648909595e-05,1.8304797258484855e-06,5.8476541927764656e-06,0.024024864403960036,1.32895073858863e-05,3.6303719793000535e-11,2.6868366713884413e-09,0.005464214018546105
2.6463251945353876e-05,0.5162043345409008,3.76,0.0,6.625453100100661e-05,0.6193153592313444,0.31314588202940186,0.0462470351771231,0.0006793189374041293,0.02202137479477218,0.2521085440568993,9.690426231063279e-11,0.30077983764274546,1.3473865607176454e-06,0.00013293544949326651,0.37859100461204137,0.0013089566276082857,6.561356366048998e-05,1.3267734474095706e-05,0.0016731328563983955,0.12164200803800057,1.7022383227532994e-05,3.536166933127977e-05,0.00781583786612541,0.040143619301505694,0.00038438260167255445,0.0001247969515705032,0.0006126303227726412,3.327959674528654e-09,0.03717132132669545,1.4531381507113441e-09,0.00019148660199717516,0.00010071035822069038,8.779140002669725e-05,7.604234347151921e-07,1.7022311437381498e-08,0.013356514421852683,0.008851268616421274,0.010205214274059779,0.01331020683176254,6.155612976141609e-08,1.7159954455504228e-10,0.021835066285889854,0.0036309252701414497,1.59914070181746e-05,1.8292719829308392e-06,5.8521426125452896e-06,0.024063559954065703,1.3318395483419175e-05,3.624779078984436e-11,2.681774664506549e-09,0.005476782583642062
2.6521242153811525e-05,0.5162320890621789,3.76,0.0,6.570187084423606e-05,0.6189660410690476,0.3134182587018226,0.046303180707129916,0.0006796765431271136,0.021982809035375812,0.2522920370739734,9.676083605621997e-11,0.3007399308481439,1.3465092177337266e-06,0.00013288796354862865,0.37907037144275063,0.0013076705215645556,6.550022558152955e-05,1.3251610509661796e-05,0.001674161522327905,0.1214270983033983,1.7001788888703717e-05,3.53310438994694e-05,0.007810598245190298,0.04016372554323321,0.00038435815175060005,0.00012470567025526112,0.0006117600827295409,3.3218512633763973e-09,0.03711181750481845,1.4501775043195625e-09,0.00019121378464716834,0.00010062259895657292,8.765838179832023e-05,7.589686842863199e-07,1.6986019198767772e-08,0.013350697593790864,0.008841533715092392,0.01020870798612651,0.01329969878067979,6.145785007513842e-08,1.7141140102265243e-10,0.021826985948067347,0.0036313141403881677,1.600141424485608e-05,1.828068630950192e-06,5.856641431322475e-06,0.024102193121381284,1.3347302466718734e-05,3.619198708582202e-11,2.6767254375504346e-09,0.005489364259275037
2.6579232362269173e-05,0.5162598106914676,3.76,0.0,6.515649757447985e-05,0.6186169566939607,0.3136905542164743,0.046359187162888775,0.0006800353494496034,0.02194429727143766,0.2524753304529951,9.661766832182544e-11,0.30069998803925535,1.3456330884310649e-06,0.00013284081224823106,0.37954925112108495,0.001306387578198437,6.538727305140666e-05,1.3235526878052002e-05,0.0016751938391436506,0.12121251697863628,1.6981244880259444e-05,3.53004977548216e-05,0.007805371956683547,0.04018378538189112,0.0003843343015741217,0.00012461459116533508,0.0006108917510042454,3.315759683174548e-09,0.037052337792930656,1.4472246660656577e-09,0.0001909416568481153,0.00010053503086259568,8.752568080875207e-05,7.575178585617893e-07,1.6949828884768865e-08,0.013344884243981043,0.008831823694868422,0.010212208141426317,0.01328919408834287,6.135961041111235e-08,1.7122368360792015e-10,0.02181884365672916,0.003631708985506687,1.6011428099483725e-05,1.82686962843557e-06,5.861150620127738e-06,0.024140763991940036,1.3376228346053397e-05,3.6136307740437734e-11,2.671688921804252e-09,0.005501959063388807
2.6637222570726822e-05,0.5162874995130344,3.76,0.0,6.461831234088933e-05,0.6182681053692332,0.3139627689908929,0.04641505468841617,0.000680395350806371,0.021905839411033544,0.25265842477905054,9.647475348981395e-11,0.3006600094158721,1.3447581676220595e-06,0.00013279399307644448,0.3800276447862899,0.0013051077826927004,6.527470384871214e-05,1.321948326341987e-05,0.0016762297924756457,0.12099826334872561,1.6960750816693178e-05,3.527003033539394e-05,0.007800158892416389,0.04020379890231769,0.00038431104748657964,0.00012452371239220922,0.0006100253167519811,3.3096848246973127e-09,0.03699288239760999,1.444279594860903e-09,0.0001906702134139547,0.00010044765235700962,8.739329503717501e-05,7.560709342210574e-07,1.6913739924452862e-08,0.013339074243689398,0.008822138402401541,0.010215714618717018,0.01327869283981384,6.126141110972899e-08,1.7103638726231172e-10,0.02181063968262228,0.0036321097661345756,1.6021448513411176e-05,1.8256749343092808e-06,5.865670150480956e-06,0.024179272651237944,1.3405173131990452e-05,3.608074990994396e-11,2.666665049236938e-09,0.005514567013888732
2.6753202987642123e-05,0.5163427790655767,3.76,0.0,6.356311708851875e-05,0.6175710989505202,0.31450695797226147,0.04652637351763739,0.0006811189167179197,0.021829085034974705,0.2530240185925312,9.618968694960217e-11,0.3005799455179331,1.343011931059093e-06,0.00013270134115759947,0.3809829785930024,0.0013025575763143276,6.505070661093381e-05,1.3187514839309805e-05,0.0016783125521809355,0.1205707363324172,1.6919911003479263e-05,3.5209329455156076e-05,0.007789772006484889,0.04024368732472426,0.0003842663131717565,0.00012434254826564366,0.0006082980978034459,3.2975848418584173e-09,0.03687404537973547,1.4384125995778746e-09,0.00019012935918201593,0.0001002734578681913,8.712946116838237e-05,7.531886975973135e-07,1.684186381040318e-08,0.013327463784204178,0.008802841390027644,0.010222746060511786,0.013257701010023484,6.106513494747903e-08,1.7066304634205084e-10,0.021794047761744227,0.003632928978833244,1.6041508749117037e-05,1.8232983088792727e-06,5.8747401243253065e-06,0.024256103675425737,1.3463119466588653e-05,3.5969999900987094e-11,2.656654964913118e-09,0.005539822425483918
2.6869183404557424e-05,0.5163979283794721,3.76,0.0,6.253552043854142e-05,0.6168750160269268,0.3150508289182118,0.04663713831797024,0.0006818471977717161,0.021752545179225733,0.25338882311432964,9.590563074525593e-11,0.30049974072507035,1.3412704678524447e-06,0.00013260998807463205,0.38193638181077244,0.0013000197851853552,6.482821638265102e-05,1.3155702780292281e-05,0.001680409690395015,0.12014451161063726,1.6879266449220044e-05,3.514893688659489e-05,0.00777943673252599,0.040283391476672196,0.0003842239204372933,0.00012416216302280078,0.0006065783412010796,3.2855504642673955e-09,0.03675530809073198,1.4325762101709823e-09,0.00018959118161223948,0.0001001000031746248,8.686686444234388e-05,7.503217926282808e-07,1.677038640214086e-08,0.013315865215531929,0.008783641462017497,0.01022980136654323,0.013236723954089988,6.086902428489462e-08,1.7029135152882238e-10,0.021777212321857396,0.0036337714730924255,1.606159442141892e-05,1.8209384338516696e-06,5.883851134851419e-06,0.024332686867428416,1.3521141558731935e-05,3.585973263235769e-11,2.6466946537027685e-09,0.0055651306365631596
2.6985163821472724e-05,0.5164529481047954,3.76,0.0,6.153477830372725e-05,0.6161798508984284,0.3155943850473226,0.046747350189810424,0.0006825801520097761,0.021676219121713993,0.2537528428802149,9.562257876362037e-11,0.300419396586072,1.3395337388460852e-06,0.00013251991443352713,0.3828878632558897,0.0012974942931066062,6.46072159065373e-05,1.3124044683783273e-05,0.0016825210991593396,0.11971958359982057,1.683881421972459e-05,3.5088848355169344e-05,0.0077691522242656665,0.04032291201451401,0.0003841838416131483,0.0001239825421392185,0.0006048659639013396,3.273580859349286e-09,0.03663667215957796,1.4267701237663466e-09,0.00018905564127083042,9.992727622853826e-05,8.660548943863846e-05,7.474700412914293e-07,1.6699303332000926e-08,0.01330427756160558,0.00876453741132713,0.010236879611592531,0.013215762320754635,6.067308180139131e-08,1.6992127648066533e-10,0.021760135475943396,0.003634636951035279,1.6081705014706775e-05,1.8185949945479427e-06,5.893002971902365e-06,0.02440902289250162,1.3579239500262712e-05,3.574994352610005e-11,2.6367835951318874e-09,0.005590491789055968
2.7101144238388025e-05,0.516507838883149,3.76,0.0,6.056016663121953e-05,0.6154855979492005,0.31613762952557767,0.046857010211333726,0.0006833177385864353,0.02160010614619071,0.25411608236275884,9.534052480865295e-11,0.3003389146280481,1.3378017059010716e-06,0.00013243110115832178,0.38383743161530415,0.0012949809849268328,6.438768815141128e-05,1.3092538200382155e-05,0.0016846466735466884,0.1192959467756377,1.6798551444938396e-05,3.502905968147813e-05,0.0077589176440541665,0.04036224958493324,0.000384146049714339,0.00012380367141124322,0.000603160884465666,3.261675212129698e-09,0.036518139204670765,1.4209940426440897e-09,0.00018852269960795525,9.975526524382748e-05,8.634532105878996e-05,7.446332692407285e-07,1.6628610317076872e-08,0.013292699869595756,0.008745528040017133,0.010243979889812457,0.013194816744955927,6.047731015920138e-08,1.6955279526795693e-10,0.021742819313912004,0.0036355251221507575,1.6101840028235466e-05,1.8162676823031696e-06,5.902195433030674e-06,0.024485112407897584,1.3637413386948946e-05,3.5640628004882776e-11,2.6269212788912113e-09,0.005615906024343398
2.7217124655303326e-05,0.5165626013463298,3.76,0.0,5.961098083444118e-05,0.614792251645666,0.3166805654675991,0.04696611943910448,0.0006840599177459884,0.021524205542138953,0.25447854597244757,9.505946283920859e-11,0.3002582963567623,1.3360743318685387e-06,0.00013234352948538226,0.38478509544920325,0.001292479746542068,6.416961630946782e-05,1.3061181032489346e-05,0.0016867863115962666,0.11887359567181649,1.675847531729674e-05,3.496956677872437e-05,0.007748732162865398,0.0404014048251641,0.00038411051842501484,0.00012362553694785796,0.0006014630230215818,3.2498327247766664e-09,0.03639971083383662,1.4152476744438781e-09,0.00018799231893444724,9.958395868926887e-05,8.60863445180468e-05,7.418113057105366e-07,1.655830315713154e-08,0.013281131209359677,0.008726612159407792,0.010251101314303452,0.013173887848101083,6.028171200335676e-08,1.6918588253912993e-10,0.02172526590302892,0.003636435703126554,1.6121998975811778e-05,1.8139561943423038e-06,5.91142832334816e-06,0.02456095606310636,1.3695663318501399e-05,3.553178161158986e-11,2.617107204579003e-09,0.005641373483283827
2.7333105072218627e-05,0.5166172361175804,3.76,0.0,5.868653524747804e-05,0.6140998065345995,0.3172231959378453,0.04707467890866276,0.0006848066508003763,0.021448516604682805,0.2548402380587753,9.477938691081939e-11,0.30017754325695795,1.3343515805648268e-06,0.0001322571809578657,0.3857308631935319,0.001289990464893992,6.395298379348603e-05,1.3029970933003876e-05,0.001688939914249839,0.11845252487899391,1.6718583090167053e-05,3.4910365650588796e-05,0.007738594960288375,0.04044037836320437,0.00038407722208293914,0.00012344812516320366,0.0005997723012247717,3.238052616159402e-09,0.03628138864434571,1.4095307319402058e-09,0.00018746446239942122,9.941334528229548e-05,8.582854533739153e-05,7.390039834230587e-07,1.6488377732496632e-08,0.013269570672907316,0.008707788590213377,0.01025824301670161,0.013152976238330671,6.008628996171314e-08,1.6882051345373521e-10,0.021707477288332895,0.003637368417686727,1.6142181385451176e-05,1.8116602336576868e-06,5.9207014553705555e-06,0.024636554500087664,1.3753989398612931e-05,3.542339997658176e-11,2.6073408814547307e-09,0.005666894306237868
2.7565065906049228e-05,0.516726125033341,3.76,0.0,5.6909213739336065e-05,0.6127175984686505,0.31830755247642734,0.04729015261331924,0.0006863136290599694,0.021297770937779528,0.25556132476016946,9.422216990850599e-11,0.3000156384073685,1.3309198061171198e-06,0.000132088081015427,0.3876167435494611,0.0012850473247959294,6.352397147873708e-05,1.2967983196049012e-05,0.0016932886313071412,0.11761420286735301,1.6639339646841916e-05,3.479282317365518e-05,0.007718462152369638,0.04051778279965116,0.00038401723477916487,0.00012309541677274683,0.0005964119706359652,3.21467649165998e-09,0.036045069145726624,1.3981840001191906e-09,0.00018641617841389906,9.907415399173513e-05,8.53164226269216e-05,7.334326104125781e-07,1.6349656002003127e-08,0.013246470447314048,0.008670413716623885,0.010272583872250114,0.013111207247673144,5.969598464658747e-08,1.6809430936468755e-10,0.021671202518721636,0.003639299176771746,1.6182614772686827e-05,1.8071137342490134e-06,5.939367730819882e-06,0.02478701825079541,1.3870870439891634e-05,3.520801394771517e-11,2.5879495727514967e-09,0.005718096603277659
2.779702673987983e-05,0.5168345104431096,3.76,0.0,5.522307611345211e-05,0.6113389316662318,0.3193907226958119,0.047503439209774276,0.000687838384427476,0.021147863616131798,0.2562793760813203,9.366882825264802e-11,0.2998532115480642,1.3275061115949517e-06,0.00013192365961445075,0.38949513777416084,0.0012801506810280118,6.310052282384886e-05,1.2906557975732531e-05,0.001697692088055722,0.11678093856391579,1.6560800304398236e-05,3.467640201255095e-05,0.007698512829063695,0.040594467740959886,0.0003839658950465542,0.00012274544339404802,0.0005930792951910766,3.1915409078815665e-09,0.035809193276112955,1.3869516477092523e-09,0.0001853775688292393,9.873760587034521e-05,8.48088429342192e-05,7.279178785129277e-07,1.621241370630852e-08,0.0132233923532439,0.008633394177552236,0.010286995865828904,0.013069514382002736,5.930641489334393e-08,1.673739941787927e-10,0.021634010935340973,0.003641315324223473,1.6223136688865254e-05,1.8026259190138056e-06,5.958192902268209e-06,0.02493650865324305,1.3988057423416485e-05,3.4994436711064936e-11,2.568743611328861e-09,0.005769514029292855
2.802898757371043e-05,0.516942397029304,3.76,0.0,5.362326772358538e-05,0.6099637652182792,0.32047272941741695,0.04771454628015743,0.0006893806437544502,0.020998789195415087,0.25699442472410655,9.31193179299311e-11,0.2996902738300301,1.3241102401531262e-06,0.00013176377961991964,0.39136610911700714,0.0012752996666178123,6.268251281280998e-05,1.2845678989285234e-05,0.0017021495905673483,0.11595269063629081,1.6482945135143962e-05,3.456107324785357e-05,0.00767874073646739,0.040670437898289766,0.0003839230197117778,0.000122398106629456,0.0005897736996674728,3.1686401755349662e-09,0.03557377343428575,1.3758315502184244e-09,0.00018434836695198757,9.840361903950695e-05,8.430570070567923e-05,7.224585665186682e-07,1.607662059533205e-08,0.013200329874700042,0.008596720889119558,0.010301472679540324,0.013027902053304808,5.891760110694624e-08,1.666593866476832e-10,0.02159591813671418,0.0036434148880164683,1.626374384457163e-05,1.7981946080249397e-06,5.977175722236634e-06,0.02508503059360222,1.4105551330536395e-05,3.47826363915466e-11,2.549719395981515e-09,0.005821147691649013
2.8260948407541033e-05,0.5170497893429694,3.76,0.0,5.210519091029827e-05,0.6085920593409426,0.32155359476196,0.04792348111998678,0.0006909401490859119,0.02085054231387313,0.25770650250775345,9.257359639422197e-11,0.29952683609504194,1.320731948424333e-06,0.00013160830832673834,0.39322971905417015,0.0012704934311499954,6.226981971811516e-05,1.278533064937332e-05,0.001706660485941416,0.11512941856578936,1.6405755051643695e-05,3.444680921827629e-05,0.0076591397575485635,0.04074569785293424,0.0003838884347759648,0.00012205331232634724,0.0005864946301271349,3.1459688348611064e-09,0.03533882185068938,1.3648216547404759e-09,0.00018332831762915615,9.807211507673424e-05,8.380689461876094e-05,7.170535012760804e-07,1.5942247532757063e-08,0.013177276804963526,0.008560384928214924,0.010316008257118101,0.012986374483618512,5.852956341794124e-08,1.6595031276325478e-10,0.02155693940070183,0.0036455959948860483,1.6304433154394502e-05,1.7938177031506906e-06,5.996315048790926e-06,0.025232588857172507,1.4223353213526755e-05,3.4572582380493745e-11,2.5308734590665884e-09,0.005872998691961226
2.8492909241371634e-05,0.517156691816574,3.76,0.0,5.0664491337160216e-05,0.6072237753266858,0.3226333401806578,0.048130250753228195,0.0006925166570876157,0.02070311768992875,0.25841564039790327,9.203162250489321e-11,0.2993629088839693,1.3173710059272826e-06,0.00013145711731119068,0.3950860273549972,0.0012657311406693503,6.186232502195442e-05,1.2725498030626187e-05,0.0017112241606678422,0.11431108261784519,1.6329211766652654e-05,3.4333583463501924e-05,0.007639703911511668,0.0408202520617488,0.00038386197502068717,0.00012171097038308739,0.0005832415529521465,3.123521644477024e-09,0.03510435058767034,1.3539199767591793e-09,0.00018231717668724208,9.77430188562168e-05,8.331232738119924e-05,7.117015553535182e-07,1.580926644347262e-08,0.013154227232853937,0.008524377534910052,0.010330596793222053,0.01294493571187999,5.8142321682696894e-08,1.6524660545192498e-10,0.0215170896951775,0.0036478568660854396,1.63452017293487e-05,1.7894931848718297e-06,6.015609841530277e-06,0.02537918813427263,1.4341464197361804e-05,3.43642452760417e-11,2.512202460225428e-09,0.00592506812679025
2.8724870075202236e-05,0.5172631087610126,3.76,0.0,4.929704498133266e-05,0.6058588754973002,0.3237119864852716,0.048334861946713645,0.0006941099384925938,0.02055651011986699,0.25912186853485664,9.149335646631212e-11,0.2991985024447849,1.3140271945029241e-06,0.00013131008228826451,0.39693509214623796,0.0012610119775672377,6.145991333808934e-05,1.2666166837278398e-05,0.001715840039052631,0.11349764381356042,1.6253297754328407e-05,3.42213706691478e-05,0.007620427353027281,0.040894104862352613,0.00038384348363201267,0.00012137099456358386,0.0005800139539198434,3.101293570574307e-09,0.03487037153974671,1.3431245970479512e-09,0.00018131471039705105,9.74162583970045e-05,8.282190553920884e-05,7.064016448165646e-07,1.5677650262879955e-08,0.013131175529527785,0.008488690114422683,0.010345232723123335,0.01290358960051992,5.775589548369832e-08,1.6454810427278908e-10,0.021476383688303954,0.0036501958132959212,1.638604686975634e-05,1.7852191091916948e-06,6.0350591577513386e-06,0.025524833025858243,1.4459885481432298e-05,3.415759682437898e-11,2.493703180303695e-09,0.0059773570883216096
2.8956830909032837e-05,0.5173690443739224,3.76,0.0,4.799894583912024e-05,0.6044973231590883,0.32478955387682407,0.048537321223848635,0.0006957197775729083,0.020410714475607553,0.2598252162607774,9.095875977039787e-11,0.29903362674021816,1.310700307768317e-06,0.00013116708297533384,0.39877696997368683,0.0012563351404551663,6.106247233534619e-05,1.2607323372831562e-05,0.0017205075817148978,0.11268906390255386,1.6177996213867697e-05,3.4110146614169485e-05,0.007601304371352853,0.04096726047807542,0.00038383281184313793,0.00012103330232059485,0.0005768113373269921,3.07927977686456e-09,0.03463689643388634,1.3324336587660615e-09,0.00018032069496719624,9.709176471840093e-05,8.233553929680962e-05,7.011527271218284e-07,1.5547372889623884e-08,0.013108116335885985,0.00845331423866591,0.01035991071284089,0.012862339841772305,5.737030412986552e-08,1.6385465513505532e-10,0.021434835758342777,0.0036526112347154195,1.6426966058330078e-05,1.780993604708822e-06,6.054662148724966e-06,0.02566952804884086,1.4578618340873658e-05,3.395260986522076e-11,2.4753725156779507e-09,0.006029866665024448
2.918879174286344e-05,0.517474502742387,3.76,0.0,4.676649435142088e-05,0.6031390825602596,0.3258660619729602,0.04873763487759773,0.0006973459716387151,0.020265725702568575,0.26052571214583586,9.042779514242435e-11,0.2988682914550525,1.3073901506012676e-06,0.00013102800296109499,0.400611715861189,0.0012516998440258648,6.066989266277658e-05,1.254895451116881e-05,0.001725226284162152,0.11188530533713291,1.6103291034858703e-05,3.399988812113419e-05,0.0075823293893463595,0.041039723022646066,0.00038382981859270873,0.00012069781462762786,0.000573633225160888,3.057475614959394e-09,0.03440393682980204,1.3218453646953689e-09,0.00017933491606636766,9.676947170215552e-05,8.185314234514861e-05,6.959537991304148e-07,1.5418409140701342e-08,0.013085044550599905,0.008418241647388991,0.010374625649734492,0.012821189963691876,5.698556665690549e-08,1.631661100270167e-10,0.021392460002994614,0.003655101611328776,1.646795695344297e-05,1.7768148698149098e-06,6.074418056164359e-06,0.025813277641102996,1.4697664127846033e-05,3.37492582794854e-11,2.457207472834144e-09,0.006082597942289212
2.942075257669404e-05,0.517579487847139,3.76,0.0,4.559618647715513e-05,0.6017841188503071,0.3269415298340974,0.048935808982816346,0.0006989883305600323,0.020121538817610404,0.26122338401342604,8.990042648952555e-11,0.29870250600311427,1.3040965386580369e-06,0.00013089272957931568,0.40243938336731233,0.0012471053189012289,6.028206787604271e-05,1.249104766923761e-05,0.0017299956754353826,0.11108633124764263,1.6029166764489965e-05,3.3890573009021704e-05,0.007563496962369274,0.04111149650464972,0.00038383437019807825,0.0001203644558189962,0.0005704791563087446,3.035876615341429e-09,0.03417150412028037,1.311357974615951e-09,0.00017835716837115317,9.644931596142877e-05,8.137463169964936e-05,6.908038952269348e-07,1.5290734708833846e-08,0.013061955318689993,0.008383464248928918,0.010389372633503534,0.012780143335916013,5.6601701827725566e-08,1.624823267586113e-10,0.021349270248328476,0.0036576655033402007,1.650901738265696e-05,1.77268117001221e-06,6.094326208844941e-06,0.025956086166235917,1.481702427271799e-05,3.354751693970293e-11,2.439205163215716e-09,0.006135552003046245
2.9652713410524642e-05,0.517684003566274,3.76,0.0,4.4484703341001674e-05,0.6004323980411417,0.3280159759884957,0.049131849407997676,0.000700646676307776,0.01997814890705081,0.2619182589645619,8.937661885157278e-11,0.29853627953399686,1.300819297911312e-06,0.00013076115378750608,0.4042600246399458,0.0012425508114680232,5.989889436483955e-05,1.243359078108893e-05,0.0017348153168133943,0.11029210541886207,1.5955608576380908e-05,3.3782180048080235e-05,0.007544801777085839,0.0411825848317798,0.0003838463400441814,0.00012003315343736386,0.000567348685801457,3.0144784787503125e-09,0.03393960953154801,1.3009698028020562e-09,0.00017738725513630348,9.613123671613274e-05,8.089992754455464e-05,6.857020855309841e-07,1.5164326121869493e-08,0.013038844020591826,0.008348974120611304,0.010404146967546055,0.012739203175201635,5.621872813291493e-08,1.618031687151898e-10,0.021305280057350738,0.0036603015467503663,1.6550145336509e-05,1.7685908353428995e-06,6.114386019348264e-06,0.026097957918028204,1.4936700285041261e-05,3.334736166288258e-11,2.4213627983373828e-09,0.006188729928367456
2.9884674244355244e-05,0.5177880536788144,3.76,0.0,4.342890142288008e-05,0.5990838869699168,0.32908941845629225,0.04932576182646314,0.0007023208425145337,0.019835551124750037,0.2626103634014686,8.885633835433588e-11,0.2983696209395277,1.2975582642059936e-06,0.00013063317005013094,0.40607369046887926,0.001238035583703382,5.952027128153152e-05,1.2376572273180973e-05,0.0017396848005734424,0.1095025922674087,1.588260224091193e-05,3.367468891670379e-05,0.007526238650172157,0.04125299181489399,0.00038386560828667624,0.00011970383808810417,0.0005642413840930457,2.9932770680397207e-09,0.033708264123670714,1.2906792156389762e-09,0.00017642498778622595,9.581517567390692e-05,8.042895308542147e-05,6.806474741970628e-07,1.503916070428154e-08,0.013015706261686005,0.008314763508837995,0.010418944150664206,0.012698372550745112,5.583666379128538e-08,1.6112850462207493e-10,0.02126050273822825,0.003663008450073319,1.659133896251831e-05,1.7645422579222936e-06,6.1345969809330485e-06,0.026238897124717157,1.5056693754385522e-05,3.3148769165761124e-11,2.4036776851443315e-09,0.006242132798051695
3.0116635078185845e-05,0.5178916418681714,3.76,0.0,4.2425803277232275e-05,0.5977385532635241,0.33016187477250114,0.04951755172700434,0.0007040106740552314,0.01969374069026667,0.26329972305035343,8.83395521649535e-11,0.2982025388599797,1.2943132828393115e-06,0.00013050867622595478,0.40788043033635013,0.001233558912991637,5.914610047119131e-05,1.2319981040930125e-05,0.0017446037488093365,0.10871775682014607,1.581013409704032e-05,3.356808016042371e-05,0.007507802526945438,0.04132272117187631,0.00038389206156742996,0.00011937644330026743,0.0005611568363758578,2.9722684004412008e-09,0.03347747879098193,1.2804846293611178e-09,0.0001754701855273564,9.550107691646126e-05,7.996163440929948e-05,6.756391978023183e-07,1.49152165407284e-08,0.012992537862287767,0.008280824828886538,0.01043375986911405,0.012657654389285521,5.545552675046617e-08,1.604582083200141e-10,0.02121495135216769,0.0036657849911931515,1.6632596559366345e-05,1.7605338895756026e-06,6.154958664537287e-06,0.02637890795300741,1.5177006351068001e-05,3.295171702223e-11,2.3861472216007075e-09,0.006295761691193775
3.0348595912016447e-05,0.5179947717254939,3.76,0.0,4.1472588760114127e-05,0.5963963653047142,0.33123336200901293,0.04970722442399571,0.0007057160266459703,0.01955271288708256,0.26398636298337497,8.78262284495753e-11,0.2980350416900348,1.2910842081636039e-06,0.00013038757345951754,0.4096802924656171,0.0012291200919330152,5.877628640303449e-05,1.2263806426466028e-05,0.0017495718123050324,0.10793756469356126,1.573819102555133e-05,3.346233515288612e-05,0.007489488479918515,0.041391776531312596,0.0003839255927424437,0.0001190509053941629,0.0005580946419284918,2.9514486402398947e-09,0.033247264262543354,1.2703845079018933e-09,0.00017452267498055773,9.518888679138896e-05,7.94979003516517e-05,6.706764238183173e-07,1.4792472441446423e-08,0.012969334848081224,0.00824715066444018,0.010448589988988174,0.012617051479999215,5.5075334687556306e-08,1.5979215855092686e-10,0.021168638720964292,0.003668630014356179,1.667391657126303e-05,1.7565642395742085e-06,6.1754707159070225e-06,0.026517994511864602,1.5297639826768037e-05,3.2756183622812936e-11,2.368768892492574e-09,0.006349617686737459
3.0580556745847045e-05,0.5180974467528806,3.76,0.0,4.056658672951109e-05,0.59505729219973,0.33230389679565403,0.04989478506700994,0.0007074367664598911,0.019412463060892705,0.26467030763985944,8.731633633299663e-11,0.2978671375845199,1.2878709032059563e-06,0.00013026976607667575,0.4114733238676732,0.0012247184281446292,5.841073610315462e-05,1.2208038197502132e-05,0.0017545886694591186,0.1071619820740518,1.5666760423638827e-05,3.3357436058614306e-05,0.007471291707283935,0.04146016143599124,0.0003839661006227785,0.00011872716335517322,0.0005550544134935888,2.9308140918309725e-09,0.03301763110263941,1.260377360845684e-09,0.00017358228983210358,9.487855380920604e-05,7.903768236952339e-05,6.657583491604482e-07,1.467090790932278e-08,0.012946093440969529,0.008213733766869036,0.010463430548910267,0.012576566479199799,5.469610500983818e-08,1.5913023875310687e-10,0.021121577434243262,0.0036715424272905166,1.67152975825484e-05,1.7526318724642399e-06,6.196132852842037e-06,0.026656160856097767,1.5418596015027744e-05,3.25621481361857e-11,2.3515402654422957e-09,0.006403701864013301
3.0812517579677646e-05,0.518199670366451,3.76,0.0,3.97052671860698e-05,0.5937213037473719,0.33337349534035987,0.050080238649966566,0.0007091727697599155,0.019272986617956737,0.2653515808468024,8.680984586018391e-11,0.2976988344639318,1.284673239305027e-06,0.00013015516148386961,0.4132595703862041,0.0012203532440546604,5.80493590885277e-05,1.215266652724378e-05,0.0017596540252572065,0.1063909756990668,1.5595830180722478e-05,3.325336579747666e-05,0.007453207531333763,0.04152787934624028,0.0003840134897273128,0.00011840515871322216,0.0005520357766845358,2.910361193127289e-09,0.03278858971130612,1.2504617414776212e-09,0.00017264887050190406,9.457002854507998e-05,7.858091442095017e-05,6.60884198809667e-07,1.4550503108623513e-08,0.012922810050314223,0.00818056705428528,0.010478277753022826,0.012536201914855832,5.4317854855552335e-08,1.5847233686543692e-10,0.021073779856414485,0.0036745211984457187,1.6756738312497257e-05,1.7487354059822197e-06,6.216944862554429e-06,0.02679341098974285,1.5539876831656478e-05,3.236959047264558e-11,2.3344589871265293e-09,0.006458015303262156
3.104447841350825e-05,0.518301445899301,3.76,0.0,3.8886233830368954e-05,0.5923883704094245,0.33444217344849975,0.05026359001983552,0.0007109239225474641,0.01913427902351,0.2660302058386776,8.630672795962282e-11,0.29753014001976,1.281491095766735e-06,0.00013004367007085746,0.41503907674084956,0.0012160238766907368,5.7692067302323236e-05,1.2097681975288893e-05,0.0017647676102908448,0.10562451283906579,1.552538865544979e-05,3.31501080108306e-05,0.007435231396822055,0.041594933643108664,0.0003840676700458071,0.00011808483542765883,0.000549038369420437,2.89008650930262e-09,0.032560150324893865,1.2406362449286915e-09,0.00017172226382807472,9.426326354498448e-05,7.812753285039726e-05,6.560532245033146e-07,1.4431238835329776e-08,0.012899481264545947,0.008147643610393508,0.01049312796425556,0.01249596019093385,5.394060109473225e-08,1.5781834514035314e-10,0.021025258133353503,0.003677565354347797,1.6798237610267637e-05,1.7448735090542674e-06,6.2379065991377715e-06,0.026929748869257232,1.5661484275051563e-05,3.21784912493414e-11,2.3175227796785266e-09,0.0065125590861449196
3.127643924733885e-05,0.5184027766043516,3.76,0.0,3.810721701731837e-05,0.5910584632823985,0.33550994654138283,0.05044484388491361,0.0007126901202258103,0.018996335800232588,0.26670620527656846,8.580695440839299e-11,0.2973610617196133,1.278324359536413e-06,0.00012993520511684188,0.4168118865688203,0.0012117296774632514,5.733877505055122e-05,1.2043075469481582e-05,0.0017699291798208647,0.10486256128026507,1.5455424653836696e-05,3.3047647029254736e-05,0.007417358869275864,0.041661327631397564,0.0003841285568122738,0.00011776613977749455,0.000546061841387824,2.86998672685666e-09,0.032332323016662425,1.2308995064112486e-09,0.00017080232276715316,9.395821323626716e-05,7.767747627974139e-05,6.512647034920391e-07,1.4313096488961179e-08,0.01287610384313319,0.008114956683154411,0.010507977697864674,0.012455843591573063,5.3564360330096844e-08,1.5716815996506577e-10,0.020976024198819294,0.003680673977065857,1.6839794450018428e-05,1.7410448998754971e-06,6.25901798114155e-06,0.027065178406532872,1.5783420426433723e-05,3.1988831757159e-11,2.300729437262369e-09,0.00656733429623888
3.150840008116945e-05,0.5185036656570925,3.76,0.0,3.736606708712021e-05,0.5897315540705282,0.3365768296739781,0.0506240048226931,0.0007144712672777062,0.01885915252677432,0.2673796012666463,8.531049779886494e-11,0.29719160681216256,1.2751729248852612e-06,0.00012982968269989128,0.41857804246492913,0.0012074700119441425,5.698939894003245e-05,1.1988838288663723e-05,0.0017751385128825664,0.10410508930813764,1.538592740848097e-05,3.2945967841759126e-05,0.007399585633259615,0.04172706454254917,0.00038419607028897744,0.00011744902025668085,0.0005431058535273928,2.850058647983253e-09,0.03210511769740858,1.2212501995389222e-09,0.0001698889061091693,9.365483384243436e-05,7.7230685504436e-05,6.465179373592705e-07,1.4196058045778055e-08,0.012852674708893628,0.008082499683277945,0.010522823615231616,0.012415854285099066,5.318914889800058e-08,1.5652168169051776e-10,0.020926089780621344,0.003683846201785824,1.688140792623114e-05,1.7372483440658573e-06,6.280278989246115e-06,0.02719970347173668,1.5905687450000297e-05,3.180059392925917e-11,2.284076822818286e-09,0.006622342019521175
3.174036091500005e-05,0.5186041161582208,3.76,0.0,3.6660748050900125e-05,0.5884076150599648,0.3376428375518864,0.05080107728734351,0.0007162672769572245,0.018722724836333256,0.2680504153780188,8.481733150694388e-11,0.29702178233190696,1.2720366931117311e-06,0.00012972702160947745,0.420337586020108,0.0012032442596417226,5.6643857817664395e-05,1.1934962046271133e-05,0.0017803954114310257,0.10335206569162961,1.5316886558784837e-05,3.284505606640896e-05,0.007381907490597424,0.04179214753740003,0.00038427013556019174,0.00011713342747405521,0.0005401700775446098,2.830299185223212e-09,0.03187854411612547,1.2116870347265206e-09,0.00016898187820669268,9.335308330180477e-05,7.678710339470356e-05,6.418122508996815e-07,1.4080106033310484e-08,0.012829190940630942,0.008050266182561737,0.010537662517908572,0.01237599432788482,5.281498286943997e-08,1.5587881446781787e-10,0.020875466406549012,0.0036870812144862274,1.692307724919679e-05,1.7334826528985022e-06,6.301689664036353e-06,0.02733332789598689,1.6028287593012118e-05,3.1613760311204275e-11,2.267562864973465e-09,0.006677583344839855
3.1972321748830654e-05,0.5187041311361763,3.76,0.0,3.5989331610494974e-05,0.5870866190941056,0.3387079845475979,0.05097606561682579,0.0007180780709948465,0.018587048415285665,0.26871866865997573,8.432742966179783e-11,0.2968515951037751,1.2689155722576284e-06,0.0001296271432619564,0.4220905578584705,0.0011990518137721727,5.6302072710969065e-05,1.1881438674734659e-05,0.0017856996995250839,0.10260345966805695,1.5248292132140461e-05,3.274489792231984e-05,0.007364320358558139,0.041856579708806144,0.0003843506823346518,0.00011681931405781336,0.0005372541954432456,2.810705356386765e-09,0.03165261186069405,1.2022087576666837e-09,0.00016808110871706356,9.305292118985406e-05,7.634667480155066e-05,6.371469910535177e-07,1.3965223506165126e-08,0.012805649766081164,0.00801824991209018,0.0105524913418992,0.012336265668066181,5.244187805111632e-08,1.5523946609187706e-10,0.02082416541007578,0.0036903782497114176,1.6964801740634296e-05,1.7297466815972156e-06,6.323250103870771e-06,0.02746605547387423,1.6151223185823316e-05,3.1428314032524765e-11,2.251185555102985e-09,0.006733059364373124
3.2204282582661256e-05,0.5188037135495818,3.76,0.0,3.5349991494394795e-05,0.5857685395500084,0.3397722847160688,0.051148974039656674,0.0007199035793147082,0.018452119001865382,0.2693843816586491,8.384076711698832e-11,0.29668105174756604,1.2658094768372098e-06,0.00012952997161886712,0.423836997672979,0.0011948920810282793,5.596396676992024e-05,1.1828260410648783e-05,0.001791051222547915,0.10185924092865263,1.5180134526034438e-05,3.264548020295209e-05,0.007346820268007603,0.04192036408414592,0.0003844376447567003,0.00011650663456438171,0.0005343578990807417,2.7912742797331016e-09,0.031427330358604864,1.19281414787961e-09,0.00016718647235714534,9.275430864518475e-05,7.590934646730567e-05,6.325215258939326e-07,1.3851394023031889e-08,0.012782048555154964,0.007986444760308442,0.01056730715216464,0.012296670149118363,5.206984998655238e-08,1.5460354785177347e-10,0.020772197935848464,0.0036937365884382326,1.700658082946853e-05,1.7260393276998425e-06,6.344960462840364e-06,0.02759788996583535,1.6274496641850956e-05,3.12442387796354e-11,2.2349429445303375e-09,0.006788771174077233
3.243624341649186e-05,0.5189028662895929,3.76,0.0,3.474099809336538e-05,0.5844533503158433,0.3408357518096413,0.051319806681338925,0.0007217437397638528,0.018317932384890958,0.2700475744331088,8.335731942291873e-11,0.29651015868223957,1.262718327578444e-06,0.0001294354331079506,0.4255769442597635,0.0011907644813459065,5.562946521004454e-05,1.17754197806638e-05,0.0017964498464621717,0.1011193796047355,1.5112404491018683e-05,3.2546790250618615e-05,0.007329403361532391,0.04198350362770656,0.00038453096122621853,0.00011619534539137931,0.0005314808897442817,2.772003169392614e-09,0.031202708877709585,1.1835020173318102e-09,0.00016629784866997613,9.245720829891829e-05,7.547506694042787e-05,6.279352436645818e-07,1.3738601624815362e-08,0.012758384813463756,0.007954844770984421,0.010582107137345599,0.012257209513299071,5.169891395726109e-08,1.53970974387455e-10,0.020719574944971106,0.0036971555560323588,1.7048414047780667e-05,1.7223595294848847e-06,6.366820948813716e-06,0.027728835100385645,1.639811045748798e-05,3.106151877009533e-11,2.2188331418667074e-09,0.006844719874123383
3.266820425032246e-05,0.5190015921821592,3.76,0.0,3.416071337974146e-05,0.5831410257693379,0.34189839929233673,0.05148856757047345,0.0007235984978533963,0.018184484402538843,0.2707082665709105,8.287706280054653e-11,0.2963389221300612,1.2596420511765544e-06,0.00012934345654678673,0.4273104355511446,0.0011866684476686486,5.5298495256781296e-05,1.1722909588062595e-05,0.0018018954570985656,0.10038384625447341,1.5045093114501096e-05,3.244881593215652e-05,0.0073120658915389325,0.04204600124295944,0.00038463057422657185,0.00011588540469442538,0.0005286228777465586,2.7528893310180775e-09,0.03097875652700119,1.1742712091203132e-09,0.00016541512180269825,9.216158420726044e-05,7.504378649440418e-05,6.233875518649521e-07,1.362683081383868e-08,0.012734656176117217,0.007923444141070646,0.010596888604691228,0.012217885404964293,5.132908498396515e-08,1.5334166355262507e-10,0.02066630722009293,0.0037006345202906256,1.709030102689448e-05,1.7187062644583846e-06,6.388831821567416e-06,0.02785889457621854,1.6522067211973246e-05,3.0880138728159794e-11,2.2028543104845815e-09,0.006900906569324114
3.290016508415306e-05,0.5190998939902024,3.76,0.0,3.3607586094834366e-05,0.5818315407571659,0.34296024035355,0.05165526064456856,0.0007254678065107143,0.01805177094116061,0.27136647720311724,8.239997411631358e-11,0.2961673481206087,1.2565805800592818e-06,0.00012925397306891921,0.4290375086474134,0.001182603425711115,5.4970986091083324e-05,1.1670722899992175e-05,0.001807387959476718,0.09965261185021211,1.4978191805321205e-05,3.235154561573041e-05,0.0072948042183317175,0.042107859774730125,0.0003847364301598555,0.00011557677230773326,0.0005257835820403143,2.7339301576532673e-09,0.030755482257422216,1.1651205962191981e-09,0.00016453818029517735,9.186740178714074e-05,7.461545705053933e-05,6.188778763810213e-07,1.3516066534071467e-08,0.012710860401780245,0.007892237218477536,0.010611648975185798,0.012178699373762251,5.0960377827865616e-08,1.5271553628358334e-10,0.02061240537030962,0.003704172889565541,1.713224149358328e-05,1.715078547898361e-06,6.410993390998598e-06,0.027988072064177905,1.664636956722458e-05,3.070008386150497e-11,2.1870046661132366e-09,0.006957332369549587
3.313212591798366e-05,0.5191977744157099,3.76,0.0,3.308014718982729e-05,0.580524870575241,0.3440212879211694,0.05181988975556097,0.000727351625841871,0.017919787934142742,0.2720222250188108,8.192603085822597e-11,0.29599544249464704,1.253533852162889e-06,0.0001291669160523491,0.4307581998474128,0.0011785688737212736,5.464686879624312e-05,1.1618853035318705e-05,0.0018129272771564699,0.09892564776634345,1.4911692279073915e-05,3.225496814870711e-05,0.007277614808174077,0.04216908201126782,0.0003848484791895327,0.0001152694096683416,0.0005229627298507843,2.715123125808804e-09,0.030532894862699916,1.156049080285449e-09,0.00016366691687876454,9.157462775485267e-05,7.419003210443492e-05,6.144056606588347e-07,1.340629415232641e-08,0.012686995366978013,0.007861218499768716,0.010626385778864806,0.012139652877710959,5.05928069919579e-08,1.5209251647360254e-10,0.020557879835886438,0.0037077701109686054,1.7174235266423898e-05,1.7114754314542703e-06,6.433306015414566e-06,0.02811637120911015,1.6771020267631478e-05,3.052133983905848e-11,2.1712824745480003e-09,0.007013998390134207
3.336408675181426e-05,0.5192952361017531,3.76,0.0,3.257700550660451e-05,0.5792209909498713,0.34508155467414936,0.05198245867506235,0.0007292499229042752,0.01778853136080715,0.272675528279113,8.145521111301182e-11,0.29582321090787633,1.2505018107183919e-06,0.00012908222105032129,0.4324725446779695,0.001174564262242213,5.4326076305931295e-05,1.156729355306935e-05,0.0018185133516180803,0.09820292576768938,1.4845586544137232e-05,3.215907283652946e-05,0.007260494231334896,0.04222967068621927,0.00038496667509041455,0.0001149632797436875,0.000520160056325225,2.6964657917333933e-09,0.03031100298020706,1.1470555905211777e-09,0.00016280122828468715,9.128323006749145e-05,7.376746665598172e-05,6.099703649187276e-07,1.3297499440371715e-08,0.012663059060638651,0.00783038262778839,0.010641096650312579,0.012100747286164242,5.022638672239308e-08,1.5147253085253617e-10,0.020502740892811303,0.0037114256686491087,1.721628225229804e-05,1.7078960017990773e-06,6.455770099896976e-06,0.028243795631602186,1.6896022139812247e-05,3.0343892769932166e-11,2.1556860494730636e-09,0.0070709057522739035
3.3596047585644865e-05,0.5193922816344274,3.76,0.0,3.209684368579576e-05,0.5779198780197363,0.3461410530545554,0.052142971099344126,0.0007311626714893742,0.01765799724535115,0.273326404830729,8.098749354431817e-11,0.2956506588345584,1.247484404047774e-06,0.00012899982572432873,0.4341805779222172,0.0011705890738736952,5.400854335343169e-05,1.1516038241430331e-05,0.0018241461416704811,0.0974844179983774,1.4779866888367343e-05,3.206384942255115e-05,0.007243439160124494,0.04228962848051172,0.0003850909751052378,0.00011465834696236631,0.0005173753041986852,2.6779557878694592e-09,0.030089815091847442,1.1381390825893706e-09,0.0001619410150615781,9.09931778670013e-05,7.334771714269504e-05,6.055714654082275e-07,1.3189668557914496e-08,0.012639049578863732,0.007799724389229901,0.010655779324333899,0.012061983882670931,4.9861131009882444e-08,1.5085550887156687e-10,0.020446998657185123,0.003715139082145283,1.725838244300737e-05,1.7043393793317188e-06,6.478386094739818e-06,0.0283703489296108,1.702137809234754e-05,3.016772918340762e-11,2.140213750393615e-09,0.007128055583414528
3.3828008419475466e-05,0.5194889135447242,3.76,0.0,3.163841428992785e-05,0.5766215083186522,0.34719979527910655,0.0523014306540732,0.0007330898519145568,0.0175281816558251,0.27397487211903326,8.052285737191362e-11,0.2954777915710285,1.2444815853697927e-06,0.00012891966977922478,0.43588233364685314,0.001166642803033837,5.369420642205654e-05,1.1465081107278908e-05,0.0018298256228865665,0.09677009697118578,1.4714525866435166e-05,3.1969288068809595e-05,0.007226446366922597,0.042348958024148946,0.00038522133980737277,0.00011435457714806501,0.0005146082234752107,2.659590819484539e-09,0.029869339524965066,1.1292985375804462e-09,0.00016108618140169402,9.070444142678634e-05,7.293074137621322e-05,6.012084536917556e-07,1.3082788036410306e-08,0.012614965119917042,0.007769238712154119,0.010670431631792394,0.01202336386773171,4.949705359114366e-08,1.5024138259289194e-10,0.020390663089456678,0.003718909904804835,1.730053591199778e-05,1.7008047169277904e-06,6.5011544939580465e-06,0.0284960346799892,1.7147091115492623e-05,2.999283600987366e-11,2.124863980666499e-09,0.007185449017631672
3.405996925330607e-05,0.5195851343103295,3.76,0.0,3.1200536130167116e-05,0.575325858759088,0.3482577933502367,0.05245784089881025,0.000735031450823741,0.017399080703146486,0.2746209472007095,8.006128235183584e-11,0.2953046142390936,1.2414933126148269e-06,0.00012884169490034404,0.43757784522837057,0.0011627249557212204,5.3383003696724005e-05,1.1414416366223505e-05,0.0018355517870639717,0.09605993555733643,1.4649556287773758e-05,3.1875379337684056e-05,0.007209512722201173,0.04240766189792478,0.00038535773296984613,0.0001140519374565032,0.0005118585711237801,2.6413686614702256e-09,0.029649584453275847,1.1205329610271445e-09,0.00016023663497539555,9.04169921008112e-05,7.251649848180982e-05,5.968808359751725e-07,1.2976844763655674e-08,0.012590803979422532,0.00773892066346565,0.010685051495608971,0.011984888361457804,4.913416795038663e-08,1.4963008658397642e-10,0.020333743998508822,0.0037227377222719686,1.7342742811218626e-05,1.6972911987363917e-06,6.524075833862476e-06,0.028620856439916017,1.7273164280864898e-05,2.9819200562669963e-11,2.109635185623604e-09,0.0072430871960023095
3.429193008713667e-05,0.5196809463573582,3.76,0.0,3.078209078578865e-05,0.5740329066163977,0.34931505906669397,0.052612205331282184,0.0007369874609967658,0.017270690540148896,0.2752646467559633,7.960274875742501e-11,0.29513113178932526,1.2385195482481758e-06,0.0001287658446925842,0.43926714537830247,0.0011588350492777234,5.307487501668041e-05,1.1364038433121553e-05,0.0018413246417101872,0.09535390697671484,1.4584951205099793e-05,3.1782114174377386e-05,0.007192635192544786,0.04246574263505814,0.0003855001214405335,0.0001137503963151115,0.0005091261107883311,2.6232871552991145e-09,0.029430557897820505,1.1118413819654549e-09,0.0001593922867734672,9.01308022749925e-05,7.210494884079455e-05,5.925881324633387e-07,1.2871825969126304e-08,0.012566564545762746,0.007708765446354316,0.01069963692691365,0.011946558406135696,4.877248732083672e-08,1.4902155781615195e-10,0.020276251045602434,0.0037266221510381097,1.7385003368109174e-05,1.6937980390212277e-06,6.547150691699392e-06,0.02874481774823174,1.739960074111297e-05,2.964681052084127e-11,2.0945258507888657e-09,0.007300971266968558
3.452389092096727e-05,0.5197763520620236,3.76,0.0,3.038201930614997e-05,0.5727426295137387,0.35037160403369777,0.05276452739143916,0.0007389578811672967,0.017143007360664594,0.27590598710031894,7.914723736121982e-11,0.2949573490042495,1.2355602591015332e-06,0.00012869206462138547,0.4409502661675172,0.0011549726121523323,5.276976182935002e-05,1.1313941913051079e-05,0.0018471442095514099,0.09465198478849877,1.452070390348049e-05,3.1689483890196326e-05,0.007175810838671015,0.042523202722752895,0.0003856484750227868,0.00011344992336537201,0.0005064106125111873,2.6053442061306815e-09,0.02921226772793767,1.1032228520393424e-09,0.00015855305095688603,8.984584532074578e-05,7.169605403565453e-05,5.88329876749122e-07,1.2767719210024372e-08,0.012542245295669668,0.007678768397708789,0.010714186021344527,0.011908374968701582,4.841202468629349e-08,1.4841573556752173e-10,0.02021819374818428,0.003730562837053706,1.742731788267904e-05,1.6903244810440782e-06,6.5703796843543675e-06,0.028867922126687512,1.7526403729577698e-05,2.9475653912752036e-11,2.079534500184568e-09,0.007359102386693953
3.475585175479787e-05,0.519871353752244,3.76,0.0,2.999931908551965e-05,0.5714550054076445,0.35142743967267454,0.0529148104653067,0.0007409427158484524,0.017016027398639378,0.27654498419601486,7.86947294176883e-11,0.29478327050143677,1.2326154162125664e-06,0.0001286203019555069,0.44262723904959944,0.001151137183666196,5.2467607145294704e-05,1.1264121592719228e-05,0.0018530105280641764,0.09395414288217524,1.445680788992653e-05,3.159748014661297e-05,0.007159036813453269,0.042580044603686654,0.00038580276636123015,0.00011315048940783281,0.0005037118524691943,2.587537780059682e-09,0.028994721662256206,1.0946764446469802e-09,0.00015771884471368333,8.956209555068228e-05,7.128977679777735e-05,5.841056152323451e-07,1.266451235799518e-08,0.012517844790000097,0.007648924985508855,0.010728696955488039,0.011870338943129322,4.8052792782723294e-08,1.4781256132997545e-10,0.020159581483564417,0.003734559454398617,1.7469686724688018e-05,1.6868697959889456e-06,6.593763467116885e-06,0.0289901730811108,1.7653576559944643e-05,2.930571910047033e-11,2.0646596947168587e-09,0.007417481719412525
3.4987812588628474e-05,0.5199659537091926,3.76,0.0,2.9633040901619337e-05,0.5701700125742227,0.3524825772305875,0.053063057888642455,0.0007429419751658694,0.016889746927278525,0.27718165366301334,7.824520664673654e-11,0.29460890073649737,1.2296849946720786e-06,0.00012855050571152402,0.4442980948833507,0.0011473283137791543,5.2168355494265595e-05,1.1214572432286047e-05,0.0018589236490284297,0.09326035546892919,1.4393256883484996e-05,3.1506094940057416e-05,0.00714231035994811,0.04263627067743136,0.0003859629708329979,0.000112852066349603,0.0005010296127220125,2.569865901500398e-09,0.028777927269705378,1.0862012541264494e-09,0.00015688958812255931,8.927952817637274e-05,7.088608095764457e-05,5.799149065670608e-07,1.2562193586478557e-08,0.0124933616696881,0.007619230806202198,0.010743167983454862,0.011832451152735228,4.769480409988338e-08,1.4721197871997316e-10,0.0201004234924687,0.003738611704008685,1.7512110330951506e-05,1.6834332819251918e-06,6.617302732501901e-06,0.029111574102492432,1.7781122625883644e-05,2.913699476489502e-11,2.0499000306368745e-09,0.007476110437770998
3.5219773422459076e-05,0.5200601541687869,3.76,0.0,2.9282286109222626e-05,0.5688876295959507,0.3535370277888789,0.053209272950407026,0.0007449556746984105,0.016764162258222467,0.27781601078963375,7.779865121794875e-11,0.29443424400598595,1.2267689734780525e-06,0.00012848262660002018,0.4459628639544435,0.0011435455628579364,5.187195288232798e-05,1.1165289557577555e-05,0.0018648836381012304,0.09257059707338697,1.4330044805800924e-05,3.1415320587389965e-05,0.007125628809429254,0.042691883301809286,0.00038612906644415874,0.00011255462715408861,0.0004983636809720467,2.55232665069883e-09,0.028561891970541743,1.077796394979131e-09,0.00015606520402290886,8.899811926798215e-05,7.048493139740248e-05,5.757573211356978e-07,1.2460751358667962e-08,0.012468794651867439,0.007589681582071248,0.010757597433586024,0.011794712352403106,4.7338070882975724e-08,1.4661393339296049e-10,0.020040728882471628,0.003742719312456142,1.755458920275437e-05,1.6800142628081254e-06,6.640998209128011e-06,0.02923212866799901,1.79090454006844e-05,2.8969469891641387e-11,2.0352541380797207e-09,0.007534989723164421
3.545173425628968e-05,0.5201539573231266,3.76,0.0,2.8946203980625085e-05,0.5676078353490387,0.35459080227204043,0.053353458896057616,0.0007469838353261307,0.016639269740751233,0.2784480705428248,7.735504573554934e-11,0.2942593044502159,1.2238673353965667e-06,0.00012841661697341782,0.44762157599626057,0.0011397885014462275,5.1578346750041366e-05,1.1116268252670333e-05,0.0018708905744107146,0.09188484252569779,1.4267165772126146e-05,3.1325149712040375e-05,0.007108989579430198,0.04274688479418734,0.0003863010337305982,0.00011225814579297286,0.0004957138503354181,2.5349181613655634e-09,0.02834662303739173,1.0694610011289173e-09,0.0001552456178909431,8.87178457156941e-05,7.008629400567937e-05,5.716324405488518e-07,1.2360174416047366e-08,0.012444142526157151,0.007560273158595136,0.010771983705283917,0.011757123230732715,4.6982605134328554e-08,1.460183729614213e-10,0.01998050663131436,0.003746882030781676,1.7597123903340595e-05,1.6766120875154762e-06,6.664850660651688e-06,0.029351840241914895,1.8037348436896855e-05,2.8803133757629253e-11,2.020720679676427e-09,0.007594120766065549
3.568369509012028e-05,0.5202473653218762,3.76,0.0,2.8623989185251424e-05,0.5663306089913429,0.3556439114558294,0.053495618930673075,0.0007490264830847262,0.01651506576101637,0.27907784757808657,7.691437322406223e-11,0.29408408605599,1.2209800668296929e-06,0.00012835243077535192,0.44927426020994826,0.0011360567100368042,5.128748593167632e-05,1.1067503952835287e-05,0.0018769445501693508,0.09120306695393791,1.4204614082761415e-05,3.123557523080114e-05,0.007092390171797206,0.042801277432712566,0.0003864788556632916,0.00011196259720046373,0.0004930799191234211,2.5176386184244737e-09,0.02813212759630899,1.0611942252153824e-09,0.00015443075772162774,8.843868519295234e-05,6.969013563451532e-05,5.67539857169486e-07,1.2260451767471854e-08,0.01241940415110378,0.007531001501811523,0.01078632526596352,0.011719684412114538,4.66284186151039e-08,1.454252469163603e-10,0.019919765590112718,0.0037510996333760434,1.7639715055495343e-05,1.6732261289183974e-06,6.688860884753784e-06,0.029470712276517406,1.816603536597197e-05,2.8637975918288374e-11,2.0062983492290274e-09,0.007653504766348237
3.591565592395088e-05,0.5203403802735971,3.76,0.0,2.831487940108595e-05,0.565055929950795,0.3566963659751437,0.053635756221918233,0.0007510836490264251,0.016391546741299275,0.27970535624905396,7.647661711460958e-11,0.2939085926592473,1.2181071576896604e-06,0.00012829002349153205,0.4509209452837154,0.0011323497788458938,5.099932061545005e-05,1.1018992237821214e-05,0.001883045670305296,0.0905252457768227,1.4142384214908334e-05,3.114659034122349e-05,0.00707582817075439,0.04285506345749168,0.00038666251755832765,0.00011166795722957592,0.0004904616906340333,2.5004862558720166e-09,0.027918412627845127,1.0529952379192529e-09,0.00015362055391615885,8.81606161214156e-05,6.929642405832514e-05,5.634791736601862e-07,1.216157267876421e-08,0.01239457845077407,0.007501862695682619,0.010800620648118953,0.011682396458733802,4.627552284702919e-08,1.4483450655189098e-10,0.01985851448645952,0.003755371916909218,1.768236333924622e-05,1.6698557829856266e-06,6.713029712175103e-06,0.02958874821288891,1.829510989789942e-05,2.8473986195376364e-11,1.9919858704474504e-09,0.007713142933605161
3.614761675778148e-05,0.5204330042470321,3.76,0.0,2.801815305100244e-05,0.56378377791433,0.35774817633157024,0.05377387390285539,0.000753155369087603,0.016268709139295047,0.28033061061675346,7.604176123181749e-11,0.29373282794763167,1.2152486012786055e-06,0.00012822935210208498,0.4525616594114041,0.001128667307589898,5.071380230476219e-05,1.0970728825455686e-05,0.0018891940521114175,0.08985135469671297,1.4080470814903707e-05,3.105818850957354e-05,0.007059301240982482,0.04290824507171732,0.00038685200699127494,0.00011137420261024005,0.00048785897295304927,2.483459354740085e-09,0.027705484968132705,1.044863227318784e-09,0.0001528149391746965,8.788361763743112e-05,6.89051279348221e-05,5.59450002552316e-07,1.2063526662807846e-08,0.012369664411492075,0.0074728529394693845,0.010814868446500868,0.01164525987250649,4.592392911415088e-08,1.4424610489287762e-10,0.01979676192742558,0.0037596986993051096,1.772506948965379e-05,1.6665004679194985e-06,6.737358005801869e-06,0.02970595148166932,1.8424575820853566e-05,2.8311154665434586e-11,1.977781995751994e-09,0.007773036487460102
3.637957759161208e-05,0.5205252392723418,3.76,0.0,2.7733127157436246e-05,0.5625141328172893,0.3587993529006226,0.05390997507460999,0.0007552416839625757,0.016146549447420642,0.2809536244585429,7.560978978133232e-11,0.29355679546298274,1.212404394174274e-06,0.00012817037503532415,0.4541964303103604,0.0011250089052646226,5.0430883780411894e-05,1.0922709565551052e-05,0.0018953898249117267,0.08918136969290175,1.401886869082195e-05,3.0970363459350294e-05,0.00704280712571282,0.04296082444274347,0.00038704731371515895,0.00011108131090932803,0.0004852715787643083,2.4665562411568125e-09,0.027493351309979874,1.0367973982754707e-09,0.00015201384839410532,8.760766956000426e-05,6.851621676778069e-05,5.554519658361413e-07,1.196630347011106e-08,0.01234466107871513,0.007443968545117555,0.010829067315400322,0.011608275096949922,4.5573648464608585e-08,1.4365999662568228e-10,0.019734516402463414,0.003764079818760008,1.7767834294660268e-05,1.6631596233225696e-06,6.761846659800423e-06,0.02982232550375209,1.8554437000854718e-05,2.8149471648815055e-11,1.963685505135229e-09,0.00783318665787512
3.6611538425442685e-05,0.5206170873422954,3.76,0.0,2.7459155309193446e-05,0.5612469748332775,0.35984990593867855,0.054044062808897717,0.0007573426389828284,0.01602506419214652,0.2815744112767474,7.518068733792102e-11,0.2933804986037519,1.209574536121814e-06,0.00012811305212285075,0.4558252852386307,0.0011213741899271648,5.015051906377855e-05,1.0874930434107244e-05,0.0019016331297442139,0.08851526701516822,1.395757280543615e-05,3.0883109160353285e-05,0.007026343644837821,0.04301280370311246,0.00038724842958222535,0.00011078926049261835,0.0004826993251685764,2.4497752845019225e-09,0.02728201820397539,1.0287969718475267e-09,0.00015121721857048003,8.73327523603208e-05,6.812966087152928e-05,5.514846945708828e-07,1.1869893079812755e-08,0.012319567554043105,0.007415205934658946,0.010843215966035099,0.011571442518990387,4.5224691712427885e-08,1.4307613803177086e-10,0.019671786286217383,0.003768515132803018,1.7810658593028495e-05,1.659832709393721e-06,6.786496598796619e-06,0.02993787369092709,1.8684697381436845e-05,2.798892769919533e-11,1.9496952050732605e-09,0.007893594685452828
3.6843499259273286e-05,0.5207085504134183,3.76,0.0,2.7195625734526466e-05,0.5599822843644515,0.36089984558963284,0.054176140150419626,0.0007594582840019201,0.01590424993335073,0.28219298430699746,7.475443883409595e-11,0.2932039406273468,1.2067590299306124e-06,0.00012805734455595394,0.4574482510115087,0.0011177627884805502,4.9872663380947904e-05,1.0827387527792567e-05,0.0019079241190590299,0.08785302317758711,1.3896578269514908e-05,3.0796419818244195e-05,0.00700990869303924,0.04306418495153577,0.00038745534846991995,0.00011049803048840364,0.0004801420335107629,2.433114895652265e-09,0.027071492059602898,1.0208611847298601e-09,0.0001504249887062268,8.705884713268092e-05,6.774543133712374e-05,5.475478285135334e-07,1.1774285691108753e-08,0.01229438299235576,0.007386561637631059,0.01085731316403445,0.011534762470710181,4.487706943933024e-08,1.4249448692386353e-10,0.01960857984124412,0.0037730045173967478,1.7853543272395596e-05,1.6565192061526154e-06,6.811308777097665e-06,0.03005259944647319,1.8815360983319864e-05,2.7829513593603386e-11,1.935809927487975e-09,0.007954261821734063
3.707546009310389e-05,0.5207996304070984,3.76,0.0,2.6941959474918456e-05,0.5587200420322237,0.361949181891275,0.05430621011913143,0.0007615886732863895,0.01578410326369464,0.2828093565262831,7.433102954924489e-11,0.29302712465240616,1.2039578813756759e-06,0.0001280032148433201,0.45906535401745735,0.0011141743364612186,4.959727312776511e-05,1.0780077058682647e-05,0.0019142629564319333,0.08719461495258252,1.3835880335430623e-05,3.0710289864569944e-05,0.0069935002379354645,0.04311497025383115,0.0003876680662104623,0.0001102076007525762,0.00047759952921510267,2.4165735253112027e-09,0.026861779146363503,1.012989288719448e-09,0.00014963709972146496,8.678593556665006e-05,6.736350000014219e-05,5.436410157655505e-07,1.1679471715085063e-08,0.012269106599073142,0.007358032288517825,0.010871357727018426,0.01149823523103641,4.453079199655786e-08,1.4191500258467983e-10,0.0195449052206466,0.0037775478660766145,1.7896489267394844e-05,1.6532186126914058e-06,6.8362841779584845e-06,0.03016650616570337,1.8946431904101457e-05,2.7671220322987585e-11,1.922028528765594e-09,0.008015189329491159
3.730742092693449e-05,0.52089032921065,3.76,0.0,2.669760865431009e-05,0.5574602286683611,0.36299792478140575,0.05443427571239317,0.0007637338654118767,0.015664620808019454,0.2834235406607312,7.391044509928584e-11,0.2928500536610057,1.2011710991043885e-06,0.00012795062676999308,0.4606766202334291,0.0011106084778294547,4.9324305835796417e-05,1.0732995349251168e-05,0.0019206498162928707,0.0865400193652132,1.377547439107189e-05,3.0624713947264145e-05,0.006977116318248936,0.043165161643817486,0.00038788658052326866,0.0001099179518353895,0.0004750716416278225,2.4001496624174336e-09,0.026652885594906,1.0051805502047417e-09,0.000148853494369552,8.651399992047665e-05,6.698383940998146e-05,5.397639124367393e-07,1.1585441766935663e-08,0.012243737627534279,0.007329614624214037,0.010885348522268141,0.011461861027373647,4.418586950671238e-08,1.4133764570837202e-10,0.01948077047062523,0.0037821450891272167,1.7939497557818696e-05,1.6499304464526953e-06,6.861423812891558e-06,0.030279597236465172,1.9077914317972862e-05,2.7514039083244852e-11,1.9083498888231363e-09,0.008076378483017144
3.753938176076509e-05,0.5209806486783405,3.76,0.0,2.6462054838782853e-05,0.5562028253064596,0.3640460841037016,0.054560339907004936,0.000765893923163773,0.015545799222762488,0.28403554919311647,7.349267142681171e-11,0.2926727305007994,1.1983986945485815e-06,0.00012789954535748555,0.462282075239606,0.0011070648647628746,4.905372013918197e-05,1.0686138827607385e-05,0.0019270848836684868,0.08588921368768018,1.3715355954054916e-05,3.05396869216125e-05,0.006960755041994562,0.04321476112417007,0.0003881108909507274,0.00010962906494989417,0.00047255820386694544,2.383841832631494e-09,0.026444817398163803,9.974342496777636e-10,0.00014807411715655932,8.624302299585802e-05,6.660642280056827e-05,5.359161823254198e-07,1.1492186658538021e-08,0.012218275376489516,0.007301305481515864,0.010899284464483582,0.011425640037182506,4.3842311865605924e-08,1.407623783443216e-10,0.019416183532949154,0.003786796112794317,1.798256916687567e-05,1.6466542425328024e-06,6.886728721014552e-06,0.030391876039598958,1.920981247544392e-05,2.735796126662303e-11,1.8947729102119696e-09,0.008137830568411008
3.777134259459569e-05,0.5210705906323797,3.76,0.0,2.6234807481979132e-05,0.5549478131737815,0.36509366961334055,0.05468440566113425,0.000768068913443004,0.01542763519539263,0.284645394370114,7.307769479165942e-11,0.2924951578870959,1.195640681840488e-06,0.00012784993682503302,0.4638817442335819,0.001103543157453016,4.878547574236218e-05,1.0639504022960283e-05,0.0019335683539376716,0.0852421754340457,1.3655520666208889e-05,3.0455203841617606e-05,0.00694441458469013,0.04326377066723777,0.00038834099879781365,0.00010934092194165153,0.00047005905267903674,2.3676485968959e-09,0.026237580412497193,9.897496812679993e-10,0.00014729891426450208,8.597298811385035e-05,6.623122406247009e-05,5.320974966138413e-07,1.139969739137242e-08,0.01219271918770198,0.0072731017946395205,0.010913164513625607,0.011389572389506173,4.350012874412261e-08,1.4018916384299281e-10,0.019351152247350806,0.003791500878530968,1.802570515956002e-05,1.6433895530093836e-06,6.912199968434743e-06,0.030503345949356536,1.9342130703078605e-05,2.720297845355765e-11,1.8812965172642696e-09,0.008199546883859352
3.8235264262256896e-05,0.5212493491336072,3.76,0.0,2.580340083218908e-05,0.552444888427742,0.3671871578044409,0.0549265535980369,0.0007724639792505152,0.01519326671613634,0.28585864250529763,7.22560792062409e-11,0.2921392745105798,1.1901679015333061e-06,0.00012775500904429636,0.4670638231423618,0.0010965641397489695,4.825585483165369e-05,1.0546886161547414e-05,0.0019466813350988183,0.08395931243426599,1.3536682695442613e-05,3.028785067972984e-05,0.006911789156002624,0.043360027683841465,0.00038881862044727757,0.00010876679793134842,0.0004651029743507319,2.3356003196546065e-09,0.025825622823865715,9.745629828822273e-10,0.00014576082412344043,8.543568022301095e-05,6.548737889014332e-05,5.245459783465129e-07,1.1216981294939308e-08,0.012141322565617053,0.0072169989977238945,0.010940752986655323,0.011317897404469356,4.281992363017595e-08,1.3904875302969333e-10,0.019219787494801615,0.0038010714738468234,1.8112174755433867e-05,1.6368930065389052e-06,6.9636458772573625e-06,0.030723872554965066,1.960804505432926e-05,2.6896265055451776e-11,1.854641289848202e-09,0.008323777459762207
3.865279376315198e-05,0.5214089583450018,3.76,0.0,2.5439142351069075e-05,0.55020024952809,0.3690694309750279,0.05513768143195922,0.0007764713600928498,0.014984551317902352,0.2869432854184515,7.152605939236065e-11,0.2918181509409482,1.1852918137090766e-06,0.00012767429562120288,0.46990815141849934,0.0010903546896170477,4.7786819833278325e-05,1.0464255460878712e-05,0.001958650720163315,0.08281739952194869,1.3430655533280445e-05,3.0139047295297155e-05,0.006882480487943186,0.043444660605805714,0.0003892683543076357,0.00010825246021026297,0.00046068979576682355,2.3071350203852326e-09,0.02545775973137835,9.610992607683533e-10,0.00014439031107132212,8.495516742325262e-05,6.482525395636709e-05,5.178457862855934e-07,1.1055069361926467e-08,0.012094738537025605,0.0071668382921453045,0.010965381879370127,0.01125391470371423,4.221253236408492e-08,1.3802906127188342e-10,0.019100116187148602,0.0038098685067217072,1.8190229068318184e-05,1.6310813256187572e-06,7.010527303906284e-06,0.03091961381296384,1.9848849564263906e-05,2.6623887032715832e-11,1.8309852153123146e-09,0.008436501925525076
3.907032326404706e-05,0.5215673713842875,3.76,0.0,2.5095294642583765e-05,0.5479630743165245,0.370949993207716,0.055342379655141584,0.0007805283419426723,0.014777916253152178,0.28802109944448007,7.080490188588407e-11,0.29149625552822445,1.1804626906875052e-06,0.00012759787985524787,0.47273410879003325,0.0010842112748942437,4.7324789654525656e-05,1.0382293330657684e-05,0.001970780419222386,0.0816873538993279,1.332548314336519e-05,2.9991937626197087e-05,0.0068532137999994846,0.043527411497816984,0.0003897369668583511,0.00010774027629695525,0.0004563205187943782,2.2790200998699576e-09,0.025092674720402285,9.478251512733024e-10,0.0001430325550541657,8.447746885782237e-05,6.416993620340351e-05,5.112348925839141e-07,1.0895506794145135e-08,0.012047841647233076,0.007116975781370261,0.01098981536105877,0.01119042877766856,4.160973486120614e-08,1.3701550502393084e-10,0.018979122690008884,0.003818839375481045,1.8268510295052967e-05,1.625300695148423e-06,7.057965426650608e-06,0.031112786468319553,2.0091085842495355e-05,2.6354933704941066e-11,1.807639223739048e-09,0.008550103267627607
3.948785276494214e-05,0.5217245978339279,3.76,0.0,2.47698280011427e-05,0.5457332593552598,0.37282889885688814,0.05554066506457677,0.0007846354530663414,0.01457334325718587,0.28909214833782426,7.009253693478152e-11,0.29117359957459943,1.1756807029627261e-06,0.00012752560333789125,0.4755418300579936,0.0010781321779623268,4.6869564042558816e-05,1.0300982661056532e-05,0.0019830719184535566,0.08056905254708917,1.3221143962936213e-05,2.984649901348263e-05,0.00682398066542516,0.04360829086133913,0.00039022452248087746,0.00010723015966377336,0.0004519943059105396,2.2512482749777653e-09,0.024730397158885715,9.347369765669722e-10,0.00014168729391185995,8.400250323102021e-05,6.352129388033675e-05,5.047116114490928e-07,1.0738247148082344e-08,0.012000629332935943,0.007067396793027069,0.011014048746425847,0.011127438811951143,4.1011579637087664e-08,1.3600791123212122e-10,0.018856849325154378,0.003827984200533826,1.8347025962594148e-05,1.619549036422391e-06,7.105967371308298e-06,0.03130341000400217,2.033478184596192e-05,2.6089361840001715e-11,1.7845977315282855e-09,0.008664589530145499
3.990538226583722e-05,0.5218806470135474,3.76,0.0,2.4460906682443978e-05,0.5435107026965089,0.37470620172395486,0.05573255438312718,0.0007887932589868528,0.01437081435184774,0.2901564938724728,6.938889750440527e-11,0.2908501931383224,1.1709460440712516e-06,0.00012745731751009575,0.47833144696628266,0.0010721157502410078,4.642095168973571e-05,1.0220307109601136e-05,0.001995526797470048,0.07946237462710475,1.3117617375421585e-05,2.9702710322506253e-05,0.006794773231788686,0.04368730893331053,0.0003907311001793323,0.00010672202843923464,0.0004477103483090169,2.223812539553354e-09,0.024370955073288843,9.218311712965104e-10,0.00014035427807523756,8.353019312110108e-05,6.287920031569131e-05,4.982743148909142e-07,1.0583245508724401e-08,0.011953099324531095,0.007018087491064116,0.011038077679026499,0.011064943589572832,4.0418112996717626e-08,1.3500611689185165e-10,0.01873333751057142,0.0038373032122269923,1.8425783926759343e-05,1.6138244029029622e-06,7.154540510337497e-06,0.031491503855808324,2.0579966317777183e-05,2.58271296579477e-11,1.7618553287147615e-09,0.008779968905495216
4.03229117667323e-05,0.5220355279817932,3.76,0.0,2.4166870706311337e-05,0.5412953037767597,0.37658195513092985,0.05591806428153837,0.0007930023614221729,0.014170311837494386,0.29121419594210224,6.869391916220401e-11,0.29052604506351204,1.1662589296412638e-06,0.00012739288309996099,0.48110308839123167,0.0010661604089085993,4.597876975668055e-05,1.0140251045382161e-05,0.0020081467266523925,0.07836720141111937,1.3014883642426918e-05,2.956055183684921e-05,0.00676558419144632,0.043764475696504296,0.00039125679287119327,0.00010621580503048837,0.00044346786410959493,2.1967061466074444e-09,0.0240143751704658,9.091042766374846e-10,0.00013903326961718296,8.3060464680595e-05,6.224353357354965e-05,4.919214290051417e-07,1.043045840094044e-08,0.011905249615993006,0.006969034834867265,0.011061898102247454,0.011002941512424652,3.9829379070360046e-08,1.340099683351507e-10,0.018608627794926925,0.0038467967413257057,1.8504792351368058e-05,1.6081249709291823e-06,7.203692456913499e-06,0.03167708741529813,2.0826668787059942e-05,2.5568196731894612e-11,1.7394067684603331e-09,0.008896249739325249
4.0740441267627384e-05,0.5221892495571835,3.76,0.0,2.3886219359966624e-05,0.539086963318695,0.37845621198880686,0.05609721139821333,0.000797263397341444,0.013971818285389483,0.29226531265397376,6.800753997302452e-11,0.2902011630082976,1.1616195965416496e-06,0.00012733216959112133,0.48385688051814485,0.0010602646337402725,4.554284341933017e-05,1.0060799498893555e-05,0.002020933464799295,0.07728341621392086,1.2912923842619827e-05,2.942000516215406e-05,0.00673640675296108,0.043839800889092624,0.00039180170675489793,0.00010571141577875048,0.0004392660967176264,2.1699225923595265e-09,0.02366068285947782,8.96552934861723e-10,0.00013772404138292707,8.259324736346793e-05,6.161417613991366e-05,4.856514305735461e-07,1.0279843708960834e-08,0.011857078437237448,0.006920226539761267,0.011085506232238146,0.010941430621529337,3.9245419849306665e-08,1.3301932057980247e-10,0.01848275989023024,0.0038564652102658858,1.8584059689201678e-05,1.602449031059131e-06,7.2534310599027355e-06,0.03186018003202548,2.1074919569087457e-05,2.531252389972624e-11,1.71724695762573e-09,0.009013440535357369
4.1157970768522465e-05,0.5223418203250029,3.76,0.0,2.3617596220272603e-05,0.5368855832399863,0.3803290248612247,0.05627001235699131,0.0008015770381377965,0.013775316530483417,0.2933099004170807,6.732970040325842e-11,0.28987555347139055,1.15702830213702e-06,0.00012727505471589278,0.48659294700594746,0.0010544269640634285,4.511300543901566e-05,9.981938115988002e-06,0.0020338888570832782,0.07621090433054188,1.281171981561602e-05,2.9281053137675134e-05,0.006707234613458754,0.0439132940134979,0.0003923659607436862,0.00010520879064235004,0.0004351043133168152,2.143455601450563e-09,0.02330990227331414,8.84173884320737e-10,0.0001364263761921582,8.212847367386985e-05,6.099101463526637e-05,4.794628439509145e-07,1.0131360602409902e-08,0.011808584228760471,0.006871651038877795,0.011108898532610616,0.010880408616155031,3.8666275221503624e-08,1.3203403672753726e-10,0.018355772702846218,0.0038663091251112257,1.866359466481269e-05,1.59679497993635e-06,7.303764399759247e-06,0.03204080101515704,2.132474976673331e-05,2.506007318355725e-11,1.6953709481180216e-09,0.009131549960189238
4.157550026941755e-05,0.5224932486505988,3.76,0.0,2.3359775609768503e-05,0.534691066568633,0.3822004460236434,0.056436483783027264,0.0008059439889175307,0.01358078966456393,0.29434801402471733,6.66603432335002e-11,0.28954922181710213,1.1524853236350223e-06,0.00012722142397509451,0.48931140914033955,0.0010486459958304023,4.468909575486187e-05,9.903653114929043e-06,0.002047014833312721,0.07514955297731613,1.2711254109541817e-05,2.9143679755219444e-05,0.006678061931947895,0.04398496434456358,0.0003929496859607113,0.0001047078629051348,0.00043098180348367265,2.117299113154991e-09,0.022962056290495622,8.719639547402613e-10,0.00013514006610901403,8.166607893501591e-05,6.0373939550788624e-05,4.733542382215819e-07,9.984969467141885e-09,0.011759765618468209,0.006823297446433451,0.011132071690847786,0.010819872871826909,3.809198300700862e-08,1.3105398739122022e-10,0.018227704362906924,0.0038763290681867305,1.8743406258932348e-05,1.5911613126145817e-06,7.354700785384578e-06,0.03221896963452693,2.1576191273716654e-05,2.481080771414655e-11,1.6737739287580903e-09,0.0092505868480677
4.199302977031263e-05,0.5226435426886774,3.76,0.0,2.3111650311242837e-05,0.5325033173641267,0.38407052751851434,0.05659664231698842,0.000810364987890693,0.013388221029741408,0.2953797067319355,6.599941348018754e-11,0.28922217229890623,1.1479909575127897e-06,0.000127171170185163,0.49201238597648395,0.0010429203788046336,4.427096109699435e-05,9.825931248106247e-06,0.002060313406469302,0.07409925123637105,1.2611509934322194e-05,2.900787008592655e-05,0.006648883303594776,0.044054820937118905,0.00039355302529370094,0.00010420856891033245,0.00042689787790813077,2.091447269112821e-09,0.02261716655653018,8.599200629049558e-10,0.00013386491177237123,8.120600107853096e-05,5.976284500550222e-05,4.673242245916636e-07,9.840631841986775e-09,0.011710621400486825,0.006775155522407677,0.01115502259626312,0.0107598204573289,3.752257899322548e-08,1.3007905017436488e-10,0.018098592252259887,0.003886525691323925,1.8823503694188598e-05,1.585546615409471e-06,7.406248751749443e-06,0.03239470512121682,2.1829276778371266e-05,2.456469166390282e-11,1.6524512179881372e-09,0.009370560205645985
4.241055927120771e-05,0.5227927103933108,3.76,0.0,2.2872220414133313e-05,0.5303222406439033,0.3859393212068038,0.056750504627725386,0.0008148408058590361,0.013197594212242052,0.2964050303282225,6.534685832475295e-11,0.28889440808160893,1.1435455190363468e-06,0.00012712419304789594,0.4946959944719827,0.0010372488138599523,4.385845461958398e-05,9.74875976715348e-06,0.002073786671503486,0.07305989000325785,1.2512471119147966e-05,2.887361021363423e-05,0.0066196937349522296,0.0441228726329928,0.0003941761330079562,0.00010371084781807079,0.00042285186721551334,2.065894401878706e-09,0.022275253505189132,8.480392086817557e-10,0.0001326007217810638,8.074818045237507e-05,5.915762852386991e-05,4.6137145399423593e-07,9.69831036094171e-09,0.011661150515796461,0.00672721563862121,0.011177748319400677,0.010700248150760303,3.6958096969867e-08,1.2910910919556256e-10,0.01796847303104852,0.0038968997096709692,1.890389642256178e-05,1.5799495592039876e-06,7.458417058291992e-06,0.032568026667726825,2.2084039768561556e-05,2.4321690186617742e-11,1.6313982572448283e-09,0.009491479216736194
4.282808877210279e-05,0.5229407595266868,3.76,0.0,2.26405831839256e-05,0.528147742314596,0.38780687881618703,0.05689808742355878,0.0008193722458032423,0.01300889303648403,0.297424035205714,6.470262704857175e-11,0.2885659312621854,1.1391493418564363e-06,0.00012708039874122852,0.49736234961082704,0.0010316300503921216,4.3451435552973355e-05,9.672126389679398e-06,0.0020874368043823158,0.07203136193745117,1.2414122071798765e-05,2.87408871733705e-05,0.006590488620135809,0.044189128067525354,0.0003948191744103964,0.00010321464138148908,0.00041884312088504347,2.0406350241781698e-09,0.021936336379585416,8.363184712413397e-10,0.00013134731212938324,8.02925596436171e-05,5.855819083255534e-05,4.554946148903746e-07,9.557968698526032e-09,0.011611352034551886,0.006679468746200042,0.011200246092767286,0.010641152454707014,3.639856876361123e-08,1.2814405462493134e-10,0.017837382663014618,0.003907451896025808,1.898459411439871e-05,1.5743688930922159e-06,7.511214688158371e-06,0.03273895342779389,2.2340514538680034e-05,2.4081769359585767e-11,1.6106106046073467e-09,0.009613353247067667
4.324561827299787e-05,0.5230876976676014,3.76,0.0,2.241592387303374e-05,0.5259797291077272,0.3896732519861666,0.05703940746228776,0.000823960142562271,0.01282210155941729,0.29843677042318206,6.406667097540547e-11,0.28823674288931866,1.1348027776615776e-06,0.00012703969953340217,0.5000115645188514,0.0010260628838395466,4.304976887417449e-05,9.596019269958351e-06,0.0021012660613773737,0.07101356141550504,1.2316447742828325e-05,2.8609688895793926e-05,0.006561263717940985,0.04425359567561323,0.0003954823255590974,0.00010271989374112217,0.00041487100625403324,2.015663819485125e-09,0.02160043325303863,8.247550056075791e-10,0.00013010450568943266,7.983908331578104e-05,5.796443567351133e-05,4.496924312522353e-07,9.419571519930116e-09,0.011561225139987558,0.006631906344411828,0.011222513292814637,0.010582529610572579,3.584402427242144e-08,1.2718378226604852e-10,0.017705356439589127,0.003918183075660742,1.9065606648239802e-05,1.568803438474582e-06,7.564650848104565e-06,0.032907504515902825,2.259873619731412e-05,2.3844896132963268e-11,1.5900839291345127e-09,0.009736191849061151
4.3663147773892954e-05,0.5232335322192716,3.76,0.0,2.2197507391890924e-05,0.5238181085194729,0.3915384923103714,0.05717448156002628,0.0008286053625955577,0.012637204065107857,0.299443283766044,6.343894342108104e-11,0.287906842981692,1.1305061959159613e-06,0.0001270020134180446,0.5026437505712295,0.0010205461533105353,4.2653324994916503e-05,9.520426972671197e-06,0.002115276778579161,0.07000638448666396,1.221943359354479e-05,2.8480004157497634e-05,0.006532015129890185,0.04431628369732449,0.0003961657730195201,0.00010222655123958675,0.0004109349075967634,1.99097563298216e-09,0.021267561049709418,8.133460394982646e-10,0.00012887213173684646,7.938769806164395e-05,5.7376269631516144e-05,4.4396366071175787e-07,9.283084435725676e-09,0.01151076911379987,0.0065845204508551206,0.011244547423090147,0.010524375612115265,3.5294491499504725e-08,1.2622819318384792e-10,0.017572429002838855,0.003929094121606057,1.914694410194086e-05,1.563252083556939e-06,7.618734969056767e-06,0.03307369900653217,2.2858740675887648e-05,2.3611038285073637e-11,1.5698140057829543e-09,0.009860004766628561
4.4080677274788035e-05,0.5233782704167124,3.76,0.0,2.1984670760089902e-05,0.5216627887541287,0.3934026513762801,0.05730332659896849,0.000833308803830808,0.012454185059548829,0.3004436218026377,6.281939964697816e-11,0.2875762305450762,1.1262599836741814e-06,0.00012696726376682554,0.5052590174925427,0.0010150787393160988,4.226197946642538e-05,9.445338447095028e-06,0.002129471371632586,0.06900972883073844,1.2123065564416596e-05,2.835182253526621e-05,0.0065027392791973514,0.044377200183119546,0.0003968697136680416,0.0001017345622523122,0.0004070342252755188,1.9665654631804505e-09,0.020937735564987594,8.020888702545177e-10,0.00012765002551609896,7.893835226889051e-05,5.679360197633202e-05,4.383070928591312e-07,9.148473958102601e-09,0.011459983322895256,0.006537303572978158,0.011266346098473125,0.010466686218238066,3.474999658688345e-08,1.2527719332904204e-10,0.017438634367338533,0.003940185950359834,1.922861674559414e-05,1.5577137780945676e-06,7.673476707459866e-06,0.03323755593317361,2.3120564739671543e-05,2.3380164377715585e-11,1.5497967103805262e-09,0.009984801940008125
4.449820677568312e-05,0.523521919333598,3.76,0.0,2.1776816261357134e-05,0.5195136786709289,0.39526578080261054,0.05742595953417991,0.0008380713955996796,0.012273029265680488,0.301437829937006,6.220799681908928e-11,0.2872449035882583,1.122064545429044e-06,0.0001269353790016805,0.5078574734499405,0.0010096595616050405,4.1875612700104446e-05,9.370743004611128e-06,0.0021438523356853787,0.06802349371804965,1.202733004752741e-05,2.8225134364337942e-05,0.006473432890634902,0.044436352998711494,0.0003975943545356124,0.00010124387702999143,0.0004031683749612435,1.9424284548067844e-09,0.020610971485624182,7.909808620376851e-10,0.00012643802784175514,7.849099599578415e-05,5.6216344518609555e-05,4.3272154767786197e-07,9.01570746098804e-09,0.011408867207398869,0.006490248680898709,0.011287907030413625,0.010409456965077255,3.421056384855627e-08,1.243306931992097e-10,0.01730400594103502,0.003951459517992267,1.9310635035179786e-05,1.5521875285167272e-06,7.728885947220648e-06,0.03339909428716473,2.3384245999708636e-05,2.3152243717957492e-11,1.53002801518704e-09,0.01011059351064532
4.49157362765782e-05,0.523664485888689,3.76,0.0,2.1573405235978324e-05,0.5173706877339032,0.397127932274602,0.05754239739949974,0.0008428940986502812,0.012093721618602657,0.30242595245841486,6.160469397480649e-11,0.28691285913784803,1.117920303028253e-06,0.0001269062922864776,0.5104392251398673,0.001004287577097289,4.1494109703343956e-05,9.296630299184646e-06,0.00215842224554137,0.06704757997126895,1.1932213862782711e-05,2.809993070175406e-05,0.006444092971284525,0.044493749829594566,0.00039833991268538657,0.00010075444755652144,0.00039933678691366127,1.918559891405915e-09,0.020287282409598158,7.800194433173299e-10,0.00012523598473283444,7.8045580858033e-05,5.564441147692532e-05,4.272058741053228e-07,8.884753144712886e-09,0.011357420269832214,0.006443349181494357,0.011309228013102529,0.010352683177430017,3.36762158032359e-08,1.2338860755265558e-10,0.017168576545162326,0.0039629158166171055,1.9393009606773926e-05,1.5466723934263314e-06,7.784972802212286e-06,0.03355833301636752,2.3649822925512907e-05,2.292724632609887e-11,1.5105039850509396e-09,0.010237389826129713
4.533326577747328e-05,0.5238059768518503,3.76,0.0,2.1373952453126392e-05,0.5152337259644916,0.3989891575773893,0.05765265731263005,0.0008477779052291291,0.011916247260964954,0.3034080325878037,6.100945199245368e-11,0.28658009325200495,1.1138276956862888e-06,0.00012687994123363968,0.5130043778687803,0.0009989617779141118,4.111735982981424e-05,9.222990307255532e-06,0.0021731837560116027,0.06608188992901112,1.183770423327971e-05,2.79762032932988e-05,0.006414716792152254,0.04454939818526753,0.00039910661512882053,0.00010026622742301688,0.0003955389053135785,1.8949551887463914e-09,0.019966680865709227,7.69202104354205e-10,0.00012404374707786423,7.760205992746847e-05,5.5077719354867484e-05,4.217589487072428e-07,8.75558000070474e-09,0.01130564206537328,0.006396598893730551,0.0113303069105066,0.010296359979558418,3.3146973206650887e-08,1.2245085510490944e-10,0.017032378433262135,0.003974555871205306,1.9475751272517774e-05,1.5411674792577594e-06,7.84174761953049e-06,0.03371529102371937,2.391733486035856e-05,2.2705142900729996e-11,1.4912207733736076e-09,0.010365201445197
4.575079527836836e-05,0.5239463988496799,3.76,0.0,2.1178021011309764e-05,0.513102703896659,0.40084950862764246,0.0577567564794791,0.0008527238392420787,0.011740591538522681,0.30438411252135444,6.042223356369161e-11,0.28624660103312116,1.1097871800135953e-06,0.00012685626762623848,0.5155530356282516,0.0009936811895027231,4.0745256543588324e-05,9.14981331034858e-06,0.0021881396024519256,0.06512632741104449,1.174378876394625e-05,2.785394454281618e-05,0.006385301870628728,0.044603305403177314,0.00039989469878335445,9.977917170986555e-05,0.0003917741876485878,1.8716098897535924e-09,0.01964917833289009,7.585263948789866e-10,0.00012286117032795073,7.716038763886506e-05,5.451618682882319e-05,4.163796744550205e-07,8.628157778809094e-09,0.011253532193118526,0.006349992025191499,0.01135114164420283,0.010240482305404919,3.262285508339629e-08,1.2151735824936626e-10,0.01689544330936175,0.003986380736717294,1.9558871017749583e-05,1.5356719362452815e-06,7.899220983283774e-06,0.03386998716568201,2.4186822037721274e-05,2.2485904789240606e-11,1.4721746185140962e-09,0.010494039142805589
4.616832477926344e-05,0.5240857583707683,3.76,0.0,2.098521771854059e-05,0.5109775325342552,0.4027090375036479,0.05785471219781947,0.0008577329564966461,0.011566739995845728,0.30535423347136065,5.984300317420283e-11,0.28591237663948554,1.105799230073446e-06,0.00012683521715815883,0.5180853011648295,0.0009884448688500822,4.037769719635187e-05,9.077089880824332e-06,0.0022032926014889063,0.06418079768498978,1.1650455424185831e-05,2.773314748535706e-05,0.006355845953773683,0.04465547865240197,0.00040070441046000604,9.929323687662513e-05,0.00038804210414793643,1.848519658074955e-09,0.01933478525923568,7.47989922088326e-10,0.00012168811421530439,7.672051970303145e-05,5.3959734645344215e-05,4.110669795980438e-07,8.502456959661264e-09,0.011201090288274118,0.006303523149777557,0.011371730181952538,0.010185044908251981,3.2103878758329726e-08,1.2058804284145794e-10,0.016757802345356117,0.00399839149553184,1.9642379998146677e-05,1.5301849547617446e-06,7.957403718856621e-06,0.034022440250612095,2.44583255982376e-05,2.2269503966262252e-11,1.4533618409366126e-09,0.010623913915297805
4.6585854280158524e-05,0.524224061770631,3.76,0.0,2.0795188907312664e-05,0.5088581233104141,0.4045677964740056,0.05794654186031856,0.0008628063450074278,0.011394678372168503,0.30631843570457007,5.927172708763223e-11,0.28557741329596503,1.1018643375626326e-06,0.0001268167391881273,0.5206012760450089,0.0009832519027836665,4.0014582817043135e-05,9.004810866105613e-06,0.002218645651938437,0.06324520743439413,1.15576925285619e-05,2.761380576405604e-05,0.006326347002401061,0.04470592493709268,0.0004015360068738088,9.880838066768153e-05,0.00038434213725582273,1.8256802727227212e-09,0.019023511080750243,7.375903485631407e-10,0.00012052444249538994,7.628241302931919e-05,5.340828552570022e-05,4.0581981662443066e-07,8.378448726131838e-09,0.01114831601520556,0.006257187186532477,0.011392070526960502,0.010130042369856884,3.159005988751274e-08,1.1966283795514378e-10,0.016619486197638703,0.004010589255151641,1.972628953798343e-05,1.5247057617400658e-06,8.016306897954494e-06,0.03417266903707013,2.4731887609560353e-05,2.205591300661044e-11,1.4347788399944435e-09,0.010754836985655625
4.7003383781053605e-05,0.5243613152763141,3.76,0.0,2.0607616643636396e-05,0.5067443880487642,0.40642583802509286,0.058032262956994575,0.0008679451253611747,0.0112243925973707,0.3072767585781609,5.870837332950755e-11,0.28524170330373627,1.0979830120336987e-06,0.00012680078650513328,0.5231010607156467,0.0009781014063581018,3.9655817913370535e-05,8.932967375062442e-06,0.0022342017358936215,0.06231946472806576,1.1465488720002951e-05,2.749591360873822e-05,0.006296803175940697,0.044754651099696896,0.00040238975469228123,9.832456202879005e-05,0.0003806737811430415,1.8030876250795182e-09,0.018715364239808498,7.273253903035928e-10,0.00011937002271099106,7.58460256576691e-05,5.286176407769143e-05,4.006371612998987e-07,8.256104935904815e-09,0.011095209061276477,0.006210979379563061,0.011412160707765464,0.010075469109091443,3.108141248868948e-08,1.1874167564887936e-10,0.016480525023025123,0.004022975146166662,1.9810611130027587e-05,1.5192336173278488e-06,8.075941844151376e-06,0.03432069223208724,2.5007551087717645e-05,2.184510506145486e-11,1.4164220908900054e-09,0.010886819808859699
4.742091328194869e-05,0.524497524990695,3.76,0.0,2.0422215293595084e-05,0.5046362389262506,0.40828321488742586,0.058111893077143144,0.0008731504511647297,0.011055868788079886,0.308229240573495,5.815291167910559e-11,0.28490523804909834,1.0941557810740966e-06,0.00012678731510957697,0.5255847545601232,0.0009729925213220602,3.9301310284572824e-05,8.86155076799686e-06,0.002249963919975325,0.061403478990581135,1.1373832957621357e-05,2.7379465816701553e-05,0.006267212818054324,0.044801663823977315,0.00040326593062550654,9.784174102369174e-05,0.0003770365412606716,1.7807377128427054e-09,0.018410352203324744,7.171928151292359e-10,0.00011822472597585688,7.541131669429376e-05,5.2320096715693675e-05,3.955180117749816e-07,8.135398099757066e-09,0.011041769131417875,0.0061648952790116516,0.011431998768709659,0.010021319390114612,3.057794897130066e-08,1.1782449080781648e-10,0.01634094849400998,0.004035550320456853,1.9895356435723017e-05,1.513767811928852e-06,8.136320138756492e-06,0.03446652848940649,2.5285360018472478e-05,2.1637053844826776e-11,1.398288142524395e-09,0.011019874077361283
4.783844278284377e-05,0.5246326968965173,3.76,0.0,2.023872841456936e-05,0.5025335884373968,0.4101399800610576,0.05818544991077361,0.0008784235095714323,0.010889093243887323,0.3091759193277957,5.760531366611623e-11,0.28456800801137894,1.0903831906022955e-06,0.00012677628400851486,0.5280524559505394,0.0009679244146615879,3.8950970844796074e-05,8.790552644139939e-06,0.0022659353567763786,0.06049716097388533,1.1282714501427384e-05,2.7264457736782667e-05,0.006237574442982793,0.044846969637838074,0.00040416482152991293,9.735987875847201e-05,0.00037342993392480337,1.7586266352726962e-09,0.018108481480640495,7.071904409438412e-10,0.000117088426775998,7.497824625026516e-05,5.1783211586932215e-05,3.9046138775899866e-07,8.01630135838143e-09,0.010987995943372929,0.0061189307230420514,0.011451582760938788,0.009967587330103887,3.0079680166040764e-08,1.1691122094770118e-10,0.0162007858133932,0.004048315949617952,1.998053728569151e-05,1.5083076632659975e-06,8.197453627537287e-06,0.03461019640770791,2.5565359381867086e-05,2.143173361334891e-11,1.3803736149835926e-09,0.011154011726678143
4.825597228373885e-05,0.5247668368601618,3.76,0.0,2.0056925941195794e-05,0.5004363493598565,0.4119961868401528,0.05825295124959379,0.0008837655218504449,0.010724052443667628,0.3101168316638881,5.7065552565111856e-11,0.2842300027699645,1.086665805295713e-06,0.00012676765501944863,0.5305042622962033,0.0009628962772200743,3.860471345661675e-05,8.719964830594002e-06,0.0022821192864849863,0.05960042272987904,1.119212289860562e-05,2.7150885255537724e-05,0.006207886722596756,0.044890574915974396,0.00040508672452479674,9.687893732413478e-05,0.0003698534859240032,1.7367505925826113e-09,0.017809757641142475,6.973161340264836e-10,0.00011596100278798597,7.454677539038347e-05,5.125103850184759e-05,3.854663297586675e-07,7.898788458781521e-09,0.010933889223561376,0.0060730818208018225,0.011470910733891752,0.009914266906568723,2.958661535396756e-08,1.1600180601381265e-10,0.016060065728309827,0.004061273223597068,2.0066165681329872e-05,1.5028525135846387e-06,8.259354428049486e-06,0.03475171452882953,2.584759517911299e-05,2.122911914676457e-11,1.3626751969738135e-09,0.011289244941123672
4.867350178463393e-05,0.5248999506351584,3.76,0.0,1.987660163858109e-05,0.4983444347210714,0.4138518888368455,0.05831441498757993,0.0008891777440130945,0.010560733041994591,0.311052013618115,5.6533603397211416e-11,0.28389121101049364,1.0830042089271926e-06,0.00012676139258603137,0.5329402700886596,0.0009579073223903584,3.826245477418658e-05,8.649779375823608e-06,0.002298519038642991,0.05871317758392314,1.1102047975616882e-05,2.7038744784840088e-05,0.0061781484741244685,0.044932485882361387,0.00040603194716235707,9.63988797428815e-05,0.00036630673415964307,1.715105879779217e-09,0.01751418533159601,6.875678077564852e-10,0.00011484233471307454,7.411686609064162e-05,5.072350887017419e-05,3.8053189836737e-07,7.782833737156893e-09,0.010879448703514785,0.006027344936323135,0.011489980727241833,0.009861351964267588,2.9098762295164276e-08,1.1509618827737387e-10,0.015918816543696167,0.0040744233495241065,2.015225379732996e-05,1.4974017272792446e-06,8.322034937049186e-06,0.03489110133599751,2.6132114458721594e-05,2.1029185740221556e-11,1.3451896441201387e-09,0.01142558615967736
4.909103128552901e-05,0.525032043865485,3.76,0.0,1.9697570797799358e-05,0.4962577577658917,0.4157071400044656,0.058369859121157164,0.0008946614675436074,0.010399121865649804,0.3119815004665384,5.6009442938018953e-11,0.28355162053022337,1.0793990047151696e-06,0.00012675746360780698,0.5353605749434958,0.000952956784872986,3.792411409538584e-05,8.579988539868893e-06,0.0023151380340741936,0.05783534010923808,1.1012479826295191e-05,2.6928033251245287e-05,0.006148358648537941,0.04497270861258699,0.0004070008076390317,9.591966990519699e-05,0.00036278922531907267,1.6936888816948105e-09,0.017221768293191705,6.779434211558647e-10,0.0001137323061244285,7.368848119180026e-05,5.020055564388657e-05,3.7565717359606956e-07,7.668412099972897e-09,0.010824674116839588,0.0059817166733211,0.011508790763240288,0.009808836221753289,2.861612725695057e-08,1.1419431217573984e-10,0.015777066135225913,0.0040877675507235145,2.0238813985308188e-05,1.4919546885022266e-06,8.385507838715535e-06,0.03502837525206937,2.641896534548295e-05,2.0831909188229295e-11,1.3279137768418107e-09,0.011563048082007673
4.9508560786424094e-05,0.525163122088651,3.76,0.0,1.951966815105264e-05,0.4941762319250465,0.4175619946602605,0.05841930174901325,0.0009002180201998804,0.010239205910217429,0.31290532674955407,5.549304972093488e-11,0.28321121824256584,1.07585081591504e-06,0.00012675583727806173,0.5377652716391337,0.0009480439195009427,3.758961322255605e-05,8.51058478468888e-06,0.0023319797870281714,0.056966826102103345,1.0923408799768503e-05,2.6818748087151988e-05,0.006118516319573268,0.0450112490360373,0.00040799363498709263,9.544127251926622e-05,0.0003593005155624688,1.672496075418593e-09,0.01693250937834449,6.684409773562818e-10,0.00011263080332624817,7.32615843534984e-05,4.968211326351735e-05,3.7084125425667163e-07,7.555499002975551e-09,0.010769565196663644,0.005936193860851622,0.011527338839421992,0.0097567132775671,2.813871504166382e-08,1.1329612412347348e-10,0.015634841961745097,0.004101307065895412,2.0325858777350196e-05,1.486510798796867e-06,8.449786113807162e-06,0.03516355463779579,2.670819707335976e-05,2.0637265769580457e-11,1.3108444782926993e-09,0.011701643674660147
4.9926090287319175e-05,0.5252931907385571,3.76,0.0,1.93427459859157e-05,0.49209977078435163,0.4194165075077393,0.05846276107157782,0.0009058487668214506,0.01008097233675311,0.3138235262950309,5.498440404814263e-11,0.2828699901808364,1.072360286396134e-06,0.00012675648493033848,0.5401544541527955,0.0009431680001290065,3.72588763314196e-05,8.441560770266344e-06,0.002349047907476541,0.05610755255775112,1.0834825495722504e-05,2.671088722450352e-05,0.006088620673349421,0.04504811293794979,0.0004090107692794117,9.496365308636685e-05,0.0003558401702233755,1.6515240236969367e-09,0.01664641056725035,6.590585226016296e-10,0.0001115377152259075,7.28361400265984e-05,4.916811760557309e-05,3.6608325739678116e-07,7.444070437961676e-09,0.010714121673526358,0.005890773539795987,0.011545622921656184,0.0097049766160947,2.7666529014045352e-08,1.1240157246668212e-10,0.015492171077226712,0.004115043148459217,2.0413400888518222e-05,1.4810694752037438e-06,8.514883048810755e-06,0.03529665779011177,2.699986001754862e-05,2.0445232246691872e-11,1.2939786932880062e-09,0.011841386177418377
5.0343619788214257e-05,0.5254222551481855,3.76,0.0,1.9166672440143877e-05,0.4900282880544895,0.4212707336586872,0.058500255390190936,0.0009115551102112508,0.009924408468526307,0.3147361322400388,5.448348801113522e-11,0.28252792150126493,1.0689280810576056e-06,0.00012675937989634493,0.542528215693848,0.0009383283185806878,3.693182984762294e-05,8.372909347540514e-06,0.002366346103514911,0.055257437646977534,1.0746720755932104e-05,2.6604449089914756e-05,0.0060586709985638665,0.045083305961341816,0.0004100525619311934,9.44867778667472e-05,0.00035240776354247784,1.6307693685010646e-09,0.016363472984158238,6.497941450137408e-10,0.00011045293321762212,7.241211343090778e-05,4.865850593543435e-05,3.61382317756686e-07,7.3341029172850715e-09,0.010658343273676872,0.0058454529501351825,0.01156364093750636,0.009653619613104009,2.7199571128209585e-08,1.1151060736557727e-10,0.015349080142274065,0.004128977066046866,2.050145322284734e-05,1.4756301483419015e-06,8.580812245520432e-06,0.035427702940459424,2.729400572774384e-05,2.025578584927506e-11,1.2773134260918115e-09,0.011982289109844987
5.076114928910934e-05,0.5255503205521156,3.76,0.0,1.8991329960241616e-05,0.48796169754126006,0.42312472865489487,0.05853180310596521,0.0009173384921726355,0.00976950178784023,0.3156431770512454,5.399028550041358e-11,0.28218499648523404,1.0655548864654137e-06,0.000126764497370954,0.5448866487346932,0.0009335241836510481,3.660840233048939e-05,8.304623549641034e-06,0.0023838781839682775,0.05441640069346938,1.0659085653224707e-05,2.6499432598556903e-05,0.006028666677257858,0.04511683360881445,0.00041111937602856787,9.401061381951734e-05,0.0003490028784262005,1.610228837573934e-09,0.016083696913379568,6.406459731440607e-10,0.00010937635107334398,7.198947051246476e-05,4.815321686783045e-05,3.567375872464181e-07,7.225573454006025e-09,0.010602229717746017,0.005800229518971546,0.011581390769838865,0.009602635540989779,2.67378419541735e-08,1.1062318058352625e-10,0.015205595435207081,0.004143110100131096,2.0590028882522365e-05,1.4701922603707065e-06,8.647587631781327e-06,0.0355567082531414,2.759068696632893e-05,2.0068904259113757e-11,1.260845738305198e-09,0.0121243662780182
5.117867879000442e-05,0.5256773920888507,3.76,0.0,1.881661390822275e-05,0.4858999131162645,0.42497854848976047,0.058557422718356414,0.0009232003945841219,0.009616239932915051,0.3165446925441251,5.350478222158262e-11,0.28184119854072043,1.0622414116887961e-06,0.0001267718142871353,0.5472298450393376,0.0009287549201656249,3.6288524363682224e-05,8.236696589157935e-06,0.002401648061258755,0.053584362151689574,1.0571911488060272e-05,2.6395837150419926e-05,0.005998607176117622,0.045148701244238115,0.00041221158656841,9.35351285730189e-05,0.0003456251062007371,1.5898992374578378e-09,0.01580708181511485,6.316121752399168e-10,0.0001083078648414801,7.156817790676112e-05,4.765219032653249e-05,3.521482344806769e-07,7.1184595522210425e-09,0.010545780719762725,0.005755100849265455,0.011598870250665944,0.009552017573733659,2.628134070403742e-08,1.0973924548522557e-10,0.01506174286274473,0.004157443545786101,2.067914117017834e-05,1.4647552634791523e-06,8.715223472713467e-06,0.03568369182371181,2.7889957747851838e-05,1.988456562326207e-11,1.244572749112268e-09,0.012267631781479306
5.15962082908995e-05,0.5258034748029965,3.76,0.0,1.864243130258218e-05,0.48384284868791316,0.426832249629888,0.05857713282347935,0.0009291423404085482,0.009464610694820743,0.3174407099010554,5.3026965733338707e-11,0.2814965102030408,1.0589883889213257e-06,0.00012678130920178138,0.549557895689809,0.0009240198680901199,3.597212845225471e-05,8.16912185334509e-06,0.0024196597543856414,0.05276124358524916,1.048518978294856e-05,2.6293662632553493e-05,0.005968492038263197,0.045178914094330745,0.00041332958073898185,9.306029044242202e-05,0.00034227404637286735,1.5697774435805223e-09,0.015533626341071843,6.226909582299823e-10,0.00010724737275774962,7.114820294136882e-05,4.7155367500324156e-05,3.4761344435852753e-07,7.012739195284484e-09,0.010488995986485337,0.005710064709263432,0.011616077155234474,0.009501758791584956,2.5830065257862777e-08,1.088587569986808e-10,0.01491754797029088,0.0041719787115788365,2.076880359006051e-05,1.4593186183827642e-06,8.783734382076388e-06,0.035808671677406916,2.8191873378491587e-05,1.970274854007484e-11,1.2284916334610713e-09,0.012412100020393198
5.201373779179458e-05,0.5259285736473052,3.76,0.0,1.846869968110717e-05,0.48179041817257684,0.4286858890366181,0.05859095211217921,0.0009351658948415168,0.009314602014474066,0.31833125968828685,5.255682546819374e-11,0.28115091313495305,1.0557965741214363e-06,0.00012679296217930962,0.5518708911105682,0.0009193183816877898,3.56591489257317e-05,8.101892897158444e-06,0.002437917391939106,0.05194696764589913,1.0398912273673758e-05,2.6192909418714694e-05,0.005938320875523971,0.04520747725013843,0.0004144737584028102,9.258606840096624e-05,0.00033894930643594396,1.5498604122094458e-09,0.01526332834977799,6.138805662334317e-10,0.00010619477516422145,7.072951362755922e-05,4.6662690809210516e-05,3.431324176212601e-07,6.9083908251787966e-09,0.010431875217015942,0.005665119022579146,0.011633009196299764,0.00945185218548889,2.538401218911792e-08,1.0798167137165679e-10,0.014773035951864058,0.004186716919573784,2.0859029864617247e-05,1.4538817925294398e-06,8.853135334108154e-06,0.03593166576761522,2.849649049799192e-05,1.9523432029167042e-11,1.2125996183458792e-09,0.012557785702928108
5.2431267292689664e-05,0.5260526934845569,3.76,0.0,1.8295346073936266e-05,0.4797425354658302,0.43053952418750935,0.05859889936783205,0.0009412726667351453,0.009166201979708084,0.3192163718718682,5.2094352742451937e-11,0.2808043881259749,1.0526667479624815e-06,0.00012680675468340193,0.5541689210910293,0.0009146498287238055,3.534952184706856e-05,8.035003441122416e-06,0.002456425215413201,0.05114145805315148,1.0313070906478982e-05,2.6093578362965314e-05,0.005908093361214337,0.045234395668413925,0.00041564453255023265,9.211243198942721e-05,0.0003356505016964206,1.5301451741264744e-09,0.014996184921661554,6.051792800501575e-10,0.00010514997442812739,7.031207859816284e-05,4.61741038819657e-05,3.387043704132509e-07,6.805393335055133e-09,0.010374418102678815,0.00562026185887993,0.011649664018507944,0.009402290661285393,2.49431767897024e-08,1.0710794614989098e-10,0.014628231659707624,0.004201659505437396,2.0949833948426576e-05,1.4484442588850372e-06,8.92344167635988e-06,0.03605269197438594,2.880386712490304e-05,1.9346595556470954e-11,1.196893983740109e-09,0.012704703852882429
5.2848796793584745e-05,0.5261758390893231,3.76,0.0,1.812230607615113e-05,0.47769911441385504,0.43239321309806344,0.05860099346389361,0.0009474643099481368,0.00901939882238278,0.32009607583274025,5.1639540806793604e-11,0.2804569150908799,1.0495997167066725e-06,0.0001268226694968375,0.5564520748062737,0.0009100135897108952,3.5043184926868235e-05,7.968447366159924e-06,0.0024751875829366254,0.05034463957423989,1.0227657831992523e-05,2.5995670802488325e-05,0.005877809223344162,0.04525967417287737,0.0004168423294911341,9.163935131775358e-05,0.00033237725505989494,1.5106288184139007e-09,0.014732192374081125,5.965854164618316e-10,0.00010411287486629507,6.989586707928715e-05,4.568955152045344e-05,3.3432853394534026e-07,6.703726063015509e-09,0.010316624327146333,0.005575491425159414,0.011666039192921711,0.009353067043671157,2.45075530947986e-08,1.0623754023077233e-10,0.014483159613561263,0.004216807818651712,2.104123001764069e-05,1.443005494806858e-06,8.994669144010357e-06,0.036171768102972866,2.9114062706536384e-05,1.9172219044533325e-11,1.1813720636567557e-09,0.012852869817576744
5.3266326294479826e-05,0.5262980151496034,3.76,0.0,1.794952301066605e-05,0.47566006878487777,0.43424701434379115,0.058597253361265034,0.0009537425244475676,0.008874180915519343,0.32097040038100927,5.119238489814871e-11,0.2801084730676385,1.0465963130434493e-06,0.00012684069063242492,0.5587204408360881,0.0009054090571964279,3.47400774424404e-05,7.902218708499253e-06,0.0024942089729476356,0.04955643800432967,1.014266539881756e-05,2.5899188570962865e-05,0.005847468238189757,0.045283317455386426,0.0004180675891997934,9.116679716578366e-05,0.0003291291968203715,1.4913085106332356e-09,0.014471346276189248,5.88097326603232e-10,0.00010308338268663198,6.948084894868653e-05,4.520897965416395e-05,3.30004154201031e-07,6.603368770430553e-09,0.01025849356677973,0.005530806057590887,0.011682132211741459,0.00930417407992297,2.407713390752046e-08,1.0537041366355342e-10,0.014337844009589755,0.0042321632228410795,2.1133232474662387e-05,1.437564980412339e-06,9.066833873715506e-06,0.03628891188241935,2.9427138168373083e-05,1.9000282824804278e-11,1.1660312412157267e-09,0.0130022992759953
5.368385579537491e-05,0.5264192262683285,3.76,0.0,1.7776947173166773e-05,0.47362531224031823,0.4361009870823034,0.058587698105455346,0.0009601090577721095,0.008730536770503053,0.3218393737692201,5.075288224722703e-11,0.2797590402148474,1.0436573972031011e-06,0.00012686080321588247,0.56097410718247,0.0009008356350952142,3.4440140162030097e-05,7.836311661850798e-06,0.0025134939876783158,0.048776780147415766,1.0058086156102268e-05,2.5804133997670533e-05,0.005817070224287175,0.04530533007705791,0.0004193207661555707,9.069474092520975e-05,0.00032590596454289215,1.4721814892991164e-09,0.01421364146335116,5.797133955075643e-10,0.00010206140593387939,6.906699473154112e-05,4.4732335324468325e-05,3.2573049151762895e-07,6.504301632861836e-09,0.010200025491160832,0.005486204213911013,0.011697940483101061,0.009255604443422744,2.3651910823010656e-08,1.0450652757817206e-10,0.014192308729048603,0.004247727096182413,2.1225855990304003e-05,1.4321221975764842e-06,9.139952416133356e-06,0.03640414096419103,2.9743155958474518e-05,1.8830767638932388e-11,1.1508689459465363e-09,0.013153008247183406
5.410138529626999e-05,0.5265394769647768,3.76,0.0,1.760453515110302e-05,0.471594758305711,0.4379551910754656,0.058572346823447016,0.0009665657070880899,0.008588455034377024,0.3227030237047745,5.032103210812848e-11,0.2794085938081932,1.0407838577813085e-06,0.0001268829934185472,0.5632131612856677,0.000896292738052265,3.414331527361083e-05,7.770720570430067e-06,0.0025330473573273444,0.04800559379797797,9.973912845177844e-06,2.5710509894243903e-05,0.005786615036907483,0.04532571646927714,0.0004206023299295148,9.022315439410273e-05,0.0003227072029552467,1.453245040512142e-09,0.013959072051376057,5.71432041827388e-10,0.00010104685442005381,6.86542754653554e-05,4.4259566683724784e-05,3.2150682015725286e-07,6.406505239551128e-09,0.010141219763816142,0.005441684466266612,0.011713461325795862,0.0092073507370169,2.323187425211977e-08,1.0364584419399529e-10,0.01404657734672824,0.004263500831879313,2.1319115510742766e-05,1.4266766291831737e-06,9.214041752201292e-06,0.03651747292083284,3.0062180103863573e-05,1.866365468012153e-11,1.13588265744754e-09,0.013305013098964869
5.451891479716507e-05,0.5266587716758939,3.76,0.0,1.7432249209135897e-05,0.46956832034176255,0.4398096867122976,0.058551218720328084,0.0009731143207701242,0.008447924487142102,0.32356137736195983,4.989683584055491e-11,0.27905711023594937,1.0379766125350766e-06,0.00012690724843756641,0.5654376900387238,0.0008917797908258284,3.3849546317021434e-05,7.705439918159292e-06,0.002552873945050224,0.04724280772252734,9.890138385804925e-06,2.5618319568261228e-05,0.005756102562837366,0.045344480934532874,0.0004219127650143297,8.975200986117845e-05,0.00031953256371070857,1.4344965225636699e-09,0.013707631451067608,5.632517161829629e-10,0.00010003963966213829,6.824266268679878e-05,4.379062294686414e-05,3.173324281465711e-07,6.309960575125315e-09,0.010082076043120676,0.0053972454945392856,0.011728691964100963,0.009159405496169068,2.281701344528863e-08,1.0278832669602504e-10,0.013900673139081474,0.004279485838736672,2.141302621479238e-05,1.421227757583079e-06,9.289119313072035e-06,0.036628925244643146,3.038427628190515e-05,1.8498925585465963e-11,1.1210699064882164e-09,0.013458330556997425
5.493644429806015e-05,0.5267771147574476,3.76,0.0,1.7260056734876936e-05,0.46754591151523234,0.4416645350326359,0.05852433307585889,0.0009797567992169296,0.008308934039021582,0.3244144613934214,4.948029697319232e-11,0.2787045649943133,1.0352366103700777e-06,0.00012693355638756444,0.5676477798006699,0.0008872962277237709,3.3558778120306544e-05,7.640464337899533e-06,0.0025729787511879457,0.046488351640954266,9.806755887601915e-06,2.5527566857495166e-05,0.005725532715327308,0.045361627647230326,0.0004232525712641795,8.928128043068933e-05,0.00031638170516795546,1.4159333673353134e-09,0.013459312382599125,5.551709005764889e-10,9.903967485815222e-05,6.783212863398496e-05,4.332545433033371e-05,3.132066171502495e-07,6.214649007488196e-09,0.01002259398333822,0.0053528860801891134,0.011743629522872355,0.00911176119187336,2.2407316516412878e-08,1.0193393935940745e-10,0.013754619092012862,0.004295683541858799,2.1507603540863e-05,1.41577506366694e-06,9.365202993977882e-06,0.03673851534640669,3.070951187116234e-05,1.833656239835736e-11,1.1064282684518312e-09,0.013612977714088908
5.5353973798955234e-05,0.5268945104851117,3.76,0.0,1.7087929740315008e-05,0.46552744476884855,0.4435197977505235,0.058491709240858836,0.0009864950968180716,0.00817147272784381,0.3252623019403928,4.9071421211441554e-11,0.2783509326824838,1.0325648327986203e-06,0.00012696190615731892,0.5698435164086418,0.0008828414920898929,3.3270956741022823e-05,7.575788615684924e-06,0.002593366916727706,0.04574215620921401,9.723758656153805e-06,2.543825612011169e-05,0.005694905429486163,0.04537716065456166,0.0004246222656731839,8.881093982888083e-05,0.00031325429239913475,1.3975530426864584e-09,0.01321410688886861,5.471881083260109e-10,9.804687485801779e-05,6.742264622711161e-05,4.286401207521533e-05,3.091287018957329e-07,6.120552285089134e-09,0.00996277323578204,0.005308605100514123,0.011758271022576646,0.009064410233431096,2.2002770465615316e-08,1.0108264743284446e-10,0.013608437908533085,0.004312095383393932,2.160286328023936e-05,1.4103180265406322e-06,9.442311165196711e-06,0.03684626055417979,3.1037955988367354e-05,1.8176547537575845e-11,1.0919553565970466e-09,0.013768972039792342
5.5771503299850315e-05,0.5270109630555582,3.76,0.0,1.69158444131906e-05,0.4635128327907246,0.44537553727752005,0.05845336663313535,0.0009933312254226685,0.00803552971660348,0.32610492464217467,4.86702164472597e-11,0.27799618699604617,1.0299622930569068e-06,0.0001269922874382114,0.5720249851888501,0.0008784150357659639,3.298602940991984e-05,7.511407666870993e-06,0.0026140437288666163,0.04500415300329572,9.641140162606224e-06,2.535039219224558e-05,0.005664220658278048,0.04539108387712764,0.0004260223830111487,8.834096181069112e-05,0.0003101499971808459,1.379353085431052e-09,0.012972006348862187,5.393018825617059e-10,9.706115607515598e-05,6.701418868743759e-05,4.2406248484852005e-05,3.050980096173615e-07,6.027652523584055e-09,0.009902613450131437,0.005264401523187128,0.011772613373865889,0.009017344971171582,2.1603361201455554e-08,1.0023441661240637e-10,0.013462152016340658,0.004328722823273479,2.1698821550959117e-05,1.4048561221014152e-06,9.520462696565466e-06,0.036952178112047665,3.136967957404204e-05,1.801886386188797e-11,1.077648830510669e-09,0.013926331390461868
5.6189032800745396e-05,0.5271264765873814,3.76,0.0,1.6743780711191542e-05,0.4615019879844892,0.4472318167478676,0.05840932473318791,0.0010002672558470053,0.00790109429091299,0.32694235464617266,4.8276692885288846e-11,0.2776403007189915,1.0274300376394308e-06,0.00012702469077547179,0.5741922709660159,0.0008740163185614928,3.2703944476188e-05,7.447316528260345e-06,0.0026350146283912242,0.04427427450167552,9.558894032851014e-06,2.5263980426138565e-05,0.0056334783685509735,0.04540340110924094,0.00042745347427822314,8.787132051611239e-05,0.00030706849761893127,1.361331110348305e-09,0.012733001492499039,5.315107958690157e-10,9.608243642074345e-05,6.660672956782322e-05,4.195211682206417e-05,3.011138803495666e-07,5.93593220421468e-09,0.009842114275891795,0.005220274401199768,0.011786653372328442,0.008970557698940623,2.120907356463523e-08,9.938921355839946e-11,0.013315783575008507,0.004345567340082593,2.17954946816245e-05,1.3993888219618352e-06,9.599676987053152e-06,0.03705628517887669,3.1704755501454406e-05,1.7863494782739353e-11,1.0635064092965149e-09,0.014085074019761936
5.660656230164048e-05,0.5272410551217941,3.76,0.0,1.6571721996009197e-05,0.4594948224390724,0.44908870004520185,0.05835960308017657,0.001007305317065377,0.007768155856250218,0.3277746166176018,4.7890863224219864e-11,0.2772832457169105,1.024969152235307e-06,0.00012705910735086846,0.5763454580716773,0.0008696448078538928,3.2424651357961884e-05,7.383510389363195e-06,0.002656285213684914,0.04355245406655162,9.47701408824137e-06,2.5179026788786932e-05,0.005602678536830314,0.04541411601948043,0.0004289161074722699,8.740199153201947e-05,0.000304009477802549,1.3434847518599579e-09,0.012497082414941317,5.238134501255531e-10,9.511063535438354e-05,6.620024342261194e-05,4.150157119381397e-05,2.9717566713628884e-07,5.845374164403171e-09,0.009781275363909348,0.005176222868395254,0.011800387694036626,0.008924040656241177,2.0819891352003714e-08,9.854700653370394e-11,0.013169354482701377,0.0043626304321453865,2.1892899293311164e-05,1.3939155934719983e-06,9.679973972158015e-06,0.03715859882718655,3.204325860479328e-05,1.7710424084639067e-11,1.0495258499265876e-09,0.014245218589339184
5.702409180253556e-05,0.5273547026233935,3.76,0.0,1.6399654707599177e-05,0.457491247895872,0.4509462518274466,0.05830422126771405,0.0010144475994370368,0.007636703935535221,0.32860173474663423,4.751274257742775e-11,0.2769249929305539,1.0225807615322998e-06,0.00012709552879128078,0.5784846303522762,0.0008652999782066898,3.2148100497364246e-05,7.3199845989496015e-06,0.0026778612423844464,0.04283862592887186,9.39549435452184e-06,2.5095537812902942e-05,0.005571821145882297,0.045423232151517105,0.00043041087216339407,8.693295119757071e-05,0.0003009726281145819,1.3258117084740292e-09,0.012264238587860332,5.162084743547574e-10,9.414567389242674e-05,6.57947057137322e-05,4.1054566681751034e-05,2.932827347190683e-07,5.755961563784201e-09,0.009720096367949248,0.005132246135273687,0.01181381289063786,0.00887778603038658,2.0435797337091297e-08,9.770776399425277e-11,0.013022886383033215,0.004379913618552116,2.1991052523586873e-05,1.3884358986409872e-06,9.761374126420587e-06,0.037259136042081316,3.238526568312849e-05,1.7559635714755453e-11,1.0357049196785318e-09,0.014406784179745764
5.744162130343064e-05,0.5274674229811064,3.76,0.0,1.622756807207205e-05,0.4554911757151922,0.4528045375507038,0.05824319893860902,0.0010216963622120036,0.007506728167180856,0.3294237327548582,4.7142348285269917e-11,0.276565512365129,1.0202660218898779e-06,0.00012713394739932726,0.5806098711761957,0.0008609813108214252,3.187424331442135e-05,7.256734605738109e-06,0.0026997486402033596,0.042132725176323126,9.314328984998444e-06,2.501352043840715e-05,0.005540906182406916,0.04543075292419418,0.00043193837976297637,8.646417461372329e-05,0.00029795764555544044,1.3083097730370532e-09,0.012034458871631331,5.086945252083045e-10,9.318747440617919e-05,6.539009155020117e-05,4.061105948980026e-05,2.8943445852114225e-07,5.667677903769586e-09,0.009658576946450552,0.005088343484687108,0.01182692538284358,0.008831785958873791,2.0056773289995288e-08,9.687145389209021e-11,0.012876400672250207,0.004397418439979018,2.208997192529223e-05,1.3829491928743685e-06,9.843898508806452e-06,0.03735791372001553,3.273085566003576e-05,1.7411114219862508e-11,1.0220414409667997e-09,0.014569790302203652
5.785915080432572e-05,0.5275792200087324,3.76,0.0,1.6055453832746253e-05,0.4534945168458825,0.45466362349844697,0.05817655577940094,0.0010290539335831778,0.007378218302627955,0.3302406339051002,4.677970032254275e-11,0.2762047730770529,1.0180261281414591e-06,0.00012717435631444174,0.5827212634381811,0.0008566882930728665,3.1603032161830364e-05,7.193755936545831e-06,0.00272195351438826,0.04143468773512083,9.233512232628006e-06,2.4932982138476772e-05,0.005509933633969228,0.045436681630940355,0.0004334992572362649,8.599563695884722e-05,0.0002949642328604799,1.2909767395637716e-09,0.01180773153284107,5.012702881300257e-10,9.223596051792575e-05,6.498637586535424e-05,4.017100665530403e-05,2.856302264298563e-07,5.580507056688338e-09,0.009596716764402364,0.005044514267983682,0.011839721454660002,0.00878603253130372,1.9682800003471426e-08,9.603804610223452e-11,0.012729918505637195,0.004415146459825666,2.2189675109827664e-05,1.3774549249417131e-06,9.927568817847711e-06,0.03745494866750693,3.308010978879919e-05,1.7264845046260495e-11,1.0085333340019155e-09,0.014734256911051248
5.8276680305220803e-05,0.5276900974449761,3.76,0.0,1.5883306007338687e-05,0.4515011817945375,0.45652357681447603,0.058104311516291425,0.001036522703442538,0.007251164203112792,0.3310524610110787,4.642482187565212e-11,0.27584274316668267,1.0158623320116397e-06,0.00012721674903720104,0.584818889563172,0.0008524204183562603,3.1334420287110346e-05,7.131044303984986e-06,0.0027444821542452202,0.04074445034732191,9.153038588591341e-06,2.4853931249545926e-05,0.00547890348454953,0.0454410214403134,0.00043509414894288864,8.552731728905031e-05,0.0002919920974820925,1.2738104434969096e-09,0.011584044259464733,4.939344732631565e-10,9.12910573971045e-05,6.458353579611127e-05,3.973436573011934e-05,2.818694399045641e-07,5.494433186076904e-09,0.0095345154951689,0.005000757902244075,0.01185219725043748,0.008740517790516523,1.9313857319118165e-08,9.52075130537734e-11,0.012583460802759013,0.004433099265914919,2.229017994679883e-05,1.3719525361888019e-06,1.0012407368840021e-05,0.03755025760019268,3.3433111577221336e-05,1.712081368584669e-11,9.95178525941115e-10,0.01490020441581776
5.8694209806115885e-05,0.5278000589541029,3.76,0.0,1.5711120681504804e-05,0.4495110805869171,0.45838446552787876,0.05802648591088493,0.001044105130715738,0.007125555837518729,0.331859236439618,4.607773870514418e-11,0.27547938977350367,1.013775931040467e-06,0.00012726111904547423,0.5869028315124444,0.0008481771857806531,3.1068361798566334e-05,7.06859564421953e-06,0.002767341024347982,0.0400619505606546,9.072902830791749e-06,2.4776376750608292e-05,0.005447815712174139,0.04544377539745135,0.0004367237303667563,8.505919602827753e-05,0.00028904095292516614,1.2568088402265711e-09,0.011363384165961943,4.866858142856685e-10,9.035269185624325e-05,6.418155033229142e-05,3.9301095263736314e-05,2.781515099711857e-07,5.409440708092718e-09,0.009471972822337433,0.004957073867465064,0.011864348770219899,0.008695233734240146,1.8949924141506267e-08,9.437982571992652e-11,0.012437048253691784,0.004451278471733207,2.2391505269162823e-05,1.3664414596184034e-06,1.009843705774361e-05,0.037643857142001344,3.3789946644893514e-05,1.69790053028738e-11,9.819748824718672e-10,0.015067653693342483
5.9111739307010966e-05,0.5279091081272137,3.76,0.0,1.5538895825920025e-05,0.4475241227280498,0.46024635857321405,0.05794309875272427,0.0010518037642957962,0.007001383281800576,0.3326609821120927,4.573847830608084e-11,0.2751146790576421,1.0117682393220973e-06,0.00012730746043329547,0.5889731707878074,0.0008439580994452183,3.0804811627438426e-05,7.006405898661849e-06,0.002790536783315522,0.039387126727626384,8.993099744241438e-06,2.470032766886741e-05,0.005416670289711851,0.045444946423172004,0.0004383887069935424,8.459124753528307e-05,0.00028611052057453217,1.2399698948077763e-09,0.011145737802890845,4.795230732406367e-10,8.942079169191197e-05,6.378039569847926e-05,3.887115536458865e-05,2.7447585460434345e-07,5.325514408931002e-09,0.00940908844180382,0.004913461702456086,0.01187617185935455,0.008650172317837214,1.8590978452763556e-08,9.355495237857724e-11,0.012290701327152619,0.0044696857167974054,2.2493670585537592e-05,1.3609211199358903e-06,1.0185681476535045e-05,0.03773576382369366,3.41507031233227e-05,1.683940623754234e-11,9.689203703841478e-10,0.01523662610200034
5.952926880790605e-05,0.5280172484820853,3.76,0.0,1.536663111079433e-05,0.44554021717487335,0.4621093258284698,0.057854169851598115,0.001059621236481967,0.006878636716469151,0.3334577195186704,4.540707148509854e-11,0.2747485761745563,1.0098406183719243e-06,0.0001273557685713275,0.5910299884288007,0.0008397626680381493,3.054372548790414e-05,6.944470942042449e-06,0.0028140763168547417,0.038719917981819785,8.91362402750844e-06,2.4625793559062533e-05,0.005385467182311244,0.04544453731107921,0.00044008979115244223,8.412344486571208e-05,0.00028320052679973415,1.2232915773368875e-09,0.010931091185226194,4.72445038860319e-10,8.849528543620947e-05,6.338004596125057e-05,3.844450675213467e-05,2.7084190560116346e-07,5.242639459051907e-09,0.009345862064029152,0.004869921001625921,0.011887662201005534,0.008605325455692462,1.8236997349420214e-08,9.273286540327647e-11,0.012144440276275323,0.0044883226681091725,2.2596694768714238e-05,1.3553909320385687e-06,1.0274165053946981e-05,0.037825994081203324,3.451547218762424e-05,1.6702004584291787e-11,9.560131707073198e-10,0.015407143497226723
5.994679830880113e-05,0.5281244834619147,3.76,0.0,1.5194327734130565e-05,0.44355927230980646,0.4639734381646116,0.05775971903541856,0.0010675602311725136,0.006757306421102028,0.3342494697332208,4.508355420110947e-11,0.2743810452738696,1.0079945373833075e-06,0.00012740603900272465,0.5930733650115547,0.0008355904050804123,3.0285059843871184e-05,6.882787000781375e-06,0.0028379667226581732,0.03806026419677202,8.834470828812965e-06,2.455278567588526e-05,0.005354206339254926,0.04544255072879956,0.0004418277060202638,8.365577456341415e-05,0.0002803106987146581,1.2067719581663747e-09,0.010719429811833724,4.654505199781623e-10,8.757610355773102e-05,6.298048210101015e-05,3.802110959460772e-05,2.672491129772048e-07,5.160801226631606e-09,0.009282293416124833,0.004826451414940686,0.01189881531960209,0.008560685020193904,1.7887957077262455e-08,9.191354435349982e-11,0.011998285140056445,0.004507191023410318,2.270059658089826e-05,1.3498502998939135e-06,1.0363912909729557e-05,0.03791456425517793,3.488434756111037e-05,1.6566787667275683e-11,9.432513936663823e-10,0.015579228244439526
6.0322574859606704e-05,0.528220223634788,3.76,0.0,1.5039223777562513e-05,0.44177887709081265,0.46565217769682904,0.05767000846316654,0.0010748115093928766,0.006649312111677519,0.33495779794747327,4.479916520150247e-11,0.2740490160767189,1.0064040225189534e-06,0.00012745295505577317,0.5949009780614964,0.0008318547791668374,3.0054294897190367e-05,6.827483437756997e-06,0.002859774082811149,0.037472986194081015,8.76350531676571e-06,2.4488393317550512e-05,0.005326022160524066,0.045439416174207464,0.000443423970467023,8.323497437371059e-05,0.00027772687422370434,1.1920384405475787e-09,0.010531474541453615,4.592258861844566e-10,8.675419132901387e-05,6.262153477411148e-05,3.764280020019531e-05,2.640503354804099e-07,5.0880211403323265e-09,0.009224788780708457,0.004787389343413985,0.011908560971951884,0.008520678372817758,1.7578024915256374e-08,9.11784957302243e-11,0.011866852469471445,0.004524371822319547,2.279487650248107e-05,1.3448543016008025e-06,1.0445788065713758e-05,0.03799287146921872,3.52199250851129e-05,1.6446947548390855e-11,9.318882380079714e-10,0.015735463508933442
6.061683284366227e-05,0.5282946860368853,3.76,0.0,1.4917748490415172e-05,0.4403862876732109,0.4669674647140925,0.057596657161033106,0.0010805613859478994,0.006565536335961513,0.3355096670173233,4.458097019182226e-11,0.2737881689872911,1.005206195082811e-06,0.0001274907975011386,0.5963246026294435,0.000828942138861902,2.9874915256805335e-05,6.7843152232109996e-06,0.0028770567449083345,0.03701731946296224,8.708112108991629e-06,2.4438844507604258e-05,0.005303919355564651,0.045436072164134964,0.0004446956101058729,8.290551219299087e-05,0.00027571470272288003,1.1805888948323308e-09,0.010385965379770124,4.5439761269091056e-10,8.611408583377665e-05,6.234087928888248e-05,3.734835929509578e-05,2.6156818648523025e-07,5.031601019241307e-09,0.009179565029245329,0.00475684107507087,0.011915996880154519,0.00848945875353501,1.733809552944796e-08,9.060443548380624e-11,0.011764012353046508,0.00453795819066482,2.2869222760790443e-05,1.3409355653720149e-06,1.0510643685883718e-05,0.03805326927911262,3.548512722921277e-05,1.635432750967662e-11,9.230703482271252e-10,0.01585871637947087
6.091109082771784e-05,0.5283687030384644,3.76,0.0,1.4796258689520497e-05,0.43899504875217776,0.46828341451573935,0.05752058887232523,0.0010863753215048216,0.006482451654450508,0.3360590852943332,4.43667445657192e-11,0.27352656387832697,1.0040508174044113e-06,0.0001275296089028421,0.5977416544021013,0.0008260403858526298,2.9696683166791287e-05,6.741266978729226e-06,0.0028945233460538973,0.03656532912765113,8.652873041487981e-06,2.4390068539696175e-05,0.005281787778980697,0.045431947811585126,0.0004459865752601406,8.257608529634885e-05,0.00027371221472525316,1.1692157869047413e-09,0.010241918979879106,4.496093368249774e-10,8.547703450762119e-05,6.206058546851849e-05,3.7055485994000153e-05,2.5910577851676705e-07,4.975677604944633e-09,0.009134170970042049,0.004726327793762067,0.011923259102246694,0.008458331060174658,1.710058749240408e-08,9.003171293398257e-11,0.011661250301640209,0.004551661763146685,2.2944032147051523e-05,1.337010846905415e-06,1.0576161441173738e-05,0.03811286346516194,3.575249626071769e-05,1.6262777482584828e-11,9.143222854460714e-10,0.015982777897063035
6.12053488117734e-05,0.528442275757132,3.76,0.0,1.4674756322596793e-05,0.43760512744433433,0.46960005318230347,0.05744181054045318,0.0010922543614915868,0.0064000547816655,0.3366060596520119,4.4156505097250194e-11,0.27326418693865095,1.0029384757565231e-06,0.00012756938812305115,0.599152161029166,0.0008231493544293634,2.9519584218140187e-05,6.698337617742825e-06,0.0029121766528311848,0.03611699502805704,8.597786716563333e-06,2.434207026683456e-05,0.005259627394235715,0.04542704389683044,0.00044729714781159265,8.224668976772038e-05,0.00027171931945830434,1.157918459718849e-09,0.010099329660909404,4.448606672697213e-10,8.484301431401964e-05,6.178064699213044e-05,3.676416695803282e-05,2.566629321427912e-07,4.9202460591509786e-09,0.009088606534558378,0.004695849436827387,0.011930345856220192,0.008427292401922021,1.6865491497835578e-08,8.946032099791996e-11,0.011558573089573042,0.004565483173827477,2.3019311626361063e-05,1.3330799238060756e-06,1.0642351091434899e-05,0.038171659628813394,3.602206850986915e-05,1.6172292983376474e-11,9.056433699145039e-10,0.016107656550828367
6.149960679582897e-05,0.528515405291061,3.76,0.0,1.4553243612376887e-05,0.4362164906825132,0.4709174070724497,0.057360329108065815,0.0010981995664417475,0.006318342454672255,0.3371505968590923,4.395026905895038e-11,0.2730010241031201,1.001869771013394e-06,0.0001276101330863251,0.6005561500483202,0.0008202688801541732,2.9343604172397228e-05,6.655526107060105e-06,0.0029300194706286735,0.035672297180352835,8.542851810246588e-06,2.4294854852518198e-05,0.005237438159566269,0.045421361170398286,0.00044862763341275145,8.191732440261275e-05,0.00026973592617870535,1.146696265933913e-09,0.009958191613795993,4.4015121819821294e-10,8.42120029757657e-05,6.150106098991011e-05,3.647438874868954e-05,2.542394664653332e-07,4.865301575409868e-09,0.009042871659432478,0.004665405954129907,0.011937255317682718,0.00839633987794959,1.6632798036649573e-08,8.889025032759053e-11,0.01145598744297307,0.004579423066389197,2.309506934079292e-05,1.3291425717647025e-06,1.0709222516583491e-05,0.038229663347266185,3.629388070328515e-05,1.6082869237853516e-11,8.970328427313022e-10,0.0162333609703104
6.179386477988454e-05,0.528588092722064,3.76,0.0,1.4431723032341804e-05,0.4348291052002597,0.4722355028120434,0.05727615151483178,0.0011042120395812446,0.006237311434149332,0.33769270358072473,4.3748052879638356e-11,0.27273706104299134,1.0008452754961667e-06,0.0001276518420549473,0.6019536488797127,0.0008173987989728178,2.916872893562793e-05,6.612831209307043e-06,0.0029480546628462933,0.03523121578240787,8.488066730054873e-06,2.424842667083159e-05,0.005215220027793023,0.04541490035180984,0.00044997835449161404,8.15879793162514e-05,0.0002677619517378309,1.1355486972537009e-09,0.00981849891242112,4.354806077078006e-10,8.358397808553638e-05,6.1221820387489e-05,3.618613989718979e-05,2.5183520100424535e-07,4.8108394863261264e-09,0.008996966287005704,0.004634997305815734,0.011943985611020646,0.008365470579896039,1.6402497411713155e-08,8.832148914622296e-11,0.011353500044434429,0.004593482092495817,2.3171313825963608e-05,1.3251985635804198e-06,1.0776785844326876e-05,0.03828688017266739,3.656797047624152e-05,1.599450304066718e-11,8.884901150307818e-10,0.01635989993045171
6.205869696553456e-05,0.5286531342909561,3.76,0.0,1.4322350003101255e-05,0.43358150045349964,0.47342244549877194,0.057198092194146226,0.001109681717302794,0.0061649633730681466,0.3381785269960604,4.356951052982273e-11,0.2724987980261799,9.999615227927495e-07,0.00012769020405915758,0.6032058712874286,0.0008148244766865393,2.901227429771808e-05,6.574504486206962e-06,0.0029644532525311736,0.03483731835665314,8.438886946818829e-06,2.4207318248188525e-05,0.005195198961746418,0.045408420914914004,0.00045121156210811263,8.129157767061538e-05,0.00026599336132572397,1.1255791514796784e-09,0.009694006267460597,4.313099614645589e-10,8.302129072379901e-05,6.09707912064612e-05,3.592801438768996e-05,2.496876329293144e-07,4.762232358841087e-09,0.008955505635709706,0.004607659281358995,0.011949888092325322,0.008337756959526623,1.6197264562256623e-08,8.781071787791195e-11,0.01126135087560444,0.004606237621277542,2.3240356307475713e-05,1.3216430734120034e-06,1.0838193042212253e-05,0.038337707090183276,3.681663064700619e-05,1.5915875730858847e-11,8.808592442175507e-10,0.016474505900008023
6.232352915118457e-05,0.528717819380269,3.76,0.0,1.421297488493665e-05,0.43233485759783996,0.4746100307188397,0.05711785964873502,0.0011152076360989088,0.006093162232761946,0.3386623917629049,4.3394254389372744e-11,0.27225986414863507,9.991145407651474e-07,0.0001277293461582655,0.6044528785888393,0.0008122583214898923,2.8856693179998078e-05,6.536270495803741e-06,0.002981012256330838,0.03444632014409874,8.389826305604483e-06,2.416685539218536e-05,0.005175154410528148,0.045401312258565564,0.0004524616370500821,8.099518199080743e-05,0.00026423227293272285,1.115669048255267e-09,0.009570674994290946,4.2717021287251407e-10,8.246098854393076e-05,6.0720029318366306e-05,3.56711095964264e-05,2.4755534970311087e-07,4.714009108831003e-09,0.008913906812229639,0.004580349435332246,0.011955642444167195,0.00831010625731031,1.5993954583251988e-08,8.730099792810578e-11,0.011169291474080934,0.004619090672910914,2.3309804537617774e-05,1.3180818322433048e-06,1.090017690300651e-05,0.038387905112422994,3.706719590702091e-05,1.5838100317014364e-11,8.73282452855096e-10,0.01658980168716756
6.258836133683459e-05,0.5287821487407913,3.76,0.0,1.4103599922965936e-05,0.43108915195254277,0.475798278508572,0.057035458923699496,0.001120790642446276,0.006021905696224649,0.3391443025392736,4.3222299221675605e-11,0.27202024838704786,9.983048074578749e-07,0.0001277692670195091,0.6056946905338825,0.0008097002152639253,2.8701975606051588e-05,6.4981285361270675e-06,0.0029977339087034808,0.03405820704961142,8.340883903897047e-06,2.4127042225970016e-05,0.00515508632929252,0.04539357484022437,0.00045372882044221555,8.069878984468391e-05,0.0002624786247623386,1.1058180265768807e-09,0.009448500547459123,4.230610925106451e-10,8.190305594298179e-05,6.0469531759432514e-05,3.5415416403342057e-05,2.4543822706798046e-07,4.6661663860513265e-09,0.008872169792323435,0.004553067761108779,0.011961247194470132,0.008282516334885647,1.5792560034064188e-08,8.679232190428289e-11,0.01107732662001565,0.0046320417435757105,2.337966457738687e-05,1.3145146673409526e-06,1.0962745299794807e-05,0.038437478234088905,3.731969548175294e-05,1.5761173537934055e-11,8.657592114704981e-10,0.016705794006378547
6.285319352248461e-05,0.5288461231113281,3.76,0.0,1.3994227494665711e-05,0.42984435868775855,0.4769872091025553,0.056950895059313514,0.001126431604821648,0.0059511914604895725,0.33962426391717837,4.3053659852638726e-11,0.2717799395375473,9.9753279370488e-07,0.00012780996540846145,0.6069313267942156,0.000807150040292343,2.8548111689846247e-05,6.460077854251947e-06,0.0030146204827183757,0.03367296508810356,8.292058772727385e-06,2.4087882693044046e-05,0.0051349946692040615,0.04538520909699852,0.00045501336672976834,8.040239626201312e-05,0.00026073235809291335,1.0960257122530496e-09,0.009327478309331828,4.189823344322975e-10,8.13474775291893e-05,6.021929479414598e-05,3.516092638648281e-05,2.433361404598705e-07,4.618700882524077e-09,0.008830294556750294,0.004525814258940392,0.011966700835772778,0.008254985048737049,1.5593073359350644e-08,8.628468218101588e-11,0.010985461066348219,0.0046450913360852825,2.344994294408366e-05,1.3109414035779473e-06,1.1025906251873651e-05,0.038486430433034985,3.7574159119989025e-05,1.5685092931739496e-11,8.582890638238705e-10,0.016822489675662605
6.311802570813462e-05,0.5289097432184641,3.76,0.0,1.3884860105492813e-05,0.4286004528244071,0.47817684293455653,0.05686417308924063,0.0011321314196633145,0.0058810172369551175,0.34010228042407564,4.2888352453669396e-11,0.27153892620745806,9.967989766110204e-07,0.00012785144097564685,0.6081628069633538,0.000804607678734674,2.8395091621870425e-05,6.422117610531454e-06,0.003031674304158551,0.03329058038517876,8.243349832869572e-06,2.4049380624687482e-05,0.005114879378684913,0.04537621544422522,0.00045631553086756464,8.010599419922905e-05,0.00025899341646301794,1.0862916015330983e-09,0.009207603593244063,4.1493368303747415e-10,8.079423777999056e-05,5.99693122243207e-05,3.490763190448189e-05,2.412489670731191e-07,4.5716094841047145e-09,0.00878828109206449,0.0044985889351751625,0.01197200182311773,0.00822751025026064,1.5395486888913614e-08,8.577807387365376e-11,0.010893699539477983,0.004658239959655717,2.352064590133445e-05,1.3073618625508604e-06,1.1089667984262891e-05,0.03853476566996221,3.783061730643567e-05,1.5609857526618957e-11,8.508717167797597e-10,0.016939895618507537
6.338285789378464e-05,0.5289730097775914,3.76,0.0,1.3775500372275972e-05,0.4273574092330562,0.4793672006520111,0.056775298039840515,0.0011378909990875184,0.0058113807500157506,0.34057835652737084,4.272639454042926e-11,0.2712971968093647,9.961038723571001e-07,0.0001278936935334066,0.6093891505565981,0.0008020730131760199,2.824290567972231e-05,6.384247036655426e-06,0.0030488977584751187,0.032911039165674325,8.194756097173667e-06,2.401154033805545e-05,0.005094740403362732,0.045366594275386175,0.00045763555997925314,7.980957997921981e-05,0.0002572617422419231,1.0766152743738877e-09,0.009088871650243687,4.1091489191986195e-10,8.024332142598713e-05,5.971957843387402e-05,3.4655524899735106e-05,2.3917658802424797e-07,4.52488920940511e-09,0.008746129391554116,0.0044713918029149514,0.01197714857401402,0.00820008978558675,1.51997928460555e-08,8.527249206391999e-11,0.01080204673887718,0.004671488130839762,2.359177915451841e-05,1.3037758635243815e-06,1.1154038924480028e-05,0.03858248788823293,3.8089101271869946e-05,1.5535465459098176e-11,8.435068002445336e-10,0.01705801886633757
6.364769007943466e-05,0.5290359234876534,3.76,0.0,1.3666151035062996e-05,0.4261152026077906,0.4805583031481802,0.056684274928179804,0.0011437112642097948,0.005742279738699261,0.3410524966239409,4.2567803346993937e-11,0.2710547395464457,9.95448008406554e-07,0.00012793672196367937,0.610610377000223,0.0007995459266452371,2.809154422662535e-05,6.3464656373783e-06,0.00306629327692645,0.032534327768791615,8.146276925575097e-06,2.3974366679884523e-05,0.005074577683118493,0.04535634595993766,0.0004589737174389887,7.95131518356179e-05,0.0002555372763293747,1.0669964505020557e-09,0.008971277656494248,4.069256976624656e-10,7.969471356510362e-05,5.9470090985201854e-05,3.4404596521285084e-05,2.3711888448165284e-07,4.478536771531911e-09,0.008703839455264725,0.004444222882672119,0.011982139467296829,0.00817272149396398,1.5005983336733776e-08,8.4767930849232e-11,0.010710507334685815,0.004684836375156753,2.3663349132184128e-05,1.3001832229323664e-06,1.1219027611998338e-05,0.03862960101227162,3.834964268421776e-05,1.5461912952637234e-11,8.361937215345955e-10,0.01717686657353192
