grid,velocity,T,density,Y_N2,Y_Ne,Y_2-BTP(1),Y_OH(2),Y_CH4(3),Y_O2(4),Y_H2O(5),Y_C(6),Y_CH(7),Y_H(8),Y_O(9),Y_H2(10),Y_Ar(11),Y_He(12),Y_HO2(13),Y_H2O2(14),Y_CO(15),Y_CO2(16),Y_HCO(17),Y_CH2(T)(18),Y_CH3(19),Y_CH2O(20),Y_HCCO(21),Y_C2H(22),Y_C2H2(23),Y_H2CC(24),Y_CH2(S)(25),Y_CH3OH(26),Y_CH3O(27),Y_CH2CO(28),Y_C2H3(29),Y_C2H4(30),Y_C2H6(31),Y_C2H5(32),Y_CH2OH(33),Y_CH3CO(34),Y_CH2CHO(35),Y_CH3CHO(36),Y_F(37),Y_HF(38),Y_CH2F2(41),Y_CHF3(42),Y_CF2(43),Y_CF3(45),Y_CF3O(48),Y_CF2O(49),Y_CH2CF2(57),Y_CHF2(82),Y_CF3CCH(84),Y_BR(90),Y_HBR(92),Y_CF2BR(96),Y_S(125),Y_S(127),Y_S(129),Y_S(130),Y_S(132),Y_S(136),Y_S(137),Y_S(140),Y_S(143),Y_S(144),Y_BrO2(145),Y_O2(157),Y_S(160),Y_S(161),Y_S(162),Y_S(164),Y_S(172),Y_S(186),Y_S(200),Y_C2H2O(215),Y_CHO2(230),Y_CH2O2(233),Y_S(257),Y_S(273),Y_C3H2O(285),Y_CBr(425),Y_S(427),Y_CH3O2(428),Y_S(495),Y_S(559),Y_C3HF3(637),Y_S(641),Y_S(651),Y_S(724),Y_S(730),Y_S(746),Y_S(774),Y_S(787),Y_S(788),Y_S(814),Y_CF3O2(820),Y_CF2O2(848),Y_S(965),Y_CH2Br(969),Y_S(985),Y_S(1324),Y_S(1329),Y_S(1331),Y_S(1362),Y_S(1508),Y_S(1538),Y_S(1620),Y_S(1732),Y_S(1838),Y_S(1853),Y_S(1900),Y_S(1914),Y_S(1931),Y_S(1993),Y_S(2391),Y_S(2407),Y_S(2432),Y_S(2612),Y_S(2617),Y_FCBr(2948),Y_S(2951),Y_S(3152),Y_S(3215),Y_S(3312),Y_S(3734),Y_S(3918),Y_S(4420),Y_S(4577),Y_S(4579),Y_C#CC(5272),Y_S(5883),Y_S(5927),Y_S(5929),Y_S(5991),Y_S(6009),Y_S(6010),Y_S(6180),Y_S(6375),Y_C3H3(6822),Y_C3H4(6823),Y_S(7035),Y_S(7352),Y_S(7874),Y_S(8847),Y_S(9069),Y_S(9115),Y_S(9794),Y_S(10637)
0.0,0.05456684009826086,298.0,1.2912478874360411,0.6172421632594739,7.842854701936304e-17,0.14824626529066626,0.0,0.047005448776383935,0.1875061212588809,3.328530027407865e-14,2.2373970664435198e-15,2.3802251213650805e-15,1.0639820919052788e-15,0.0,1.4144424080803929e-09,0.0,0.0,3.3113924141297503e-15,0.0,1.6407604800438476e-14,1.2305295030375097e-16,0.0,0.0,0.0,0.0,0.0,0.0,0.0,0.0,0.0,0.0,1.652629784204657e-27,0.0,0.0,1.351638464681944e-16,3.5284762149946393e-15,5.453856306239556e-15,0.0,0.0,0.0,0.0,8.944210787017819e-15,1.1965063444726393e-14,2.6325572891946615e-16,8.89479613439192e-16,0.0,0.0,0.0,2.5885236478960506e-17,6.834832631111934e-15,1.284910152140242e-15,2.597461029546379e-16,3.4117951828848444e-17,0.0,0.0,3.19305055167713e-17,9.19285379423963e-29,0.0,4.80979879893336e-21,0.0,4.183981883657865e-31,3.085139543035096e-32,3.867035447295749e-15,6.719961633555582e-22,2.643097681982302e-16,7.516461908697425e-23,0.0,4.2929726940134155e-30,2.126385602282284e-15,0.0,0.0,3.989941588055368e-20,0.0,0.0,0.0,0.0,3.775927203815145e-27,1.0456245644756936e-16,5.059009894625532e-17,0.0,0.0,2.6242798202039123e-16,9.330171356807523e-16,0.0,0.0,0.0,4.700349841014165e-15,1.8474070859545556e-28,0.0,0.0,0.0,0.0,0.0,0.0,0.0,0.0,0.0,1.065808461524161e-16,5.878473651754337e-16,0.0,0.0,5.059856380169211e-16,0.0,0.0,0.0,4.212658031783184e-18,3.5086060038819364e-28,0.0,1.2288883544251792e-15,1.7939113859982585e-18,0.0,1.145819509978203e-49,1.4752562603888624e-17,8.292391932983204e-15,2.23611039321399e-17,0.0,1.857799952438868e-15,0.0,0.0,0.0,5.976520173462658e-18,8.929872463810375e-34,8.86064485025066e-15,0.0,8.86238758919385e-15,0.0,0.0,1.4213342513371563e-15,0.0,0.0,0.0,0.0,1.3242143222581055e-17,6.249494055083162e-15,4.730857497634301e-19,1.6208579691951644e-23,2.349716936453858e-19,0.0,4.132784534806176e-15,0.0,0.0,1.7937385381764156e-25,0.0,7.159650026802106e-17,0.0,0.0,1.4018651479940902e-23,0.0
0.016,0.054566853203240694,298.00000003176166,1.2912475773246297,0.617242144673209,7.841891157870625e-17,0.14824627064261442,4.886892180440184e-18,0.04700544751902076,0.18750611883303012,2.3027461572906583e-12,4.2915470054395387e-23,3.931250137897527e-23,1.2578451304769384e-22,0.0,1.8327983100394496e-08,0.0,0.0,1.508246097399947e-13,0.0,7.463086953620725e-13,7.376111349184282e-15,0.0,0.0,1.7535888379470283e-19,0.0,0.0,0.0,3.3185674261369326e-15,5.712733482282017e-27,0.0,0.0,1.024278814430946e-25,0.0,0.0,8.135828442642216e-15,3.535446732276647e-15,4.386174473836795e-21,0.0,0.0,0.0,0.0,1.3613316803228373e-22,4.067431919017298e-13,2.720387556998297e-16,9.604504500541296e-16,0.0,0.0,0.0,1.174707625566633e-17,6.9218936018854985e-15,2.148040858546634e-22,2.361498760252313e-14,3.2691009093336193e-15,0.0,0.0,3.1947573541046486e-17,8.446350277377846e-27,0.0,3.2883690555431094e-19,0.0,8.322748235332966e-29,6.2094343089160655e-30,1.5755306884285079e-21,1.0239341433652544e-19,3.97396809488168e-14,8.769592752010074e-21,5.521179233585539e-18,6.913864448600147e-28,3.1250059507203023e-13,0.0,0.0,2.8475643646784528e-19,7.174380249455426e-26,0.0,0.0,0.0,4.213880027950889e-25,7.64646565418895e-15,7.476562006604333e-15,0.0,0.0,5.359398517287632e-23,6.344826850415404e-14,0.0,0.0,0.0,7.312482140766537e-18,2.303933273192419e-26,0.0,1.1428240067003343e-35,0.0,0.0,0.0,0.0,0.0,0.0,0.0,6.326637121174542e-23,4.833542446616643e-22,0.0,0.0,9.832248640037563e-17,0.0,0.0,0.0,4.217340375541684e-18,5.277109675787356e-26,0.0,1.2251499611568888e-15,3.1500168214020585e-16,0.0,1.5134811637838117e-47,0.0,8.292244930959968e-15,2.1236940596472704e-15,0.0,1.8578041755225016e-15,0.0,0.0,0.0,7.959579660690944e-16,1.105497432253408e-31,8.860644427323518e-15,0.0,8.862394059314886e-15,0.0,0.0,1.4213569912442646e-15,0.0,0.0,0.0,0.0,1.3242054496275672e-17,6.24949630281259e-15,8.394705319996694e-17,2.9078587979566064e-21,4.155864641158868e-17,0.0,9.10626395969455e-20,0.0,0.0,1.6070019513708017e-26,0.0,7.629032658249886e-15,0.0,0.0,1.4948156977828038e-21,0.0
0.032,0.05456702318347577,298.00000137108685,1.2912435549892443,0.6172419038825938,7.841887276140854e-17,0.1482463399946014,7.001420936683073e-18,0.04700543113235517,0.18750608734383806,1.0279542250472806e-10,8.284881429746697e-31,6.549037694572212e-31,7.69311200043247e-24,0.0,2.3748978034468975e-07,0.0,0.0,1.7557639641949173e-13,0.0,3.3916983930386556e-11,7.837204683784775e-13,0.0,0.0,2.4399184689228355e-19,0.0,0.0,1.3879409222571225e-43,3.2071179488420283e-13,7.371331692061544e-33,6.023059160309888e-37,0.0,3.182024717549808e-27,0.0,0.0,6.914073077438097e-14,3.971527812409742e-15,3.555034471284723e-27,0.0,0.0,0.0,0.0,2.222690618263929e-23,1.766973458383069e-11,8.809016485258087e-16,6.140131238283546e-15,0.0,0.0,0.0,4.739080555738443e-16,1.3631674180968995e-14,3.588593895541349e-29,4.9296268264117427e-14,7.794890321206974e-15,0.0,0.0,3.275604190346607e-17,5.192474890440115e-28,0.0,4.600906367789749e-19,6.130379039218554e-46,8.322731945507868e-29,6.209422186026614e-30,5.207461316759194e-23,2.4414764356903105e-19,9.475597874479087e-14,2.0910271108177622e-20,5.5211792590736284e-18,6.913913387502666e-28,7.083203337413578e-13,0.0,2.9293071224717047e-40,5.303696135488577e-19,2.263000533640573e-29,0.0,0.0,0.0,4.215008861020012e-25,7.648103060290989e-15,7.654508517423501e-15,0.0,0.0,1.577504908411659e-24,1.5186299469885892e-13,0.0,0.0,1.5542654706714024e-27,1.1384460074812313e-20,5.4084411758943875e-27,0.0,2.494711442913959e-39,0.0,0.0,0.0,0.0,0.0,0.0,0.0,3.059746315993639e-25,0.0,0.0,0.0,9.808070595210537e-17,0.0,0.0,0.0,4.222162647423163e-18,5.295337836798524e-26,0.0,1.225156543694727e-15,3.236781027969629e-16,0.0,2.79226548532533e-55,0.0,8.292247944166919e-15,2.1237000448862283e-15,0.0,1.8578054398107777e-15,0.0,0.0,0.0,7.959587209736101e-16,1.1055145956434089e-31,8.860650206000348e-15,0.0,8.862398803603422e-15,0.0,0.0,1.4379093933912225e-15,0.0,0.0,0.0,0.0,1.3242211755932433e-17,6.2495171692354174e-15,8.289404399001152e-17,1.5793225780420825e-21,4.26131052651375e-17,0.0,1.4943488413401135e-21,5.16291372092499e-39,0.0,8.72798347104823e-27,0.0,7.629175761703234e-15,0.0,0.0,1.3801572978844208e-21,0.0
0.04,0.05456787334778578,298.0000242065696,1.2912234374686808,0.6172407043269234,7.841880391654565e-17,0.14824668565434443,7.200835841298538e-18,0.04700534803185158,0.18750592940357128,1.8028417963450124e-09,3.3226825374488713e-38,2.2765051390463975e-38,1.3358439407565646e-23,0.0,1.3298374900173686e-06,0.0,0.0,1.8060747971860612e-13,0.0,6.0407605415455e-10,1.8477999633431383e-11,0.0,2.471074223023343e-37,2.5661628730248955e-19,0.0,0.0,3.168775907929432e-42,7.061889621434271e-12,1.1953240145514618e-39,2.115331222642425e-36,0.0,7.803691384571303e-27,0.0,6.593787671160082e-32,1.4176641824590083e-12,1.4493918730196893e-14,7.859466585202866e-30,0.0,0.0,0.0,0.0,3.852368437629192e-23,3.098998134019715e-10,1.6788121716053983e-14,1.4854118127729784e-13,6.101768562667076e-15,0.0,0.0,1.7280256599255758e-14,2.081769540175032e-13,8.991730342597744e-32,6.273498677874265e-14,1.0151341148743679e-14,7.097600810064092e-14,0.0,6.430357266625854e-17,8.997281559445823e-28,5.803137455903629e-40,4.741898630915806e-19,6.341588455279363e-47,8.32267261655416e-29,6.2093784422724006e-30,8.32158326717273e-23,3.179508214866235e-19,1.2339972095609014e-13,2.7231141718186425e-20,5.521190712717296e-18,6.913836971042591e-28,9.13606702304981e-13,0.0,2.897653052030449e-40,6.531762318520373e-19,2.2575415105343287e-29,0.0,0.0,1.0288621831889587e-33,4.215026552755654e-25,7.694460560767304e-15,7.89194140117644e-15,0.0,0.0,1.6559887732672103e-24,2.0740872566096037e-13,2.6225200193204805e-26,0.0,3.1074110277709927e-32,3.575925658513775e-23,0.0,0.0,2.3254984014692906e-39,0.0,0.0,0.0,0.0,0.0,0.0,4.406450990888917e-37,3.0567898544286883e-25,0.0,0.0,0.0,9.801749636688951e-17,0.0,0.0,0.0,4.2395074629401496e-18,5.323666027400341e-26,0.0,1.2254585345635095e-15,3.283907738507618e-16,0.0,0.0,0.0,8.292262713116439e-15,2.1238800784937053e-15,0.0,1.857825687816293e-15,0.0,0.0,0.0,7.961091525755648e-16,1.1058696881232788e-31,8.860749038987845e-15,0.0,8.862423074378956e-15,0.0,0.0,2.0367051119348135e-15,0.0,0.0,0.0,0.0,1.3249123658902813e-17,6.250313465580398e-15,8.286834091163707e-17,1.1150446935952978e-21,4.26396290523043e-17,0.0,1.4926478591364744e-21,0.0,0.0,6.162199299962855e-27,0.0,7.630132815853805e-15,0.0,0.0,1.3803304439645149e-21,0.0
0.044,0.054570229823469825,298.00022461067954,1.2911676792493636,0.6172374187362579,7.8418620281581e-17,0.1482476335951286,9.242900453299166e-18,0.047005109295711715,0.18750548768664382,1.6613129267401544e-08,7.51271794080136e-42,1.648521316641972e-45,4.932646211956392e-22,0.0,4.3252387790658075e-06,0.0,0.0,2.3194124907119884e-13,0.0,5.646845688618824e-09,2.2454736163478394e-10,0.0,1.9936461980159082e-35,8.291423069777963e-19,0.0,0.0,4.638425196289516e-41,8.033716335399185e-11,1.252759226448503e-45,7.835331258669662e-36,0.0,2.9816271051373643e-26,1.8986392098556207e-14,9.15177472440542e-31,1.6659741883475526e-11,1.4312772816234899e-13,1.2076362408776307e-29,0.0,0.0,1.0102451151589112e-30,0.0,1.4273860325979213e-21,2.856460258735638e-09,2.2856542217198933e-13,2.1416367453396445e-12,1.8597149392631094e-13,0.0,0.0,3.1188340069323463e-13,3.077211658521612e-12,3.0721697785396713e-31,7.307848241398203e-14,1.1938833547716574e-14,1.317843082863238e-12,1.4126590195111867e-14,6.877376206387092e-16,3.312478356889218e-26,0.0,6.966072847933942e-19,8.605014152579593e-45,8.322696340006497e-29,6.20940070872464e-30,2.6980026656366953e-21,3.7392185028108273e-19,1.4512126248554765e-13,3.2024649893044204e-20,5.5213190385634885e-18,6.9137506560441175e-28,1.0505710124269815e-12,0.0,2.9862785396445956e-40,7.145904983670746e-19,2.3537227432105727e-29,0.0,0.0,1.0625221615600572e-33,4.2151364069725305e-25,8.365307384643583e-15,1.063669755727059e-14,1.5190248143217722e-14,1.8499701935929393e-14,5.161738083265898e-24,3.4966860973447957e-13,3.7740107627771665e-25,0.0,9.418917922769192e-37,2.2629417012269955e-25,0.0,0.0,2.5747983927097362e-39,0.0,0.0,0.0,0.0,0.0,0.0,1.342973011921149e-35,3.056309082484709e-25,0.0,0.0,0.0,9.840316446046311e-17,0.0,0.0,0.0,4.6134083472975346e-18,5.382574585348979e-26,0.0,1.2333126881880571e-15,3.3575930466381537e-16,0.0,0.0,2.8870480662006493e-15,8.292303099312147e-15,2.1273378198989213e-15,0.0,1.8583151675073986e-15,0.0,0.0,3.688087307904804e-14,7.998212568724503e-16,1.1098322403790414e-31,8.862367905146643e-15,0.0,8.862505201988362e-15,0.0,0.0,1.3008158473212999e-14,8.305816981733872e-17,4.4898522469122243e-14,0.0,0.0,1.3419316032522637e-17,6.267561415173207e-15,8.286794881589482e-17,9.242044560751683e-22,4.2641296539434714e-17,0.0,1.4969559763735524e-21,0.0,0.0,5.107577325142323e-27,0.0,7.651435574887162e-15,1.816795628711579e-21,0.0,1.3842048656922655e-21,1.3499048340910468e-42
0.048,0.05457992690485777,298.0026355064381,1.290938280549944,0.6172243404292903,7.841782664878502e-17,0.14825141903709924,2.272133914090268e-17,0.04700404281968384,0.1875036223994724,1.9359563488287674e-07,4.652449183558341e-42,0.0,1.88374184347647e-24,0.0,1.6276555354521865e-05,0.0,0.0,5.708527630155095e-13,6.043213799752161e-14,6.680023862112151e-08,3.493348223721732e-09,0.0,9.344965816501332e-35,7.655960998823692e-19,2.1274905541713495e-14,3.5016877003858453e-31,1.6621617277418048e-39,1.166829114671537e-09,1.393418763290472e-44,3.727777833295728e-35,4.6681053475124956e-14,1.430662649198549e-25,3.9910980365248656e-13,2.6702879829315153e-29,2.514621094888125e-10,2.282627704294368e-12,1.491915728887593e-28,2.7712576921032952e-27,0.0,3.4448559551041703e-29,1.8830415282466097e-16,3.829980929200528e-30,3.329611536689662e-08,4.058697243891081e-12,4.0003396035980205e-11,2.8859781131314105e-12,0.0,0.0,7.290961829053489e-12,6.045192075546774e-11,1.0545752559131634e-29,9.773051587706866e-14,1.617534848086593e-14,2.997278377776513e-11,3.7938797657497587e-13,1.7323533632411692e-14,1.3522656167862253e-28,1.4944077791707322e-39,1.4881267384575856e-18,2.5133032439271505e-46,8.324971469792107e-29,6.2111530936408395e-30,2.4495995006690732e-23,5.065106368612218e-19,1.9656020801242728e-13,4.3380466086946416e-20,5.522964617547368e-18,6.914847414296774e-28,1.4020836557006183e-12,0.0,2.862589113326215e-40,7.764863372498323e-19,2.2566474890125828e-29,0.0,0.0,1.18705594998763e-33,4.216291922060478e-25,2.1535619597836197e-14,1.0659843287876578e-14,3.9053726360421473e-13,6.440983670616079e-13,4.775270879413354e-24,1.602328827914681e-12,7.433394338380345e-24,0.0,2.581295299024374e-41,1.460216026615553e-27,0.0,0.0,2.1597594616687063e-39,0.0,0.0,0.0,0.0,0.0,0.0,2.0841350989045278e-34,3.0575995579696407e-25,0.0,0.0,0.0,1.0977225264809036e-16,0.0,2.4802986840499643e-14,0.0,1.7025291224117236e-17,6.233382271142341e-26,0.0,1.5107977856131435e-15,3.4303344579385385e-16,2.0881858125439747e-14,0.0,9.33088653929459e-14,8.292464740533033e-15,2.219131720488927e-15,8.073546972084347e-15,1.878248870924124e-15,7.664209257680527e-32,3.5468157556601044e-29,1.1191314887024263e-12,9.230633301280754e-16,1.1713430417518204e-31,8.903778891272788e-15,0.0,8.863552201472575e-15,0.0,0.0,2.8471447099182855e-13,2.5865264669786557e-15,1.0461729274325234e-12,0.0,1.595371560360149e-16,1.9122193590447683e-17,6.778394322594766e-15,8.287432300797028e-17,7.668653565207753e-22,4.2644426764002906e-17,0.0,1.6223386632310132e-21,2.96841804515119e-40,5.126254862760693e-19,4.238449579228638e-27,0.0,8.286427811228357e-15,4.1879041301542616e-19,0.0,1.4993334934405896e-21,3.4723851121731596e-41
0.049,0.054587436916256823,298.0073915692588,1.290760676228127,0.6172149988378152,7.841724740534814e-17,0.14825414301904818,5.256202555651276e-17,0.047003084940479396,0.18750208569454097,5.406437895028104e-07,0.0,0.0,6.632575382991153e-24,0.0,2.4848295595020625e-05,0.0,0.0,1.32077820140517e-12,6.759274674629765e-13,1.8840819574142006e-07,1.190144774210314e-08,0.0,7.918009898269823e-34,1.77103856485802e-18,8.407326946681073e-14,3.321097385075408e-30,1.2490702307001476e-38,3.785834323943176e-09,4.528495296848962e-44,1.9999626047419783e-34,1.752978646527104e-13,7.810865552372979e-25,1.524104243280875e-12,2.0616942190784798e-28,8.386360588466886e-10,8.043210696611092e-12,1.1756464182474869e-27,2.51746794646219e-26,0.0,2.6722667721464024e-28,1.1621724800216008e-15,3.384614191723845e-31,9.300137840277941e-08,1.5240960907964663e-11,1.5593042480875256e-10,9.471922330237735e-12,3.786539025185439e-30,0.0,3.377692635800852e-11,2.45102109226038e-10,9.120904377252129e-29,1.1782196846742482e-13,2.019588753416357e-14,1.355513323413133e-10,1.8548374282342075e-12,8.824134788834754e-14,4.656964505858261e-28,8.001634586506716e-39,3.441719826443595e-18,2.0696470966711452e-45,8.330702038335104e-29,6.215537083078414e-30,5.046749673635018e-23,6.322827201520052e-19,2.4531982571999116e-13,5.415514647143604e-20,5.52627542899105e-18,6.918342014452435e-28,1.6544597831182168e-12,0.0,2.8719551168804917e-40,7.958309599593642e-19,2.260003675571646e-29,0.0,0.0,2.3663203988318035e-33,4.218469218387926e-25,6.31707048265584e-14,1.074353828699337e-14,1.848262041480176e-12,3.1934611537267207e-12,1.0932199158158565e-23,4.957142133652872e-12,3.00589715459711e-23,9.877179922990228e-21,3.808017147480294e-45,4.2478417144858384e-29,0.0,0.0,2.1504025050518855e-39,0.0,9.621064710141486e-19,0.0,0.0,0.0,8.310060279153077e-20,6.842140462271089e-34,3.0610006500584784e-25,1.879858022142083e-27,0.0,0.0,1.6408638752537152e-16,0.0,1.9603174402648873e-13,0.0,8.275084602070068e-17,1.0162482768652623e-25,0.0,3.0698759135758067e-15,3.480452308310964e-16,1.287316454405319e-13,0.0,5.415346271062735e-13,8.292582036258448e-15,2.6096485925181994e-15,4.6614832297544725e-14,2.009828914938908e-15,3.968914887029257e-31,1.892711628023882e-28,5.502992474648668e-12,1.5744538012995723e-15,1.330240546507898e-31,9.076855210686813e-15,0.0,8.86964535507677e-15,0.0,0.0,1.3615120418948135e-12,1.3925414471491831e-14,4.4385210693063686e-12,0.0,9.73446572431421e-16,4.954513180639196e-17,9.19410753362937e-15,8.290279799250274e-17,7.297653530564014e-22,4.265855164165063e-17,0.0,2.2163552003410623e-21,2.523027094033448e-40,3.3890161686055764e-18,4.034143747445476e-27,0.0,1.130727750227947e-14,8.19531472524439e-18,0.0,2.0464873014650456e-21,1.645140310184701e-40
0.05,0.05460231468944281,298.0252475065522,1.290408975911417,0.6171987446201808,7.841630065315665e-17,0.14825893890426123,1.685520823374286e-16,0.04700085850871876,0.18749875286176837,1.8377546921718738e-06,2.8095136009638317e-41,3.592358966753149e-44,3.4473986958077115e-23,1.3162278894564131e-23,3.982884084617296e-05,0.0,0.0,4.237616598193198e-12,3.775321210632726e-12,6.483090782943448e-07,5.155117769773495e-08,5.250327851951726e-27,1.0905818561030925e-32,5.679541788969662e-18,3.810468975319014e-13,5.372954787327424e-29,1.6390624879712208e-37,1.5458575349947053e-08,1.8611766527514985e-43,2.0568705490193512e-33,7.925660879704742e-13,8.138130409818993e-24,7.526327399388176e-12,2.7939483162474497e-27,3.5403690523737937e-09,3.6316679559991283e-11,1.695042776425478e-26,3.9979368566486723e-25,2.7825771672595067e-26,3.624700099881343e-27,6.400199329561473e-15,4.716656194331626e-32,3.1620267944282365e-07,7.418676200247377e-11,7.934174582849767e-10,3.9127527839326124e-11,8.842803963230539e-28,0.0,2.1049569592640077e-10,1.3067294858900351e-09,1.4238419015352468e-27,1.837840606107737e-13,3.991847671900576e-14,8.21309700448859e-10,1.2276180461993123e-11,6.145089906210937e-13,2.3828218503600595e-27,0.0,1.1030887099676386e-17,3.450567477688227e-44,8.35367642028501e-29,6.233086690764635e-30,2.0323853254358457e-22,1.2490756018956994e-18,4.842839945115131e-13,1.0700968507923353e-19,5.5387941188663616e-18,6.933006108619505e-28,2.5082918926128146e-12,0.0,3.2158641877609308e-40,8.680218225205761e-19,2.274586701660373e-29,1.6991518016746345e-31,0.0,1.9432141823093178e-32,4.226534401851046e-25,2.987481613169088e-13,1.1590406064437592e-14,1.1781150396428407e-11,2.1345426197426188e-11,3.4881684230801984e-23,2.1941538142378915e-11,2.4252414439998404e-22,2.218186348907835e-19,1.5492739981103556e-45,1.7576397215891388e-29,9.384850256326669e-27,0.0,2.2393516461175726e-39,0.0,2.362403038203949e-17,0.0,0.0,0.0,2.212757181326158e-18,2.830103441305475e-33,3.0813181127084924e-25,3.7424487946158706e-26,0.0,6.106749498156941e-31,6.113286257023439e-16,0.0,1.58907332966518e-12,8.33852365082498e-18,6.791060215014629e-16,8.0098083830047e-25,0.0,1.8022432790012944e-14,3.6489751315807e-16,1.0626946439278964e-12,1.190029452364769e-66,4.366722687283582e-12,8.29279365257938e-15,5.5032808913217944e-15,3.597166209566452e-13,3.481349947499793e-15,2.8010021817664136e-30,1.4989886830720006e-27,3.6545863607788974e-11,7.474640309534111e-15,2.1071756215142406e-31,1.0341824377281789e-14,0.0,8.944688859753753e-15,2.1162410942782548e-16,0.0,8.83558772101841e-12,1.0290065654825427e-13,2.4863678349519105e-11,0.0,8.071040843202934e-15,3.275035739233769e-16,2.89257733187163e-14,8.32261448712337e-17,6.962356916152123e-22,4.2822961658924196e-17,0.0,7.102891549036323e-21,6.233334475597165e-40,2.320276785125803e-17,3.851442283533235e-27,0.0,3.61186030264614e-14,1.2070385273975306e-16,0.0,6.542537843004499e-21,1.0527685464143558e-39
0.051000000000000004,0.0546348949857823,298.0922238294915,1.2896394691015827,0.6171704681881612,7.841486879853046e-17,0.148267472951805,6.195654287984948e-16,0.04699505376703796,0.1874904297441998,6.685363144530924e-06,0.0,0.0,2.166884517082169e-22,8.213766818684863e-23,6.600983669969614e-05,0.0,0.0,1.5543288895494325e-11,1.9357455820723453e-11,2.3874813090448486e-06,2.3851047257918954e-07,2.153854244383077e-25,1.75136952549422e-31,2.0882133481583446e-17,1.7853052621539752e-12,1.0444186202421071e-27,2.6487272485446547e-36,6.747946887548759e-08,8.386224825290358e-43,2.775592431971988e-32,3.75473092999834e-12,1.1048756352245502e-22,3.9547012567248226e-11,4.6429070049714334e-26,1.5970712843454913e-08,1.750741349429896e-10,3.007092763309165e-25,7.705031569971078e-24,6.641996179848829e-25,6.027550871912707e-26,3.457050157813558e-14,3.091908611259254e-32,1.1505542533541796e-06,3.8488252849502544e-10,4.298638684036368e-09,1.7265370137558754e-10,1.4177819277928396e-26,6.0657999284804205e-15,1.3894670069397648e-09,7.409856152631599e-09,2.718068208822343e-26,4.0627171792243465e-13,1.6662452158226196e-13,5.275001183631222e-09,8.587548284803917e-11,4.519392619184554e-12,1.4865170182811556e-26,0.0,4.048447939545193e-17,7.954057382987738e-43,8.442907658994522e-29,6.301214803877429e-30,1.2089917049646968e-21,5.20518441465867e-18,2.0128596989318604e-12,4.463785531251013e-19,5.586114887942467e-18,6.990979251439564e-28,5.694316940354229e-12,0.0,1.2288895275994412e-39,1.6962931388110885e-18,2.3457682628170545e-29,1.06184808168672e-30,0.0,2.9642645337234757e-31,4.256706926483943e-25,1.6315422605596506e-12,2.065630705768675e-14,7.945637998886171e-11,1.5057662545942503e-10,1.2826331510756613e-22,1.0822428245381757e-10,4.416768720989014e-21,4.819336117774881e-18,3.482851812531911e-45,1.438636092014733e-28,1.8647960078174167e-25,1.0602881282876589e-29,5.542721610804199e-39,0.0,2.4106347592523975e-16,0.0,0.0,6.405514899089583e-32,3.299734498540501e-17,1.2554913079675722e-32,3.256413713278645e-25,8.721501014224823e-25,0.0,1.8173155047350277e-28,4.293709426493628e-15,0.0,1.2920887346528626e-11,1.9818647327505184e-16,6.089441786287424e-15,2.6970009824606505e-23,2.725797426736561e-18,1.6141069447326866e-13,4.2843429456429734e-16,9.149712725097889e-12,2.1131728286594134e-65,3.7007909000651384e-11,8.293201792869626e-15,2.6943169716634654e-14,2.902999456124485e-12,1.993924005822264e-14,2.8787372371426987e-29,1.5984543003748097e-26,2.5634108277483694e-10,6.091187583977016e-14,6.078287719095584e-31,1.9590363920130773e-14,0.0,9.890701805269865e-15,6.293720471469127e-14,0.0,6.070746286035985e-11,8.010016828439825e-13,1.4783067028071013e-10,0.0,6.995738540481501e-14,2.866786652342636e-15,1.900807404133858e-13,8.710201055733572e-17,6.865741999478805e-22,4.480989373371196e-17,0.0,4.7695429155775177e-20,2.0241222589367308e-38,1.596735475201579e-16,3.8077076350640084e-27,0.0,2.398848651257177e-13,1.7609323517092843e-15,0.0,4.3589043372644504e-20,7.205486766939308e-39
0.052,0.05471646187104392,298.34299767708154,1.2877169777754125,0.6171210753320376,7.841315726588519e-17,0.14828302501685658,2.406313548956713e-15,0.04697828114755431,0.18746623454976302,2.4791762424228715e-05,7.166934922973405e-39,1.1402954594866282e-41,1.5286123579388063e-21,4.0459778315933154e-22,0.00011175101081823998,0.0,0.0,5.931104580617024e-11,9.762696976035546e-11,8.961401944380934e-06,1.1196119869902623e-06,5.713651122996669e-24,3.0087521041891678e-30,8.118704754543661e-17,8.421635320470478e-12,2.1682894216207707e-26,4.682969253700659e-35,2.9919860792183703e-07,4.920218801139581e-42,4.173886984022072e-31,1.796151582442715e-11,1.6255652051713392e-21,2.102717192690279e-10,8.312292508729418e-25,7.3130801774939e-08,8.556905753258838e-10,5.733375367927938e-24,1.5790318765273457e-22,1.7507630188131606e-23,1.0813275017110238e-24,1.8598304905520278e-13,2.8819197355010686e-32,4.2678267035448286e-06,2.0216060475698753e-09,2.3561163655436345e-08,7.735801749347685e-10,2.774197601344122e-25,6.16372185474745e-14,9.250254541738382e-09,4.247598154485845e-08,5.5637419807336795e-25,1.1002454051929323e-12,1.1414042663200255e-12,3.41825970711408e-08,6.053438135205758e-10,3.3475733713751755e-11,1.0559078268749984e-25,7.494149747765817e-38,1.5642628841100644e-16,2.1610148912858572e-41,8.789742873107093e-29,6.566104539109158e-30,8.533517754199584e-21,3.545887472654574e-17,1.3578977552607135e-11,3.0526406077204312e-18,5.7669305782738345e-18,7.217295869558189e-28,1.7893751126746872e-11,0.0,2.673663478509872e-38,1.3342172268061771e-17,2.762730210626803e-29,5.261542812937176e-30,0.0,5.074109134836453e-30,4.371099545016759e-25,9.16746237469791e-12,1.199159353924647e-13,5.402710004015651e-10,1.0700711790088615e-09,5.020117937114434e-22,5.470333547911675e-10,1.3308869016318038e-19,1.0456918743549556e-16,1.0051048823433477e-44,1.4973897885464836e-27,4.171322606348577e-24,1.2411608186467515e-27,2.1660060774537407e-37,0.0,2.323652910355107e-15,0.0,0.0,1.2780470097889572e-30,4.839667818146107e-16,5.743295122804692e-32,5.184240177499389e-25,3.101329384540585e-23,0.0,1.8818739997666983e-27,3.459463606884969e-14,0.0,1.0504306038432529e-10,2.3216186047682002e-15,5.514279498131485e-14,1.57751657544916e-21,5.300989663414828e-17,1.535569023330031e-12,6.807163562383724e-16,7.91302842812602e-11,1.733813601618184e-63,3.1536470305445864e-10,8.294141150739159e-15,1.8570410315434782e-13,2.3549040410939047e-11,2.0389581994511372e-13,3.729180057308109e-28,1.85699815306119e-25,1.8116327768971935e-09,5.445822675515274e-13,2.7888502406161695e-30,8.71757301244989e-14,0.0,2.1848033422455582e-14,6.221297520344926e-13,0.0,4.20492560234451e-10,6.274968687052968e-12,8.877149999380655e-10,0.0,6.092256744005136e-13,2.6049808098991624e-14,1.505483912751251e-12,1.3397963643622694e-16,9.646814939672307e-22,6.886844019597193e-17,0.0,3.978621627872389e-19,1.1550375896999062e-36,1.0990836838089382e-15,5.399458415955135e-27,0.0,1.912317883409332e-12,2.5680008825474896e-14,0.0,3.516398146807844e-19,5.17427558678459e-38
0.05249999999999999,0.054814594819385436,298.7256566000375,1.2854116150632438,0.6170819508900545,7.841286818493934e-17,0.14829613238569425,5.3988023337983176e-15,0.046956587260633856,0.18743337216965508,5.238672388624275e-05,2.2259878882464766e-40,1.0345318212010843e-40,4.88618599704707e-21,1.0081706469548103e-21,0.00014742085922981652,0.0,0.0,1.2829079906758782e-10,2.5465620731554946e-10,1.9092811373717575e-05,2.7852443415111757e-06,4.7429320135776277e-23,1.6214097256535266e-29,1.8246619089879482e-16,2.0998251881787112e-11,1.333011381457465e-25,2.612763387505437e-34,7.148153278462107e-07,2.6775419396280333e-41,2.0968108935651995e-30,4.525864290751966e-11,7.965151488038264e-21,5.725491302406075e-10,4.601046604178097e-24,1.7873516141767371e-07,2.191318585244604e-09,3.314118807938138e-23,9.544430437624027e-22,1.5367423024846003e-22,6.004210359135869e-24,5.097292864503648e-13,3.304072556818745e-32,9.020297400045181e-06,5.455799481859202e-09,6.56185243110679e-08,1.8619171278577314e-09,1.717618079263071e-24,2.1146937822843395e-13,2.986322384301249e-08,1.2232527869885905e-07,3.386148761186866e-24,1.8194658070542667e-12,4.387540628677181e-12,1.0807201101788127e-07,2.043464718975779e-09,1.1751539860714294e-10,3.4388764059613015e-25,0.0,3.4833968471813533e-16,1.530856280166514e-40,9.348577904536969e-29,6.993359959975839e-30,2.771270790971499e-20,1.3521105175412318e-16,5.1014495075473365e-11,1.1710263462517749e-17,6.053686752752128e-18,7.580388835975263e-28,3.681310283011134e-11,0.0,1.886126291683934e-37,7.713226107871395e-17,3.9073797366008805e-29,1.3233201423024655e-29,0.0,2.734041950923489e-29,4.550936867949682e-25,2.6068829716121653e-11,5.439760132262771e-13,1.773098879621751e-09,3.635332591607835e-09,1.1405132457900274e-21,1.4386220312154667e-09,1.2066574673647025e-18,9.077186578739413e-16,1.830492829999686e-44,5.321684183335792e-27,2.851317986070873e-23,2.046355615034828e-26,3.580782341533019e-36,0.0,1.0053335853472253e-14,9.22804491691314e-23,0.0,7.892209485516718e-30,3.018199968600357e-15,1.427572778518248e-31,1.4338759670797315e-24,3.19204949665746e-22,0.0,8.305315371974103e-27,1.3176513726701052e-13,0.0,3.970398993434069e-10,1.0671776525389819e-14,2.2783754484606567e-13,2.3643244069556217e-20,2.974037653798711e-16,6.6393438950999655e-12,1.100365728689955e-15,3.146777533783126e-10,3.4766131555607227e-62,1.239135391708451e-09,8.295389020120687e-15,6.458545132887811e-13,8.890093937419175e-11,9.969289789505907e-13,1.6221094189832197e-27,8.154081445286329e-25,6.1279435491246706e-09,2.244575519303833e-12,7.970778587295041e-30,2.806090215074869e-13,0.0,7.996863736375367e-14,2.5590413532075135e-12,0.0,1.4001057114367335e-09,2.303496451105737e-11,2.647666813932775e-09,0.0,2.436320072736734e-12,1.0821564706691578e-13,5.691106849224668e-12,3.5266180342762244e-16,2.4871680307169184e-21,1.8081632109128443e-16,0.0,1.6396842037836943e-18,1.4732794700560753e-35,3.638492050173593e-15,1.4106970106893374e-26,0.0,7.26225764372536e-12,1.596670161201094e-13,0.0,1.3598645802406334e-18,1.8472329467104408e-37
0.05299999999999999,0.05501915983042056,299.6291600470667,1.280632364475359,0.6170259682766714,7.841425557603382e-17,0.1483162065817747,1.3606912536438604e-14,0.04691051470705438,0.18735897477867164,0.00011749915269309548,0.0,0.0,1.8763935394508002e-20,2.7199875617660307e-21,0.0001963160237933533,0.0,0.0,2.9499434202262987e-10,7.259401437167216e-10,4.323950704463227e-05,7.528100431894072e-06,5.576607417887463e-22,1.0674924309021502e-28,4.619315433672185e-16,5.6882157094810944e-11,1.0211869862091744e-24,1.8673459388550516e-33,1.844787643147191e-06,4.523603193703734e-40,1.330192882451345e-29,1.2409837536075385e-10,4.5702000228697277e-20,1.7155219385395076e-09,3.1379210429521323e-23,4.7340113488468576e-07,6.122205015872151e-09,2.3648563822518267e-22,7.03405983369002e-21,1.984896472463644e-21,4.1246437090390054e-23,1.5381004036742346e-12,4.247408657992676e-32,2.0239213788445006e-05,1.6182940504995128e-08,2.0175242970218646e-07,4.846592928953671e-09,1.3461559917542247e-23,7.988160980613804e-13,1.0861154191526331e-07,3.9074437589040337e-07,2.5625671155319482e-23,3.014219630707106e-12,2.107782600528836e-11,3.838493930326957e-07,7.816961509056952e-09,4.698588628822892e-10,1.3849487146031996e-24,3.049938222552038e-34,8.630139763589932e-16,1.4409096072755428e-39,1.081011481113093e-28,8.113430238525905e-30,1.1014616455763837e-19,6.376574893779383e-16,2.3232079861411973e-10,5.601433729055821e-17,6.785377554318786e-18,8.517043097966738e-28,9.97509342174851e-11,0.0,1.779686974305604e-36,5.635123890840323e-16,1.2937153349124412e-28,3.6490094121592563e-29,0.0,1.800786979851962e-28,5.002971108697384e-25,8.210677891257589e-11,3.12408003596757e-12,6.569854415575634e-09,1.4007068788577937e-08,2.9626068069009402e-21,4.148034140333229e-09,1.4516274495915557e-17,7.432178987441497e-15,3.799591267499847e-44,1.9531680317292512e-26,2.50902509075207e-22,4.812927596573582e-25,8.851197161408332e-35,0.0,5.07778603055692e-14,1.0050310583051718e-21,0.0,6.283735289721657e-29,1.9170187254471003e-14,4.0115870637565475e-31,8.145492453909925e-24,4.5816347044870095e-21,0.0,4.6414396340499324e-26,5.785164357708617e-13,0.0,1.725057411853453e-09,5.468096127920722e-14,1.093823291055458e-12,4.98527382484921e-19,1.958249535530665e-15,3.3546141963898186e-11,2.6985097473041974e-15,1.4474434200664719e-09,9.521059253396964e-61,5.623820425386053e-09,8.298792926222004e-15,2.572700280035481e-12,3.857554723256814e-10,5.8071102130110676e-12,8.447113646718695e-27,4.126698986505686e-24,2.3495482712968617e-08,1.0756232933570726e-11,2.844839037751542e-29,1.0812704858089667e-12,0.0,4.749954906191994e-13,1.2125680606383594e-11,0.0,5.2734363822877855e-09,9.685769786085285e-11,8.801378995705936e-09,0.0,1.1273559818319232e-11,5.228326758220634e-13,2.4796635063931126e-11,1.783453306943225e-15,1.290938671089233e-20,9.096202795429343e-16,0.0,9.006560342864015e-18,2.896715748996283e-34,1.3613128470516324e-14,7.554694235127155e-26,0.0,3.180190322802679e-11,1.0316425328032704e-12,0.0,6.215218307396288e-18,8.32167699445876e-37
0.05324999999999999,0.05521150709181982,300.5396294972579,1.2761708631171127,0.6169872848524831,7.841641123195593e-17,0.14833093959450308,2.3668668271653755e-14,0.04686745984865363,0.18728475812098877,0.0001831216301409961,2.4914279917473766e-38,0.0,4.213460618016045e-20,4.8189437326759045e-21,0.0002275412106987681,0.0,0.0,4.668073748042976e-10,1.314073180632326e-09,6.780267124696952e-05,1.3175012475853011e-05,2.5026258596135975e-21,3.2052974473859757e-28,8.07577005023719e-16,9.967320949509457e-11,3.370203600831947e-24,6.067731133736659e-33,3.135772987516963e-06,2.945488657249007e-39,4.02941292970056e-29,2.1914511566778362e-10,1.2640691649929357e-19,3.207454907116588e-09,9.632190537638991e-23,8.179052021972998e-07,1.094266240024628e-08,7.454242179967355e-22,2.2335219897754148e-20,9.560242556365112e-21,1.2755184670395745e-22,2.8887118707526016e-12,5.43725268491599e-32,3.1552742677973745e-05,3.006114105741886e-08,3.8363718996045535e-07,8.283906348404212e-09,4.530170381312065e-23,1.7324060069244703e-12,2.3099509850960207e-07,7.618947066573371e-07,8.384466108469944e-23,3.5847142907690396e-12,5.5934053298957744e-11,8.033644908321444e-07,1.7208313876180236e-08,1.0664522959518084e-09,3.2640760635314087e-24,2.7552488388834047e-39,1.4758332840712026e-15,5.4782511275074976e-39,1.2505270897530568e-28,9.416889380302957e-30,2.57093851896866e-19,1.6614712042115778e-15,5.844825766632507e-10,1.4804193306662492e-16,7.606928794287417e-18,9.581946448837029e-28,2.0111014779196987e-10,1.700293951490568e-15,6.794036162832038e-36,2.0110556302471627e-15,5.394539857585412e-28,6.605116829794402e-29,0.0,5.410114609341812e-28,5.500395164309549e-25,1.5861913353393912e-10,9.331784588063967e-12,1.4150913886628559e-08,3.098960194231484e-08,5.316342688681862e-21,7.56781135532154e-09,6.354581099872089e-17,2.7670177078703447e-14,5.647507768028251e-44,3.326953159317999e-26,8.8688742307931e-22,3.318878143722265e-24,6.424633146767095e-34,2.424101620984533e-19,1.3611207745967858e-13,2.9710911259717295e-21,0.0,2.2641970676475376e-28,5.977078461103823e-14,7.40835288222737e-31,2.806274670092896e-23,2.294466246103575e-20,0.0,1.3992593579028324e-25,1.402600763590652e-12,1.2894997899924927e-20,4.1500919730770755e-09,1.40095015694984e-13,2.826134384169785e-12,3.1631053753408808e-18,6.386241605541691e-15,8.995932930745084e-11,5.693784881374192e-15,3.6265167761253894e-09,5.563010866024552e-60,1.3955908653318016e-08,8.303296076019528e-15,5.8315673772538855e-12,9.272146018716884e-10,1.7319010547742715e-11,2.1477224734310018e-26,1.0903783450454754e-23,5.1806495514098676e-08,2.7758319455032516e-11,6.429324308236627e-29,2.421028605314425e-12,0.0,1.528316583655585e-12,3.099337801793165e-11,0.0,1.1486339392116032e-08,2.277108803599753e-10,1.7620299428349426e-08,0.0,2.8335764237982932e-11,1.3571350641436113e-12,5.980321695465329e-11,5.466581062736381e-15,4.072194540118471e-20,2.7713272711026316e-15,0.0,2.825981763545144e-17,1.9124038421477587e-33,2.9516150058545384e-14,2.4593854786670943e-25,0.0,7.696605703163379e-11,3.28211764049764e-12,0.0,1.57023212115817e-17,2.187051051504542e-36
0.05349999999999999,0.05552149048290934,302.06185464588026,1.2690458403756315,0.616936602170554,7.842021299399202e-17,0.14835091705974415,4.444997169435668e-14,0.04679918087454264,0.1871602945574546,0.00029276880711607536,3.8517927816627355e-37,0.0,1.0659762569842931e-19,9.27040958234781e-21,0.0002644426829829185,0.0,0.0,7.588525392196985e-10,2.484557174281905e-09,0.00010917897720277874,2.3984904467520824e-05,1.3382464604387031e-20,1.1009967625329155e-27,1.5309629016656492e-15,1.8167027132471602e-10,1.2725956574039805e-23,2.3479206251465095e-32,5.524611445640366e-06,2.553806132200003e-38,1.427961402179736e-28,4.029272862757838e-10,3.8412937667040223e-19,6.289828128109814e-09,3.36108159324721e-22,1.4674966624952569e-06,2.03982128678845e-08,2.672187654993744e-21,7.906795146389154e-20,5.538671892410483e-20,4.506387036451249e-22,5.693527220339781e-12,4.7237141417048095e-30,5.047005512805298e-05,5.8525157108486163e-08,7.668977497553981e-07,1.4687629361158237e-08,1.7548433948967063e-22,4.014545439942212e-12,5.242774118272235e-07,1.5669765102566153e-06,3.131743203532829e-22,3.642055668094406e-12,1.668913178491373e-10,1.790379738424434e-06,4.061677035443396e-08,2.6062264232521398e-09,8.94555408980193e-24,1.6019230880645944e-34,2.6948395047257887e-15,2.4924928931901156e-38,1.5924720325620093e-28,1.2058226124307154e-29,6.961253385198519e-19,4.810182220353815e-15,1.5966110578161823e-09,4.3883853309873987e-16,9.194402769438131e-18,1.1673856771212335e-27,4.909655764758416e-10,9.680566756150938e-15,3.1264242127857e-35,8.211183953757757e-15,4.009180561411933e-27,1.3153802044354782e-28,0.0,1.8598206478086385e-27,6.436113857260765e-25,3.227972808644862e-10,3.126783696951091e-11,3.258298001587443e-08,7.356313853458165e-08,1.0531336581237488e-20,1.443941487473357e-08,3.17889911470046e-16,1.0431736928343775e-13,8.209331762572461e-44,3.489806577884261e-26,3.451924537590914e-21,2.777793297229178e-23,5.855210208817817e-33,1.5381862955884875e-17,4.019006534457892e-13,9.24916817561386e-21,0.0,9.89330889079478e-28,1.9513991619620307e-13,1.4951401113705704e-30,1.2017678047644113e-22,1.3762108038536027e-19,0.0,5.1443274158661665e-25,3.695105803385222e-12,7.800003246020868e-20,1.0836357977653795e-08,3.9290257993930687e-13,8.003123641380093e-12,2.3885580762382748e-17,2.353061248940303e-14,2.6575459542012496e-10,1.5562453653904467e-14,9.917145996875112e-09,3.4607446191370907e-59,3.7751155154580844e-08,8.313307083118235e-15,1.423427134810972e-11,2.4186753679236774e-09,5.77238207912169e-11,6.056144166841444e-26,3.2167981801559703e-23,1.2250588000778782e-07,7.850365384386409e-11,1.7100728343820076e-28,5.843598592144064e-12,0.0,5.607053891056473e-12,8.667566660691582e-11,0.0,2.6786410356947546e-08,5.792171145727981e-10,3.733826798014985e-08,0.0,7.768036430598067e-11,3.8635968634747774e-12,1.5661490632465933e-10,1.928193765181965e-14,1.4750385358419575e-19,9.699827315671023e-15,0.0,1.1564389003196083e-16,1.79587221535926e-32,6.847535665825175e-14,9.387360966751143e-25,0.0,2.0235083244689104e-10,1.1068491643249173e-11,0.0,4.4342715840825953e-17,6.999643185866216e-36
0.05374999999999999,0.056024161345288336,304.59639255864016,1.257659458356744,0.6168671850640937,7.84260457625767e-17,0.14837862731650803,8.966559668866907e-14,0.04669091308917923,0.1869512199163842,0.0004750123451749389,6.591250870255121e-35,8.894303107245489e-39,3.041681583024512e-19,2.0285919908911464e-20,0.00030791837467426163,0.0,0.0,1.2537810786976842e-09,4.801863311710792e-09,0.0001785780709792256,4.457646322907301e-05,7.954397989063025e-20,4.366669738098845e-27,3.144761534470288e-15,3.379504427938801e-10,5.375980541828232e-23,1.1004765434988755e-31,9.923460787751312e-06,2.8409421696939284e-37,5.88480872146146e-28,7.563739618583765e-10,1.2602158964272167e-18,1.2623038832347314e-08,1.3144433868940748e-21,2.686173035175367e-06,3.885135179401477e-08,1.0696221753698654e-20,3.000602379343093e-19,3.5718943836932835e-19,1.7990053625407954e-21,1.148618337098546e-11,2.8154743728874438e-30,8.194728207282741e-05,1.1659765763277837e-07,1.570189658326484e-06,2.6565604788055427e-08,7.652649930298884e-22,9.556187477122117e-12,1.223089640502938e-06,3.3039852839758143e-06,1.3055720530794665e-21,1.8151137908044336e-12,5.303182459534842e-10,4.099418604063745e-06,9.861846896683346e-08,6.556770905818044e-09,2.9061998183679944e-23,0.0,5.191056071949057e-15,1.3393115458591592e-37,2.369184825997507e-28,1.810393491370511e-29,2.228858261355515e-18,1.4550512815993645e-14,4.3895858463993625e-09,1.3798918573868615e-15,1.2552833988197581e-17,1.6227692203709004e-27,1.3608279285365043e-09,3.3739953441244986e-14,1.7311943364122522e-34,3.458464112876849e-14,3.9290832302473565e-26,3.039127894725503e-28,0.0,7.381213305385769e-27,8.329317826704847e-25,6.731266608712923e-10,1.0831148182219836e-10,7.713858840584142e-08,1.7966869506142775e-07,2.329369640439407e-20,2.8172226472947227e-08,1.6728371387525024e-15,3.873091828862322e-13,6.2718036398607e-44,0.0,1.3350649735683916e-20,2.4728788270790304e-22,5.995332817648816e-32,7.79581701413553e-17,1.224548394618697e-12,2.9191908093048305e-20,0.0,5.2096895890788936e-27,6.435822951323398e-13,3.354247199152099e-30,6.069433443188593e-22,9.232335637701501e-19,0.0,2.3251199965863054e-24,1.003391281408637e-11,2.9979011634886087e-19,2.9159495941333015e-08,1.1106242469589787e-12,2.337761841698321e-11,1.8850872989779216e-16,8.946447401746564e-14,8.10106996084966e-10,4.957054208359149e-14,2.796616383416289e-08,2.468074595935939e-58,1.0529284894295458e-07,8.336081907957403e-15,3.577184732665751e-11,6.502144206653273e-09,1.9861304075296948e-10,1.8736184789982217e-25,1.0134342603437377e-22,2.980308772812989e-07,2.290101225351651e-10,5.458926564856773e-28,1.4535822180309295e-11,0.0,2.1294766281460666e-11,2.499859548836008e-10,0.0,6.424643180563545e-08,1.5178211843675508e-09,8.118159561808537e-08,0.0,2.188596463508621e-10,1.1346725746337067e-11,4.2273407091255447e-10,7.080593223682122e-14,5.553259427340203e-19,3.526624734979547e-14,0.0,6.072942334271361e-16,2.336562976990704e-31,1.6336938037630917e-13,3.851740652054501e-24,4.314646033152631e-16,5.48264555528628e-10,3.801346835045089e-11,0.0,1.351936541964526e-16,2.847432786923337e-35
0.05399999999999999,0.05684043570627404,308.7898495132753,1.2395984543858194,0.616767315887885,7.84338850239585e-17,0.14841767637058034,1.9023947148031272e-13,0.04651986572490388,0.18660097898488184,0.000775324582180427,2.3568413898454858e-35,1.5979584008107125e-38,9.629669935047369e-19,5.45886218465123e-20,0.00035888297606852845,0.0,0.0,2.0888971916153292e-09,9.350693532903948e-09,0.0002941661144145585,8.348679506236736e-05,5.094100242309212e-19,2.024570190038571e-26,6.914969431091156e-15,6.33207121781386e-10,2.476190650450173e-22,6.411726479694388e-31,1.7959565667570604e-05,3.8722364909678277e-36,2.726357189533458e-27,1.4301590843398153e-09,4.2950576441193364e-18,2.551905036252858e-08,5.6469610019749995e-21,4.95370568872134e-06,7.456562742167098e-08,4.690406587401092e-20,1.1596222241152605e-18,2.469908993073146e-18,7.994309835798e-21,2.3342291413007452e-11,1.923746225379415e-30,0.00013390765336849378,2.3406433672146386e-07,3.239257697486143e-06,4.8444690624483e-08,3.674589633877182e-21,2.2865435958461946e-11,2.872686301003773e-06,7.01907039387609e-06,5.9227507737083516e-21,0.0,1.760185852357184e-09,9.451386721633752e-06,2.4094232536519916e-07,1.6594882429997996e-08,1.129919285159934e-22,0.0,1.0221415407688901e-14,8.081049714714646e-37,4.506958277241923e-28,3.4957098346974164e-29,8.71863978955017e-18,4.4612965863860627e-14,1.1528959691627685e-08,4.503880218395237e-15,2.0775917307309634e-17,2.7964067007070153e-27,4.025985535690921e-09,1.0553493456475115e-13,1.1358861869243908e-33,1.4550942342307765e-13,4.416312363193369e-25,8.88165708630752e-28,0.0,3.419178258544761e-26,1.2635281321314097e-24,1.41390684245653e-09,3.760691920973092e-10,1.8382953243164714e-07,4.416054673123018e-07,5.800887781941852e-20,5.537305950740181e-08,8.811359849382804e-15,1.3834085515972919e-12,0.0,0.0,4.676753809121976e-20,2.19201698909911e-21,6.664707026536625e-31,3.3373546988302815e-16,3.744709526969147e-12,9.214498286976937e-20,0.0,3.4764883834483744e-26,2.1217378462654308e-12,8.718264891594133e-30,3.748022907858951e-21,6.795507616865862e-18,0.0,1.3933251024751107e-23,2.7387762883880624e-11,1.0983578253624229e-18,7.88753313378613e-08,3.029042290250829e-12,6.857094236865805e-11,1.4438216159699472e-15,3.40257593347476e-13,2.4783539550768548e-09,1.6865314076304653e-13,7.923689350664503e-08,4.25564487883047e-57,2.9510357974533897e-07,8.388298752063057e-15,9.044514711833981e-11,1.757242687335432e-08,6.846676174326083e-10,6.406958996600856e-25,3.34030709132873e-22,7.296750228871657e-07,6.708285469667036e-10,2.2152445433010027e-27,3.640108804764929e-11,0.0,8.097192543596342e-11,7.241211768258604e-10,0.0,1.5509766436065258e-07,3.999766595304159e-09,1.7779168478265805e-07,0.0,6.144130543477344e-10,3.346112981230261e-11,1.147061665719962e-09,2.611028555503609e-13,2.1026705195116137e-18,1.2836415701762764e-13,0.0,3.9284874359578015e-15,3.874527239533019e-30,3.9235823090575735e-13,1.6761727670553873e-23,1.205695577538847e-14,1.492653238548485e-09,1.3111970374138112e-10,0.0,4.459695439709005e-16,1.5999857649074152e-34
0.05412499999999999,0.057439204007351814,311.89930514545586,1.2266764028434305,0.616697848923662,7.843822767110548e-17,0.1484433800156727,2.836730086949863e-13,0.04639709237040042,0.1863369812510277,0.0009977114475349476,1.6738281219055451e-34,2.726455705486916e-38,1.8021072849438134e-18,1.0092261043519891e-19,0.0003876671975662578,0.0,0.0,2.7231275285172546e-09,1.3254245181516013e-08,0.0003806478362808085,0.00011582693895816655,1.4118719203946476e-18,4.7906476749625313e-26,1.063099557266657e-14,8.784145781525293e-10,5.635197541530548e-22,1.7610400777879015e-30,2.4451083473699063e-05,1.5943325501438094e-35,6.2217777100912244e-27,1.993980454938403e-09,8.250287409368554e-18,3.693332778801712e-08,1.2399303947596744e-20,6.8134755463892964e-06,1.0485203084839255e-07,1.0496237020720081e-19,2.321774447692062e-18,7.155323602543677e-18,1.8006160552864253e-20,3.3882842498756185e-11,0.0,0.00017246293434334167,3.374820250190677e-07,4.74281565772212e-06,6.62713563381327e-08,8.605009267497514e-21,3.6417773281162686e-11,4.531713201809963e-06,1.0450164679162786e-05,1.336529214485432e-20,0.0,3.4292492865734038e-09,1.4749061566557129e-05,3.889318777968421e-07,2.7361866096275847e-08,2.446253677059043e-22,3.052509778618129e-36,1.4440561512780805e-14,2.0919160371859785e-36,7.18017226025661e-28,5.63026121339589e-29,2.005067721023902e-17,8.208462362698676e-14,1.8960112148678034e-08,8.669450423858914e-15,2.992196212884945e-17,4.1772225520690526e-27,7.453608461606621e-09,1.9434487003688105e-13,3.280314049668149e-33,3.3300877438362353e-13,1.7318989326940965e-24,1.7371926075150163e-27,0.0,8.072582366055755e-26,1.7081125508567015e-24,2.0911354619206124e-09,7.561320738356907e-10,2.9247122251929706e-07,7.155430699371433e-07,9.80170046495246e-20,7.888551016075406e-08,2.125030257589871e-14,2.7204688495248176e-12,0.0,0.0,8.502566822884587e-20,7.173388410019384e-21,2.569460955068513e-30,7.548084934616706e-16,6.936735753066793e-12,1.752764776927066e-19,0.0,1.1080105113505136e-25,4.142301535631757e-12,1.5472412037445765e-29,1.140356397586029e-20,2.058870719253645e-17,0.0,4.2230794031813266e-23,4.726957900067911e-11,2.2681638062340024e-18,1.3537931481234773e-07,5.033969244009605e-12,1.2372770897763904e-10,4.282393935367969e-15,7.267666611399105e-13,4.591936124229636e-09,3.409739686096282e-13,1.3993758468057085e-07,3.313009853327711e-56,5.176823992014055e-07,8.439940323572493e-15,1.490392538262113e-10,3.0145740175854245e-08,1.3699795326762486e-09,1.3018501132434294e-24,6.690118616794711e-22,1.179573415050013e-06,1.209334412477367e-09,5.260831089037964e-27,5.964919525785598e-11,0.0,1.7295010339835428e-10,1.2964434038677724e-09,0.0,2.4865133350194824e-07,6.757301616581234e-09,2.6932525979603966e-07,0.0,1.0668155209956921e-09,6.058173515923143e-11,1.9726488212876405e-09,5.469331826543598e-13,4.50378577385376e-18,2.6589269753462427e-13,0.0,1.1479788523470883e-14,1.8406833424868974e-29,6.272014029572627e-13,3.970553955835527e-23,2.5170038173686353e-14,2.570509680079111e-09,2.62261798876318e-10,0.0,8.8318146023112315e-16,4.817497230214621e-34
0.05424999999999999,0.058222227174185286,315.99058059572235,1.2101789894816246,0.6166085019703401,7.844226335258164e-17,0.1484741879928207,4.257144360958945e-13,0.0462395399901531,0.18598557359510465,0.0012891101671207615,1.3407226488918725e-34,2.440617925712533e-37,3.463017199610259e-18,2.0371424413366515e-19,0.0004187615061889996,0.0,0.0,3.571535968479076e-09,1.8978053019919432e-08,0.0004949891026451798,0.00016210723582251008,4.142267606194323e-18,1.2145274372945306e-25,1.6676508743692373e-14,1.2289086221173362e-09,1.327364055648655e-21,5.3494244071317475e-30,3.35405803714996e-05,6.980954203729265e-35,1.456481841239326e-26,2.8045667251696756e-09,1.5978206270254305e-17,5.4070786483507416e-08,2.8186354090367466e-20,9.447411267723632e-06,1.4886088380577026e-07,2.4755708295125725e-19,4.634777085826562e-18,2.195800871623482e-17,4.234626015868454e-20,4.976363940667376e-11,0.0,0.0002230849034273068,4.921606799069491e-07,7.032135536468446e-06,9.1423403539697e-08,2.1020636596451146e-20,5.914296943143787e-11,7.286704264770786e-06,1.577741516947412e-05,3.122291143642121e-20,0.0,6.946369714076696e-09,2.3435740896470658e-05,6.412826373201177e-07,4.618925650439316e-08,5.652429082667194e-22,6.069135783388971e-31,2.0224644812549074e-14,5.493880997095343e-36,1.3067002712723522e-27,1.0392764110663922e-28,5.421988776050217e-17,1.5451971907594084e-13,3.089029030922089e-08,1.7291807669478827e-14,4.7826108883089417e-17,7.049300310571557e-27,1.4474113534508988e-08,3.6887172551399714e-13,1.0822632127389743e-32,8.133492523306482e-13,7.529735616925602e-24,3.757721075440161e-27,0.0,2.0367011439305271e-25,2.516520576635086e-24,3.133948318070091e-09,1.5944569041635164e-09,4.7467235656013873e-07,1.1849055593688742e-06,1.7482993705805856e-19,1.1354722883828366e-07,5.224379732954444e-14,5.352187593008167e-12,0.0,0.0,1.5005171285696086e-19,2.4634706522388463e-20,1.0893338763454105e-29,1.8090808105630334e-15,1.3334074230355592e-11,3.4941405206822623e-19,1.9367962615044983e-17,4.300775073593001e-25,8.308323438393908e-12,2.993788420499221e-29,4.0706747560350746e-20,6.728350853286306e-17,0.0,1.537557900158614e-22,8.394918575357124e-11,4.988763871378971e-18,2.389377723851412e-07,8.504764473457946e-12,2.309103559629187e-10,1.3061148995019241e-14,1.6410491676073018e-12,8.82863302440542e-09,7.311763744436218e-13,2.54985778606424e-07,3.1631032867487546e-55,9.362352559695283e-07,8.524862169793115e-15,2.514297995504813e-10,5.317836192734322e-08,2.872770380252411e-09,2.8649835607623337e-24,1.4132581159518968e-21,1.9483330479012818e-06,2.254591325519368e-09,1.440748630733315e-26,1.0001714557544028e-10,0.0,3.9053497508711766e-10,2.3985728551931495e-09,0.0,4.0696972239434815e-07,1.1719007399430585e-08,4.1430569196696307e-07,0.0,1.8940225356734866e-09,1.1349759885039894e-10,3.4894051833498746e-09,1.2082827840159881e-12,1.0202873035838653e-17,5.796881926422523e-13,0.0,3.641062097544906e-14,9.408474782966766e-29,1.0233934532842842e-12,1.0236832904593488e-22,4.905643417154175e-14,4.551659785951851e-09,5.376327661108136e-10,0.0,1.872249475555049e-15,1.7600784420466588e-33
0.05437499999999999,0.0592421915585711,321.3459958362319,1.1893435077791907,0.6164922321898745,7.844517151123233e-17,0.14851054536281266,6.377317244437503e-13,0.04603830005333376,0.18552010506286004,0.0016683148662149409,3.33428979491012e-34,0.0,6.777556815725013e-18,4.479966602920306e-19,0.0004522307025971401,0.0,0.0,4.7030912984621415e-09,2.7311845677277337e-08,0.0006453323466166275,0.00022790181096971028,1.2559187875254058e-17,3.319185121938891e-25,2.6620274685041603e-14,1.7263193352380683e-09,3.206180586398506e-21,1.8102193009828642e-29,4.618602736275452e-05,3.200535928856465e-34,3.458389658405496e-26,3.96145925003969e-09,3.103533501130066e-17,7.960708880923252e-08,6.585354678427024e-20,1.315267980518946e-05,2.1237170118792682e-07,6.2208834825717855e-19,9.060879879429678e-18,6.960874371044853e-17,1.0350966869899994e-19,7.351104275634808e-11,1.973071159751872e-27,0.00028913117506305285,7.218525080187609e-07,1.049240097510872e-05,1.2675703227983857e-07,5.315059774230144e-20,9.685422998036594e-11,1.1824509863784748e-05,2.3987600727566977e-05,7.485932867272391e-20,0.0,1.4314546887275251e-08,3.7565229163693213e-05,1.0677989883199164e-06,7.882888253518138e-08,1.3930855166163812e-21,6.099007396285827e-31,2.777244399038261e-14,1.4366316423051309e-35,2.7959476622147603e-27,2.264746399951738e-28,1.8242456081856221e-16,2.902039112060174e-13,4.8273400044809876e-08,3.4942250722624716e-14,8.6773689459805e-17,1.3832942497382663e-26,2.8757675006138614e-08,7.086059401789449e-13,4.434885038269845e-32,2.030171108683466e-12,3.494443924178238e-23,8.98969714287042e-27,0.0,5.514773965656872e-25,4.117049643274936e-24,4.7273437842691244e-09,3.424760343581965e-09,7.777180990609485e-07,1.982366743262563e-06,3.3390557523353455e-19,1.642648804490514e-07,1.268766258431848e-13,1.0203423180466057e-11,0.0,0.0,2.854810663024608e-19,8.452420128915111e-20,4.8842960594405404e-29,4.419355211728454e-15,2.6033469963839844e-11,7.218515932125897e-19,2.7181103923628583e-15,2.087514652907824e-24,1.6850221811005526e-11,6.408956076143671e-29,1.6882693952548053e-19,2.3243639341132515e-16,0.0,6.820556576754486e-22,1.5101320614488816e-10,1.1559432999823461e-17,4.270356264658748e-07,1.418850437975748e-11,4.3723323584258596e-10,3.902826698033734e-14,3.780712536582564e-12,1.723978946394162e-08,1.6083145740625978e-12,4.7105788173457416e-07,3.375135608594702e-54,1.7161878961504177e-06,8.663652106088678e-15,4.2882022583185997e-10,9.499624994639374e-08,6.134764384004771e-09,6.868289314253736e-24,3.1166867999322216e-21,3.2509538792875774e-06,4.264137265115964e-09,4.612368056631655e-26,1.6951970216332888e-10,0.0,8.997613230837613e-10,4.501259671952077e-09,0.0,6.726831637271988e-07,2.0568814329281842e-08,6.421720248646911e-07,0.0,3.3608144799878506e-09,2.157764481621042e-10,6.251186409026633e-09,2.724212433972559e-12,2.368914815649478e-17,1.2863816744340533e-12,0.0,1.2174595792853874e-13,4.962403131197385e-28,1.6866484450148603e-12,2.8007280795966734e-22,9.218288757776716e-14,8.154263727101015e-09,1.098633776038836e-09,0.0,4.214234504066027e-15,8.056316052406808e-33
0.05449999999999999,0.06056361656816427,328.31120345362996,1.1633934651940925,0.6163397317093868,7.84457369021973e-17,0.14855235056174265,9.468136040680229e-13,0.0457828124018181,0.18490751057339674,0.0021575645182496535,6.614044704269439e-34,7.441394931461557e-36,1.3411909905138609e-17,1.0749221051784946e-18,0.0004880961331014784,0.0,0.0,6.207294365280093e-09,3.9339223382375826e-08,0.0008416569159060177,0.00032067319284539633,3.8576681889914256e-17,9.936306973805947e-25,4.3213921296233344e-14,2.4260008203808824e-09,7.896557124121986e-21,6.888576702776231e-29,6.363766990619526e-05,1.5185041166160353e-33,8.261701898687175e-26,5.597666403019127e-09,6.012871305089528e-17,1.1730054340350688e-07,1.573203112533119e-19,1.832133020919389e-05,3.032434592234319e-07,1.709269604649672e-18,1.7089987253428985e-17,2.2311574459563753e-16,2.6252061165859697e-19,1.0869220033085454e-10,2.2400763525856637e-29,0.0003746261428118303,1.059888391590158e-06,1.5674840432151203e-05,1.7617990920135998e-07,1.384517221799526e-19,1.5854967407264943e-10,1.9222912567305407e-05,3.652409108048295e-05,1.831288740624476e-19,0.0,2.9472988451534538e-08,6.031743380892754e-05,1.7806165298902342e-06,1.3480615264610238e-07,3.6656239238136664e-21,2.1946212383445735e-30,3.7042208201030214e-14,3.682047996743958e-35,7.244230484450676e-27,6.006080631113832e-28,8.039506404274386e-16,5.322589449157309e-13,7.030589007114746e-08,7.020228771940375e-14,1.8288550333551352e-16,3.2501043666258474e-26,5.751780244341201e-08,1.3620863671730151e-12,2.4581591517864858e-31,5.069408527872549e-12,1.6876428745378775e-22,2.3900383195972053e-26,0.0,1.6240584482426452e-24,7.626455026000522e-24,7.1386289816830534e-09,7.369566293579448e-09,1.2765567773263652e-06,3.323065105376909e-06,7.08449729923157e-19,2.377868667400019e-07,2.9611413737539845e-13,1.830315227516223e-11,0.0,0.0,8.117387139033913e-19,2.7913454965457377e-19,2.254490696417148e-28,1.079102148068263e-14,5.0942390077628584e-11,1.5668692542246532e-18,8.292277364123122e-15,1.3055262982972806e-23,3.430197069777249e-11,1.5419011941775997e-28,8.183429891672714e-19,8.36410836691365e-16,0.0,3.766915990782686e-21,2.722563964532023e-10,2.810526637995749e-17,7.64851344370443e-07,2.2768971915692227e-11,8.29714444987436e-10,1.0990749959524512e-13,8.720957095887838e-12,3.373786379932671e-08,3.557995975441078e-12,8.722372462000216e-07,3.9489099128038267e-53,3.15309911308686e-06,8.88850488943612e-15,7.328517647367474e-10,1.7007558512297235e-07,1.3125150961786046e-08,1.8025595738889686e-23,7.170288714322095e-21,5.4350650153346836e-06,8.0811072990409e-09,1.754968376312245e-25,2.8791843042815997e-10,0.0,2.0755337802338738e-09,8.466159928882703e-09,0.0,1.1140721629570639e-06,3.6180962156268367e-08,9.96867312317119e-07,0.0,5.844838161035806e-09,4.111449530648951e-10,1.1223934031490765e-08,6.158396981729516e-12,5.564603836789418e-17,2.851598070366134e-12,0.0,4.1936211899210553e-13,2.6063427481534698e-27,2.7868132449744284e-12,8.076874563066533e-22,1.6918581804716766e-13,1.4610134526462e-08,2.179860188192084e-09,0.0,1.002867498912528e-14,4.749188484181558e-32
0.05462499999999999,0.06226351674327133,337.29867509641235,1.1316308359074507,0.6161389737635677,7.844227578704703e-17,0.148598442613336,1.3876262060836854e-12,0.045460908088709326,0.18410781122916708,0.002782209609536777,0.0,0.0,2.6728838646654397e-17,2.8363909137303767e-18,0.0005263228328728386,0.0,0.0,8.199952557284566e-09,5.651082977811613e-08,0.0010958770497521517,0.0004501727630486415,1.1806044482654983e-16,3.344007141322573e-24,7.153654938844499e-14,3.3997526359768894e-09,1.9855466952931996e-20,2.981993030130246e-28,8.748649173658186e-05,2.8329586198775533e-32,1.982312910404657e-25,7.88617172171635e-09,1.157690081034606e-16,1.7229880356442578e-07,3.8379652674588305e-19,2.5457441178814036e-05,4.319046464812964e-07,5.334925394926473e-18,3.084002713116772e-17,7.093128064763882e-16,6.92615401620812e-19,1.6022717683071427e-10,0.0,0.0004842403992111082,1.5519325085530347e-06,2.3349908066133788e-05,2.450830728549508e-07,3.713625592935055e-19,2.5750202477315364e-10,3.1134829668166163e-05,5.545009587059895e-05,4.563190042686322e-19,1.3729513633373115e-11,5.972743392716803e-08,9.650383856263039e-05,2.9552438090943773e-06,2.2954093413150208e-07,1.0346663924171839e-20,1.0424899855318887e-29,4.775364984931181e-14,9.175565545311649e-35,2.3342157337224175e-26,1.9927071810380786e-27,4.71980720183951e-15,9.36388667506244e-13,9.309045053472983e-08,1.3803913981024322e-13,4.571967560329374e-16,9.371299142903538e-26,1.1461788189903478e-07,2.600667501300388e-12,1.8458206288942762e-30,1.2528632387723441e-11,8.337524652677794e-22,7.159518374233192e-26,0.0,5.319057517689643e-24,1.628972109178993e-23,1.074468766985917e-08,1.5736860746287486e-08,2.0872830988575194e-06,5.548016170879642e-06,1.8424123148699282e-18,3.4315612062207435e-07,6.486173876551728e-13,2.996432906226273e-11,0.0,5.445096383246738e-23,3.56252105938059e-18,8.6219856285049465e-19,1.0508574679808785e-27,2.607018489677435e-14,9.908122431325927e-11,3.7676376537124494e-18,1.9628824305369948e-14,1.0741987807247596e-22,6.98925828910933e-11,4.227915647017164e-28,4.689984038084642e-18,3.099853821468141e-15,0.0,2.649760728933267e-20,4.884248270724643e-10,7.16711616059581e-17,1.3631769354398329e-06,3.42838637191686e-11,1.565476126241009e-09,2.8280409547988216e-13,1.9938473036381748e-11,6.561882107954198e-08,7.826272123936767e-12,1.6066520777207091e-06,5.1775375257589836e-52,5.763347389673744e-06,9.248637792576327e-15,1.2470686546994222e-09,3.030267480773402e-07,2.7869955579746496e-08,5.1904674292066404e-23,1.7284034344997872e-20,9.050085072012141e-06,1.522272994603675e-08,8.066469713086722e-25,4.869913903264336e-10,0.0,4.745287737918389e-09,1.5835369924051656e-08,0.0,1.8381071134388032e-06,6.335246914143414e-08,1.5424905486353893e-06,0.0,9.761996489001691e-09,7.789306094587033e-10,2.0054922597287974e-08,1.3825031356013883e-11,1.3227049637174797e-16,6.2477377958039015e-12,0.0,1.4653973829874197e-12,1.3296545340869332e-26,4.592826705708255e-12,2.4693047054359234e-21,3.0480601042806404e-13,2.594478880963974e-08,4.075798597377992e-09,0.0,2.513682611999389e-14,3.6111170058612057e-31
0.05468749999999999,0.06329123799924058,342.74202964434863,1.1132554452222132,0.6160135000104522,7.843818930131397e-17,0.14862203777894875,1.6776907713067577e-12,0.04526806157488543,0.18361527783556636,0.003159579764699952,4.790476290156483e-33,0.0,3.804132837639142e-17,4.8427193299901506e-18,0.000546467750369214,0.0,0.0,9.448361297390246e-09,6.78524636365017e-08,0.0012514080336936263,0.0005342075104437642,2.089754587552994e-16,6.5506159111098086e-24,9.329276787110201e-14,4.030082504599231e-09,3.213092360712735e-20,6.602379540243438e-28,0.00010270298611820796,1.6796634402374205e-32,3.1049460291016226e-25,9.37249809716965e-09,1.621967342566751e-16,2.0925060861715938e-07,6.0929872223518e-19,3.0046731194652613e-05,5.163302618457359e-07,1.0144683468196699e-17,4.106312082450318e-17,1.2816995149465992e-15,1.154349520862013e-18,1.949805956911486e-10,0.0,0.0005507245284906249,1.8820077159531048e-06,2.8570521994455526e-05,2.9015728949247783e-07,6.212631264850857e-19,3.2847842131394097e-10,3.980415567862123e-05,6.852536693186654e-05,7.320533191680111e-19,1.1044666079853983e-10,8.537171796175154e-08,0.0001225779251214987,3.825190710844081e-06,3.013616336721894e-07,1.802418105776497e-20,0.0,5.3709115009527295e-14,1.4458020321886737e-34,4.601225027338807e-26,3.996609452084652e-27,1.3020678788553876e-14,1.2334724273418044e-12,1.0394357172900116e-07,1.9387471620306145e-13,7.77842148223861e-16,1.7356006652182043e-25,1.641064353623556e-07,3.6323492570210726e-12,5.719719286435418e-30,2.0279702270939332e-11,1.9206698325317007e-21,1.3188790170955798e-25,0.0,1.0221124405481402e-23,2.5333552315863577e-23,1.3216054938576656e-08,2.340351565505097e-08,2.6818214392733158e-06,7.207915333717276e-06,3.4628921672894304e-18,4.1293443471498975e-07,9.463360324778265e-13,3.674949238092135e-11,1.286463620244607e-38,3.009775015486518e-22,8.526932684867186e-18,1.5105343121108124e-18,2.3373746762044553e-27,4.161632280545946e-14,1.398464170124786e-10,6.851537459292346e-18,2.96517678162237e-14,3.540569392548315e-22,1.0195994922300548e-10,7.426505169555488e-28,1.2370213447481625e-17,6.1338243760567265e-15,0.0,7.896297646572725e-20,6.595373147619549e-10,1.1843452149823178e-16,1.8341617484063754e-06,4.0777067747111934e-11,2.172724518694401e-09,4.4632086302458433e-13,3.083550237103118e-11,9.261194747402565e-08,1.1846039314521758e-11,2.2009586838843383e-06,2.2825110331151002e-51,7.862000797273252e-06,9.509765519747669e-15,1.6367115188034243e-09,4.0767381120160433e-07,4.131695029215626e-08,9.432032318604539e-23,2.8591613950689996e-20,1.1741139594184192e-05,2.1103261555094894e-08,1.889060976334848e-24,6.371177959367792e-10,0.0,7.338720057767644e-09,2.1874247131422814e-08,0.0,2.3732815702291606e-06,8.443507028022574e-08,1.925180279644143e-06,0.0,1.233489924760901e-08,1.0835696817683656e-09,2.702248103803194e-08,2.117024501190102e-11,2.1425116691169275e-16,9.413942402904725e-12,0.0,2.815071489827688e-12,3.0468050762827e-26,5.933418309732502e-12,4.627411323820496e-21,4.110766768267892e-13,3.470706748639865e-08,5.41612674483283e-09,0.0,4.099866175671261e-14,1.1600531813255579e-30
0.05474999999999999,0.06445799901079145,348.92896519841383,1.093104288440414,0.6158676773798047,7.843200754822224e-17,0.14864453026255048,2.02494370630507e-12,0.045051307059123524,0.18305081075390078,0.003585728466294795,8.619885135434555e-33,3.5112740169897534e-35,5.437649066195748e-17,8.553220777058669e-18,0.0005671963437568975,0.0,0.0,1.0897980529246838e-08,8.150744713807661e-08,0.0014287903308533327,0.0006341239090437145,3.711888726953039e-16,1.3442634540917953e-23,1.22780389585557e-13,4.77807085936912e-09,5.284911735488461e-20,1.526222312216953e-27,0.00012057713983926027,3.8710433001557045e-32,4.895658927628376e-25,1.1139978117858444e-08,2.278993498474638e-16,2.54281786836722e-07,9.774983218455334e-19,3.5467357995928506e-05,6.175060077546814e-07,2.03187922420101e-17,5.4375637251160796e-17,2.3210181882618372e-15,1.9584758132077415e-18,2.374559856404361e-10,0.0,0.0006260452046702004,2.2838963996407046e-06,3.499128036681205e-05,3.442395248188606e-07,1.053900962568733e-18,4.1889595846067857e-10,5.100687515877246e-05,8.47902666778851e-05,1.1865366796092379e-18,3.0517417691419936e-10,1.218825853376531e-07,0.0001560239795266953,4.963671123327185e-06,3.9702471046200716e-07,3.2199582683235964e-20,0.0,5.999522916565983e-14,2.271297628494843e-34,9.696835616264094e-26,8.5868450269236e-27,3.9113447413018806e-14,1.610381439789357e-12,1.1313057889356429e-07,2.7149253435307617e-13,1.3944544753984181e-15,3.4153064896728146e-25,2.3711627560731588e-07,5.1077945458826235e-12,1.9001603975675e-29,3.345937836081701e-11,4.518855816923761e-21,2.5405206242123305e-25,0.0,2.0478467084621632e-23,4.1213570479080987e-23,1.627154031409466e-08,3.520551914313301e-08,3.454400977374904e-06,9.392600244042795e-06,7.609456707593012e-18,4.970850014534734e-07,1.3599450923857272e-12,4.368822714327732e-11,1.4215852006830465e-37,1.012790022087523e-21,1.9723123046648913e-17,2.6273385379516875e-18,5.284623630236516e-27,6.760586641581636e-14,1.988898669186326e-10,1.3622049255789147e-17,4.465881460283003e-14,1.2842047340600072e-21,1.501180819138375e-10,1.3592043692499567e-27,3.4907874971847733e-17,1.2317705115858142e-14,0.0,2.554977050543705e-19,8.949665511717052e-10,2.0038672687934464e-16,2.4794309010841876e-06,4.7396099162447244e-11,3.0350581617152663e-09,6.927973692202681e-13,4.839782653004858e-11,1.3170109521436424e-07,1.8174205925238323e-11,3.032444840496781e-06,1.1009071665046322e-50,1.0783802026220974e-05,9.846368231998831e-15,2.1555117983379434e-09,5.510441468931399e-07,6.194175260290675e-08,1.7693136869171552e-22,4.850042394563501e-20,1.5277219954349337e-05,2.9437965907055953e-08,4.707349845281625e-24,8.363058421975956e-10,0.0,1.1518347876674638e-08,3.040384061077157e-08,0.0,3.0728620898926307e-06,1.1300972553747769e-07,2.4064737750608958e-06,0.0,1.5327294917142192e-08,1.5173880531160637e-09,3.6585561811637455e-08,3.287754351616671e-11,3.5774065274667883e-16,1.4355025404339745e-11,0.0,5.495922364731374e-12,7.012880839963209e-26,7.693553903423757e-12,9.066537089018613e-21,5.561827831066713e-13,4.650743883036545e-08,7.0305719306403385e-09,0.0,6.819642157171107e-14,4.046399687900194e-30
0.05481249999999999,0.06577835774876953,355.937445971043,1.0711625726510712,0.6156984809184484,7.84232950351661e-17,0.14866441668861788,2.4413965681133665e-12,0.0448084186004076,0.1824060543528524,0.004064976212715195,0.0,0.0,7.807274326560358e-17,1.565904040679936e-17,0.0005884837626167112,0.0,0.0,1.2580197286588673e-08,9.787509487891052e-08,0.0016304244545158463,0.0007524393578611854,6.600507341122584e-16,2.89737489763305e-23,1.6324699365546126e-13,5.66214399824309e-09,8.87919499340574e-20,3.6862231014902294e-27,0.00014149021127700913,9.102296067136405e-32,7.78310075872988e-25,1.3232296855312726e-08,3.2187231790309483e-16,3.088973468731549e-07,1.5855981510271916e-18,4.184332365219998e-05,7.382360084058247e-07,4.280514572991672e-17,7.182309935465807e-17,4.204373768341954e-15,3.3869359675618803e-18,2.8914128518238235e-10,0.0,0.000711057030244924,2.771004577757186e-06,4.285126602127998e-05,4.092283111819373e-07,1.813084191909361e-18,5.325711821992211e-10,6.540528249213628e-05,0.00010492659358024463,1.9433353227579236e-18,6.789630705430522e-10,1.7349708162495116e-07,0.0001986992419848199,6.4441823486849515e-06,5.23703469344229e-07,5.90597185005185e-20,0.0,6.664335573683558e-14,3.5612436528454914e-34,2.186191799914958e-25,1.9778598510934154e-26,1.2677904510910568e-13,2.0801448583560602e-12,1.197751898047628e-07,3.783821801811856e-13,2.635485984871961e-15,7.134896011775954e-25,3.440783274692461e-07,7.203644121939435e-12,6.68956286144047e-29,5.567386435724346e-11,1.0804504606202098e-20,5.137847185861027e-25,0.0,4.285858517761978e-23,7.021647763474612e-23,2.003053411443272e-08,5.323522580408143e-08,4.45281640628984e-06,1.2251771010147244e-05,1.9990167267937425e-17,5.980927043994318e-07,1.9199545177248034e-12,5.000745868256193e-11,1.2170961594170581e-36,3.032340057592396e-21,4.3892836821036174e-17,4.509661990401785e-18,1.2075790222028708e-26,1.1065880605746616e-13,2.8382432549747205e-10,3.0363827907023776e-17,6.696650516002263e-14,5.08125935717291e-21,2.223687456800497e-10,2.5918332060285456e-27,1.0468731092100198e-16,2.504448427811714e-14,0.0,8.952754671062725e-19,1.2168764615747858e-09,3.459038660519921e-16,3.3579958991119184e-06,5.348008557228716e-11,4.251470612529233e-09,1.0522064237128187e-12,7.647232284443567e-11,1.8791785476529453e-07,2.80594755741274e-11,4.188347903217951e-06,6.563514752054966e-50,1.4825835021955608e-05,1.0278004390242006e-14,2.8422680043733388e-09,7.46259875021572e-07,9.333792328452226e-08,3.41924557018238e-22,8.431020459834597e-20,1.9897555316242256e-05,4.116757411122563e-08,1.2462913670983541e-23,1.0990783051492177e-09,0.0,1.8199498660915926e-08,4.237250161741615e-08,0.0,3.982376657534016e-06,1.5150675843274215e-07,3.008796545227361e-06,0.0,1.8578939661266817e-08,2.1310579044460015e-09,4.963020088048653e-08,5.140769743854004e-11,6.148305370751199e-16,2.1985116415596372e-11,0.0,1.0943151647042364e-11,1.6270216632515172e-25,9.997865916850493e-12,1.854724990412531e-20,7.531098648668348e-13,6.217844872725209e-08,8.825349180762391e-09,0.0,1.1524468129140353e-13,1.5488807950906945e-29
0.05487499999999999,0.06726731704993655,363.8478109141507,1.0474524290395282,0.6155026223241349,7.841157938972601e-17,0.14867961807830518,2.94317320025547e-12,0.044537131936618,0.1816722293803407,0.00460156946495237,1.610257775507514e-32,2.0004067321615437e-35,1.125824608056614e-16,2.981541038743722e-17,0.0006102997506583334,0.0,0.0,1.4531764972652286e-08,1.174016028186819e-07,0.0018588146752083635,0.0008919307096404914,1.173625464851526e-15,6.579886951334391e-23,2.196020638678615e-13,6.702789598811319e-09,1.5369130079347276e-19,9.305501050710687e-27,0.00016585548049447512,2.1997747692200335e-31,1.250628468888859e-24,1.5697184953554868e-08,4.586159367257954e-16,3.747997481066537e-07,2.6025506953838112e-18,4.930968027273418e-05,8.816390291599789e-07,9.451896579921977e-17,9.514546503860575e-17,7.618007579853545e-15,5.98109826841315e-18,3.517466398535305e-10,1.2099966785530263e-27,0.0008066235623634542,3.3585348577237556e-06,5.2424994577284704e-05,4.875308379013282e-07,3.1644908359204143e-18,6.731202352289811e-10,8.38038112605877e-05,0.00012972854386678328,3.2176834154974985e-18,1.3766207911482613e-09,2.4610025963052317e-07,0.0002528408879549437,8.35626823675935e-06,6.904034657837102e-07,1.1129068940212616e-19,2.276463818333873e-28,7.375264006594667e-14,5.580357113854804e-34,5.2689207958068355e-25,4.8807857592044625e-26,4.4007770671810033e-13,2.6573628901276244e-12,1.233104130752289e-07,5.245436007600318e-13,5.248161139435e-15,1.5788733471764206e-24,4.995950996722374e-07,1.0159082843456627e-11,2.475029522559532e-28,9.276229358777031e-11,2.6189068040665277e-20,1.0968405132761367e-24,0.0,9.392371164015604e-23,1.2532955647442484e-22,2.463050758123099e-08,8.055226054300415e-08,5.735456578247157e-06,1.5970977777450113e-05,6.206818253394946e-17,7.187261510187562e-07,2.6599934185560407e-12,5.481862506870674e-11,1.0239080579504643e-35,8.764643721605161e-21,9.401154337802991e-17,7.611379892906291e-18,2.7786358622285865e-26,1.8126089983486336e-13,4.0510499118446843e-10,7.781240019439745e-17,9.986947006741691e-14,2.176444494116123e-20,3.307740936210459e-10,5.146424532393321e-27,3.319221152673027e-16,5.149442250993219e-14,0.0,3.3868003170423473e-18,1.6540911061500487e-09,6.073138077283787e-16,4.54621895130809e-06,5.819264654009225e-11,5.95502387834486e-09,1.5591171986826413e-12,1.2095668691888959e-10,2.6816798307179127e-07,4.337067105160655e-11,5.7842032254416995e-06,5.785932204770746e-49,2.037940443558635e-05,1.0828389242194584e-14,3.745671413301634e-09,1.0103105825936252e-06,1.4074262427740323e-07,6.798564658125196e-22,1.5048957987132332e-19,2.5898120590704233e-05,5.754725416971658e-08,3.497578061293688e-23,1.443601172772562e-09,0.0,2.8785325119826145e-08,5.904823437365846e-08,0.0,5.157872520467165e-06,2.0303707992828005e-07,3.758627667553518e-06,0.0,2.177124142458664e-08,2.9929227648484322e-09,6.730589345856092e-08,8.052428718141941e-11,1.0917336839366506e-15,3.362434598009408e-11,0.0,2.2444297046724377e-11,3.8428261006085363e-25,1.3007562470896321e-11,3.975494783593282e-20,1.0186124005258775e-12,8.261919163635022e-08,1.0606794017172343e-08,0.0,1.9711149476004504e-13,6.736193805456758e-29
0.05499999999999999,0.07078501299316528,382.5589811895692,0.9953987576239279,0.6150281095014082,7.837804010165992e-17,0.14868829580245763,4.2546582870789224e-12,0.04391213294539157,0.17993702110264725,0.00583918405110939,0.0,8.546932263700932e-35,2.3203932348407197e-16,1.156263302317963e-16,0.0006547743509626114,0.0,0.0,1.9298736505284976e-08,1.6661244553473453e-07,0.0023953623596397644,0.00123801088319782,3.562894198221592e-15,3.739357743801398e-22,4.085913169883039e-13,9.279894631925107e-09,5.108830226308664e-19,6.583839246162882e-26,0.0002253280207557991,1.4908457162301945e-30,3.2948925658585566e-24,2.179958676521864e-08,9.289358217142705e-16,5.433946615409494e-07,7.143004741299407e-18,6.765573337721191e-05,1.2409661202203577e-06,4.969947113410096e-16,1.7064444891621096e-16,2.362199874406653e-14,1.9436872821863376e-17,5.129150140864007e-10,2.1765224661515027e-24,0.0010285057304809085,4.8615204327528195e-06,7.72422811112021e-05,6.901521105175569e-07,9.859655792642948e-18,1.0369645724798536e-09,0.00013464015572115385,0.00019500111481638428,8.94524627222137e-18,4.460071800659455e-09,4.756502928912143e-07,0.00040102253030205933,1.3706541430766685e-05,1.169157730828631e-06,4.176359854341379e-19,0.0,8.931630190121633e-14,1.3354128353338078e-33,3.647862547882753e-24,3.5654788697497237e-25,5.947916077341784e-12,4.0862985594056765e-12,1.1769156892770704e-07,9.63636519615908e-13,2.3881038331043208e-14,8.906844886626091e-24,1.0076798063474624e-06,1.944311532878465e-11,3.581067605711411e-27,2.367847546897151e-10,1.505068827904074e-19,5.622839104345596e-24,0.0,4.869607011192504e-22,4.520838243675094e-22,3.662356076928617e-08,1.7456526276460934e-07,9.304352236384641e-06,2.6491952940798002e-05,8.041767552200345e-16,1.0230167518253924e-06,4.667779962286347e-12,5.6649550432523144e-11,7.138041172846438e-34,5.2129288661760187e-20,3.3757355105746403e-16,1.930631953850407e-17,1.396385511646279e-25,4.490419349934657e-13,7.923457540739269e-10,4.946201168921794e-16,2.093660293996677e-13,4.565469131799729e-19,7.039668668593679e-10,2.2399110830113835e-26,3.6081504687462594e-15,2.1489833349231238e-13,0.0,5.716498617933371e-17,2.9627244264303124e-09,1.885092678700456e-15,8.082837014327508e-06,6.040260917034997e-11,1.1259356117823333e-08,3.0081133756097223e-12,2.828924352793732e-10,5.242707504248866e-07,9.754348776342396e-11,1.0663697685308173e-05,1.6033391755626953e-46,3.725326811041773e-05,1.2345112324917802e-14,6.339035914008523e-09,1.7964469432198175e-06,3.032093326546848e-07,2.653799161723692e-21,4.620686546300174e-19,4.28369428917098e-05,1.083063396831254e-07,3.138356736833137e-22,2.428427363557451e-09,0.0,6.731722918208775e-08,1.1063363884773843e-07,0.0,8.45527370008884e-06,3.5438582890104744e-07,5.760370302177923e-06,0.0,2.6506249014573307e-08,5.686629940801778e-09,1.2005310327259879e-07,1.8587724287743078e-10,3.3534442739921023e-15,7.35469546530852e-11,0.0,9.935767862038732e-11,2.134847743098095e-24,2.1625491095039106e-11,1.845797923133681e-19,1.8057653878802164e-12,1.392905473036441e-07,1.3028065143458328e-08,0.0,5.75859938560987e-13,1.4178344501678969e-27
0.05512499999999999,0.07509779053383307,405.5229744570786,0.938234171140969,0.6144212217313617,7.832812330810358e-17,0.14865028365883912,6.21914269940382e-12,0.04316090798951935,0.17778487661706685,0.007323267000841266,1.5969157149236016e-32,2.6654104146837233e-33,4.559198910073572e-16,4.831832971169197e-16,0.0007007190389175505,0.0,0.0,2.5608153821858396e-08,2.324216950896278e-07,0.003055731299355994,0.0016925410852496135,1.0582554253388022e-14,2.3705237858281462e-21,8.085628717908282e-13,1.2673847638851199e-08,2.114711725842838e-18,5.333489617562864e-25,0.0003019135236543183,2.180888360035169e-29,9.311022241081342e-24,2.9780143051962932e-08,1.990233352653906e-15,7.728175137881299e-07,2.0290931445524735e-17,9.145834382375746e-05,1.718328708265637e-06,2.8544605971503087e-15,3.4417556882716718e-16,6.950107067438603e-14,6.756198942382506e-17,7.350186764255306e-10,1.247568972134566e-22,0.001297188621419927,6.907771905855607e-06,0.00011156573121428506,9.841282740572915e-07,3.221079130162952e-17,1.4900899648870645e-09,0.00021041490869832893,0.00028692605542729905,2.5804661645653468e-17,1.3654453061560308e-08,9.000135484237161e-07,0.0006194464385596694,2.174891574878274e-05,1.9155674305696167e-06,1.615633276559908e-18,2.0596209466009406e-27,1.0936388030685945e-13,3.0486598138729903e-33,3.0658378472471254e-23,3.1880474245919152e-24,9.059476766196228e-11,6.028804735662865e-12,1.0234754449360708e-07,1.7230258321993889e-12,1.2648329183718812e-13,5.795235633666774e-23,1.925666595134023e-06,3.548611935938903e-11,5.603835146238426e-26,5.530426070255049e-10,9.189621906392523e-19,3.338449113923063e-23,0.0,2.7333127276183597e-21,1.882374702816967e-21,5.3308817982151156e-08,3.54767776896511e-07,1.4666943904149017e-05,4.26102670536101e-05,1.2835075074707441e-14,1.4299180745557798e-06,7.573424009195111e-12,5.001793621359524e-11,6.284869955943521e-32,3.13700516820762e-19,1.0971819403163666e-15,4.390746426498793e-17,6.79417245824155e-25,1.0162764842477681e-12,1.4746014986046165e-09,4.612214731108466e-15,4.118898556722515e-13,1.1060983460880953e-17,1.4797421916225199e-09,1.106341883513028e-25,4.275187555129067e-14,9.10287403693483e-13,0.0,1.1544681711641904e-15,5.103176788068804e-09,5.87298561627353e-15,1.3829217756050593e-05,5.4997739717390026e-11,2.0336566867205612e-08,5.127089286155442e-12,6.13756308005826e-10,9.75122209270825e-07,2.0450014169795852e-10,1.8844634555599165e-05,1.1174498848099604e-43,6.53335075997519e-05,1.4599264850396353e-14,1.0380179677363121e-08,3.0744631762580297e-06,6.134109576083893e-07,1.124822472968964e-20,1.526658975202882e-18,6.872353136023137e-05,1.9421137168698505e-07,3.243192432487721e-21,3.955813250236612e-09,0.0,1.4603310355687448e-07,1.9826773738424634e-07,0.0,1.3456649809453284e-05,5.966144970270883e-07,8.630044454599265e-06,0.0,2.6557717453864878e-08,1.0317225021301037e-08,2.0603791775029114e-07,4.007913737564309e-10,1.1604317933693229e-14,1.4852650591751946e-10,0.0,4.968197389980083e-10,1.2134035675160682e-23,3.545578336341195e-11,1.0048275634503557e-18,3.0793173905736702e-12,2.1376988383560765e-07,1.2989426833990589e-08,0.0,1.6095455162004431e-12,3.778830013375892e-26
0.055187499999999994,0.07759834737784112,418.8439778183641,0.9080001735213433,0.6140514580684638,7.829498353379967e-17,0.14859921999094347,7.63423478984205e-12,0.042724910476248094,0.1765058960538316,0.008180820720049008,7.729165054398571e-32,1.0682028961843192e-32,6.02838727306303e-16,1.020779336789133e-15,0.000724532184163053,0.0,0.0,2.965298391058723e-08,2.7383001553052745e-07,0.0034459002410896387,0.0019746916951130984,1.862564784036575e-14,6.259013851410007e-21,1.192031771651509e-12,1.4802147970085463e-08,4.812959558049266e-18,1.6112380256875967e-24,0.0003487324316530007,1.3770965855646675e-28,1.6645428832632542e-23,3.4712209145794173e-08,3.176851682938708e-15,9.19171483869607e-07,3.4883692264186783e-17,0.00010608903245714227,2.0172139182607373e-06,7.195258039009545e-15,5.346950349197515e-16,1.1873580293737607e-13,1.309661773173357e-16,8.790842441600394e-10,9.359667698465511e-22,0.0014537853804560223,8.213456974135506e-06,0.0001337377546295993,1.1911509690924552e-06,6.037205753076008e-17,1.7242567541394587e-09,0.0002623237507674311,0.00034716304027941034,4.525523935640216e-17,2.5393857547270978e-08,1.259662126959846e-06,0.0007677545312040757,2.7260292179358385e-05,2.44546381309802e-06,3.0831127040897772e-18,1.1479476264782698e-26,1.2333190150819406e-13,4.416203401180573e-33,9.461667919303654e-23,1.0179849293388178e-23,3.7543038249424914e-10,7.404949002363383e-12,9.486161370390185e-08,2.3390499468682225e-12,3.056697547518977e-13,1.5428138436958533e-22,2.6597006949212e-06,4.78550833071402e-11,2.363685654396516e-25,8.507898955499535e-10,2.5564633514284e-18,8.638786601093803e-23,0.0,6.708295807479871e-21,4.041243507415507e-21,6.412774755940427e-08,5.058928434767102e-07,1.8363682859101973e-05,5.3895138236793294e-05,5.504766849799587e-14,1.6857248624637908e-06,9.653948591427767e-12,4.595475582579682e-11,6.9238594418915335e-31,8.954531712527812e-19,2.1082591521203203e-15,6.648133282603878e-17,1.5544476837175044e-24,1.5253013876741887e-12,2.009390373529289e-09,1.719225503134663e-14,5.780200275268354e-13,5.859768679139097e-17,2.2135811908588507e-09,2.6058494700460025e-25,1.5524011129999677e-13,1.9515426793140005e-12,0.0,5.574016117149488e-15,6.682489261302351e-09,1.0524538025561366e-14,1.804609088005783e-05,5.231785768381175e-11,2.7283044983169748e-08,6.667578595656584e-12,9.069113402026303e-10,1.3282380723695144e-06,2.9634145236844715e-10,2.50036532243586e-05,3.575686926303014e-42,8.634034466112054e-05,1.614006347878212e-14,1.3247906657786277e-08,4.012854047809883e-06,8.731914059863712e-07,2.5754471284722602e-20,3.0762889648755055e-18,8.681166186180072e-05,2.5883161110805236e-07,1.100448789136905e-20,5.035768474766193e-09,0.0,2.1576660035005305e-07,2.649416234862706e-07,0.0,1.692853672086003e-05,7.72254339438976e-07,1.053965954083302e-05,0.0,2.5098274779944777e-08,1.3874440989871531e-08,2.6931311539851025e-07,5.903220907705685e-10,2.3779229056034034e-14,2.1075281173565687e-10,0.0,1.1660176294256408e-09,2.819729833417263e-23,4.591363854686654e-11,2.6157689773120515e-18,4.010859644370056e-12,2.501973284175685e-07,1.249882814868081e-08,0.0,2.5859295891080095e-12,2.156543485788419e-25
0.055249999999999994,0.08034888545753632,433.50284159516224,0.8769171114122941,0.613633793947152,7.825562811688347e-17,0.14851540201279143,9.449479867526378e-12,0.04224865749679268,0.17508594169732478,0.009113379064939307,0.0,4.5416744552451795e-32,6.955732942271493e-16,2.1765798434504918e-15,0.0007486182867997939,0.0,0.0,3.442099260629776e-08,3.216617318328377e-07,0.0038773728234815005,0.0022975890487020863,3.293475554470237e-14,1.6807722610046106e-20,1.8340294338087825e-12,1.7263289000958944e-08,1.1627606389068426e-17,5.021169872905774e-24,0.00040173703141693713,1.0811541967247691e-27,3.13317366535766e-23,4.033544448362172e-08,5.404957787920046e-15,1.089896641261519e-06,5.99142949847638e-17,0.00012271315022478572,2.3612941813818595e-06,1.8485666722066058e-14,8.826501446674958e-16,1.962997227010033e-13,2.5737683778988432e-16,1.0495913012436519e-09,0.0,0.0016252109015047443,9.736752163229026e-06,0.00015983195748862155,1.4532339116343358e-06,1.1585143640991622e-16,1.939848625888238e-09,0.00032603550871338334,0.00041878825167438746,8.107563515168017e-17,4.672194610278167e-08,1.7698694998055522e-06,0.0009486230514228925,3.4015322340104165e-05,3.1128823536213793e-06,5.231454769035214e-18,7.16834802055513e-26,1.4080262378323175e-13,5.729580490890735e-33,3.015997537175629e-22,3.3639294597338364e-23,1.6010078834641512e-09,9.104170587256022e-12,8.718383216193074e-08,3.183415246773572e-12,7.576362386338175e-13,4.194841827971775e-22,3.669578642435426e-06,6.44122061433921e-11,1.0259302523159435e-24,1.314945742178542e-09,8.039235607895523e-18,2.2922927656913157e-22,0.0,1.660834799792157e-20,8.923080183625518e-21,7.688763326071337e-08,7.205017629494101e-07,2.2921374079047763e-05,6.796616605696754e-05,2.4411170814083823e-13,1.980912136984117e-06,1.2224617972700419e-11,4.152479747987144e-11,7.93244914436281e-30,2.47186616903167e-18,3.973721938432052e-15,1.002822333929053e-16,3.663670549921499e-24,2.284901669568441e-12,2.7341918196401656e-09,6.497660021308924e-14,8.119816132262427e-13,3.224243221383037e-16,3.3409834909135393e-09,6.372186902830307e-25,5.791652159654923e-13,4.292490366117494e-12,0.0,2.790356842579571e-14,8.728784558780886e-09,1.899613552086989e-14,2.348765509588546e-05,4.965124410565472e-11,3.652926233796841e-08,8.60067859556765e-12,1.3429184419927917e-09,1.8064850150789883e-06,4.295527693238486e-10,3.3104064515451446e-05,1.2557643596019598e-40,0.00011383602455079839,1.8028288908786937e-14,1.6858808109398137e-08,5.224395473998019e-06,1.2432712267124784e-06,6.041957148174979e-20,6.308166981704034e-18,0.00010933316505843638,3.4350847105230656e-07,3.836084595893107e-20,6.3921038256698946e-09,0.0,3.194659675087537e-07,3.533116937778854e-07,0.0,2.1230318342020396e-05,9.969436575381e-07,1.2835946111725375e-05,0.0,2.2915776101508226e-08,1.8623214628452313e-08,3.511414392245713e-07,8.708193959800151e-10,4.968862022058529e-14,2.9869927286778717e-10,0.0,2.7212871920648545e-09,5.641944806492854e-23,5.985868290133513e-11,6.988979627878655e-18,5.210202678050866e-12,2.780837457284393e-07,1.1760195074835386e-08,0.0,3.969931259905569e-12,1.2794906541323812e-24
0.055312499999999994,0.083360513494722,449.5590804505552,0.8452360632099668,0.6131647605335303,7.820941875606826e-17,0.14838871606234355,1.1811448328441006e-11,0.0417305184090086,0.17351662277713323,0.010122381638092006,4.3213921830526636e-32,1.5938138165213229e-31,0.0,4.669617968799848e-15,0.0007729267621183855,0.0,0.0,4.0089555530317605e-08,3.7659527965919645e-07,0.004352482048167575,0.00266515433659813,5.839132585530979e-14,4.5711576848581515e-20,2.9105786189392896e-12,2.011105215065149e-08,2.946635883181878e-17,1.6068011952117827e-23,0.0004614382060592541,9.377602144927667e-27,6.150960695068994e-23,4.670975041969607e-08,1.0119059968875068e-14,1.2879566941614233e-06,9.55569180898282e-17,0.00014150126251582024,2.755194887252734e-06,4.8106439531391473e-14,1.5396949998277314e-15,3.0683701125204136e-13,4.922252773991914e-16,1.2511637519876919e-09,0.0,0.0018120012300474986,1.1503336590470891e-05,0.00019035290789000666,1.7907748853856216e-06,2.282397700308179e-16,2.108096840306891e-09,0.0004036644793605018,0.0005034146052424408,1.489018362977796e-16,8.598134449385124e-08,2.4926219833144147e-06,0.0011676296045393581,4.220256087816537e-05,3.9468278937476645e-06,2.7954221169736913e-19,4.604076303247236e-25,1.6297808347131097e-13,1.0123560158950797e-33,9.836248106884796e-22,1.1393105447644244e-22,6.9191903562770684e-09,1.120106704832881e-11,7.960606724741162e-08,4.337616202096251e-12,1.9116840695710914e-12,1.1575723674818892e-21,5.044717390859807e-06,8.637404087601017e-11,4.543132397365728e-24,2.0292692252068627e-09,2.9324912751732884e-17,6.196919459182089e-22,0.0,4.1318924860322016e-20,2.0133350154321634e-20,9.18306354737239e-08,1.0182203686970442e-06,2.849871340435535e-05,8.5376609515571e-05,1.1026061517343888e-12,2.3194313505040564e-06,1.5379218392675833e-11,3.701616253263498e-11,9.424297726052575e-29,6.858802800119451e-18,7.43728399293825e-15,1.5043628306578525e-16,9.19691288275852e-24,3.3868646837166696e-12,3.7071053888562164e-09,2.514381982691652e-13,1.141267496556494e-12,1.8146030194575696e-15,5.08227925943816e-09,1.619930995763938e-24,2.1931752556118023e-12,9.798602259914755e-12,0.0,1.4306302327107511e-13,1.1357307833157028e-08,3.439237761895553e-14,3.044951351982027e-05,4.711522853458828e-11,4.8722072379500394e-08,1.1003500239591173e-11,1.9837722267229237e-09,2.447951810474993e-06,6.198359134184082e-10,4.366324419186928e-05,4.7043511737444944e-39,0.0001494998787910999,2.0325556023164902e-14,2.1369332059369936e-08,6.775316868402568e-06,1.7648200216200318e-06,1.4672759684376188e-19,1.3258775617244992e-17,0.0001371603518897114,4.527754528641928e-07,1.3613826271909567e-19,8.082245301495074e-09,0.0,4.7186198306966315e-07,4.693673672353475e-07,0.0,2.6519934787646918e-05,1.2820080253257765e-06,1.5579454653091675e-05,0.0,2.0366825908131287e-08,2.4903757781434515e-08,4.560616536708208e-07,1.2805784647899005e-09,1.0509483136134957e-13,4.2096034454221757e-10,0.0,6.135368559334196e-09,0.0,7.872718969542195e-11,1.8986740254602644e-17,6.7413548409773345e-12,2.871483771544033e-07,1.0880282134470723e-08,0.0,5.679942419869867e-12,7.815425563957825e-24
0.055374999999999994,0.08664295255299106,467.06465377699925,0.8132145774709585,0.6126413168228635,7.815570668755964e-17,0.14820682910529565,1.4976788705197344e-11,0.04116905996431287,0.1717900965564544,0.011208701634426724,0.0,1.001328440854987e-30,3.5084537850675405e-18,1.0311006003058839e-14,0.0007974078790529256,0.0,0.0,4.692066436187027e-08,4.393245334505335e-07,0.004873425825128685,0.003081359839340122,1.0363373469011427e-13,1.2869269156376408e-19,5.612901641788852e-12,2.3415674980975843e-08,7.907900796417153e-17,5.270909500022456e-23,0.0005283417139171553,8.553927737817242e-26,1.4908433494994932e-22,5.389441756741466e-08,2.1642757164781764e-14,1.5165753071780877e-06,1.7299015192243482e-16,0.00016262257299678467,3.203638461755689e-06,1.2629994767262975e-13,2.805063613562165e-15,4.417853353587463e-13,1.0337579943148152e-15,1.4896461107796388e-09,1.8240922663734106e-16,0.002014608857997129,1.35399316100707e-05,0.0002258326211017766,2.2346424237403e-06,4.713786525813341e-16,2.2011334993600423e-09,0.0004975627493676068,0.0006027700588855541,2.8719590299670756e-16,1.5920009940826447e-07,3.5109233399473417e-06,0.0014309369316709637,5.200339754072008e-05,4.98055682375352e-06,1.1665945753516982e-18,3.001806734490142e-24,1.940366034645002e-13,9.714783890288288e-33,3.2496353416761457e-21,3.9145920848040977e-22,2.966411955377245e-08,1.3774837403820856e-11,7.22987754675518e-08,5.904462529746175e-12,4.872789187036514e-12,3.2240162150333183e-21,6.897786780143933e-06,1.1532122038214999e-10,2.0398944761226208e-23,3.1143773165458296e-09,1.2228832031270966e-16,1.73855858047296e-21,0.0,1.0563791670426757e-19,4.6095105283529563e-20,1.0919768531439858e-07,1.4108484477543696e-06,3.5273074342769184e-05,0.00010675369630681082,4.997735313465218e-12,2.705234708376117e-06,1.9212860831164286e-11,3.264371910342976e-11,1.1509209758695969e-27,1.9866644906753273e-17,1.3915253401038783e-14,2.240152277492728e-16,2.6863290189837415e-23,4.924279357319443e-12,5.000482542760285e-09,9.808797486924472e-13,1.60853531969459e-12,1.029847453961911e-14,7.790595018864597e-09,4.290470535223076e-24,8.328136145378783e-12,2.3689490737581033e-11,0.0,7.41996478004752e-13,1.470453322313043e-08,6.226690664714787e-14,3.9280026792217916e-05,4.486389638332409e-11,6.465025103791487e-08,1.395809796595686e-11,2.9145358791453533e-09,3.299991356885665e-06,8.859769219598229e-10,5.7304844280663386e-05,1.82709580910986e-37,0.00019533277409363478,2.3100252150127427e-14,2.6958758240479767e-08,8.743784509014313e-06,2.491873528424198e-06,3.736893295315085e-19,2.8689322268930114e-17,0.0001712804195057854,5.912181051013022e-07,4.874016588989232e-19,1.0171882011963019e-08,9.632539585403475e-32,6.931624524189626e-07,6.203826182420905e-07,0.0,3.2975157078910976e-05,1.6406794725232854e-06,1.8833779539108392e-05,0.0,1.7732306092649067e-08,3.3132589944486187e-08,5.894412519394264e-07,1.869274496013111e-09,2.2256147728488728e-13,5.87583032244258e-10,0.0,1.2909349569918936e-08,7.77879744576932e-25,1.0477097330138139e-10,5.177335680861391e-17,8.679641936614627e-12,2.686236106609719e-07,9.93519451657959e-09,0.0,7.361248438711425e-12,4.8482580244416154e-23
0.055437499999999994,0.09020448418321117,486.0635626925497,0.7811065336618468,0.6120610275292846,7.809385285006575e-17,0.14795487211435684,1.9286836230132627e-11,0.0405630602842066,0.1698991741322694,0.012372671962474519,6.075537938586695e-32,6.725464813512952e-30,3.418138594832524e-18,2.317151597960335e-14,0.0008220138710053553,0.0,0.0,5.525373012426392e-08,5.105526071147264e-07,0.00544225164994599,0.003550196262930288,1.8368336017217257e-13,3.7033956907503186e-19,1.1954333963335779e-11,2.7272323279979943e-08,2.204221308408281e-16,1.7635287719755828e-22,0.0006029437527598309,7.833313143118517e-25,4.059503492302805e-22,6.194775855039398e-08,5.044489412938419e-14,1.7793448331373173e-06,3.190807749928409e-16,0.00018624337849924892,3.7114137320076233e-06,3.319585927792434e-13,5.257523451472854e-15,5.759995497136429e-13,2.2172771031072858e-15,1.772729141422489e-09,1.5631972003137735e-15,0.0022334024756801205,1.587410195601581e-05,0.0002668271275832102,2.8328767302922053e-06,1.032900856048628e-15,2.2064909694880483e-09,0.0006103217604982767,0.0007186897059988807,5.898077479214181e-16,2.976821038605318e-07,4.934265309751396e-06,0.0017452962706428117,6.357159982925615e-05,6.251809679536028e-06,4.82364590400944e-18,1.959306856531607e-23,2.3750912356617966e-13,9.110690118139842e-32,1.0770361655470439e-20,1.3509237556062587e-21,1.2124567938551016e-07,1.6912778858093742e-11,6.538672655562339e-08,8.011282634233153e-12,1.2451861351917477e-11,9.019560303453576e-21,9.368800531997089e-06,1.5315947796445322e-10,9.273684105065444e-23,4.74132692487515e-09,5.516862154019202e-16,4.98204664122386e-21,0.0,2.742729378041071e-19,1.0629771069139366e-19,1.292076822335411e-07,1.861330562602371e-06,4.3440765013805604e-05,0.00013280144578450137,2.2307144073082403e-11,3.142098730689378e-06,2.3822727619924176e-11,2.855959280462627e-11,1.4282504198092552e-26,5.8238683873622e-17,2.6147322639034886e-14,3.306290041237404e-16,1.0377947488142018e-22,6.945362440138569e-12,6.703363163024438e-09,3.782292230025232e-12,2.286719169315618e-12,5.816484302996433e-14,1.20392583049076e-08,1.1871501597793994e-23,3.1283533516960416e-11,6.227180596374654e-11,3.533109338667807e-21,3.8459578781223e-12,1.893016240055936e-08,1.1236237784411243e-13,5.0385282711492786e-05,4.305384546713068e-11,8.526449060233016e-08,1.7553950123530467e-11,4.250258135004796e-09,4.420770229115523e-06,1.2437331886311713e-09,7.477228172222172e-05,7.154560851051055e-36,0.0002536809402960523,2.6427506307879883e-14,3.383037720381018e-08,1.1221062243125967e-05,3.494431827699051e-06,1.0202163723637523e-18,6.415264666535352e-17,0.0002127995021309455,7.626804672401782e-07,1.74485791166658e-18,1.2735397704773812e-08,1.8908928920359207e-30,1.010698450256178e-06,8.150884761817308e-07,3.941801400777911e-21,4.079408906768375e-05,2.0882551015682834e-06,2.2662309226797208e-05,0.0,1.5212901304002722e-08,4.381376425758497e-08,7.575594698123367e-07,2.6935573675612205e-09,4.663561727074379e-13,8.081269872254456e-10,0.0,2.474533914748673e-08,1.3440752949650017e-24,1.4163792600610655e-10,1.397579691079684e-16,1.1112769113589855e-11,2.2376569583599645e-07,8.98133198020854e-09,0.0,8.489752046128112e-12,3.010158585730462e-22
0.05546875,0.09209454789182307,496.1465711418363,0.7650758223875298,0.6117454300706251,7.805934596584113e-17,0.14779396036233972,2.2101793191562662e-11,0.04023943964575632,0.16887840233934515,0.012990563012462299,6.819372085939838e-34,1.8051768400469487e-29,5.652393028306002e-18,3.529854185650206e-14,0.0008344798785557941,0.0,0.0,6.02226427091295e-08,5.500611653460603e-07,0.005748691934334701,0.0038087227184413707,2.4570220886033964e-13,6.39811002066901e-19,1.8289305121602408e-11,2.9482974329392785e-08,3.7688110903492006e-16,3.2610681167784573e-22,0.0006437661723500128,2.3688559805486483e-24,7.092832380993747e-22,6.637127347978566e-08,8.22734559988211e-14,1.926767364646625e-06,4.3854029983922607e-16,0.00019919621020896412,3.992508511877186e-06,5.406229003631885e-13,7.282756392116522e-15,6.368184183067626e-13,3.2943380447726686e-15,1.9368379621527844e-09,2.7286518715346945e-15,0.0023502655372594364,1.7178014027343422e-05,0.0002898683393692837,3.2235081291143955e-06,1.587527574456379e-15,2.183646842783387e-09,0.0006755828518706277,0.0007843279792579606,8.77440248796488e-16,4.163860074700233e-07,5.866231985102376e-06,0.001926440243702749,7.012761997830643e-05,7.001083751474824e-06,1.0454050885915288e-17,5.020234350721407e-23,2.676046937231602e-13,2.797061658252036e-31,1.9586180805812547e-20,2.5077214605190516e-21,2.3658994472755721e-07,1.8802412197189404e-11,6.236036977516849e-08,9.354112419666588e-12,1.9887806154042578e-11,1.5099849501078593e-20,1.0918856065560234e-05,1.7657677756798971e-10,2.0058825436139021e-22,5.861549283165209e-09,1.1822766772081897e-15,8.570313461661357e-21,1.724638146405592e-24,4.490618410419431e-19,1.6170112631375217e-19,1.4038744286864665e-07,2.0644233149159304e-06,4.8182295196514274e-05,0.00014804606773464123,4.679642668572855e-11,3.383669633075179e-06,2.658119208310363e-11,2.6788452947008368e-11,5.143262291937064e-26,1.0575241788155034e-16,3.6752522408087467e-14,4.0293401842225185e-16,2.2978763319675995e-22,8.109844266275519e-12,7.761542444431964e-09,7.412240621127268e-12,2.7619420976180614e-12,1.382225396716779e-13,1.5135308441208552e-08,2.01712126364562e-23,6.037107381515501e-11,1.0563684035075346e-10,1.7640717395126088e-20,8.756235232199314e-12,2.1471344251691242e-08,1.5102900758502702e-13,5.7044376470560595e-05,4.266771303900458e-11,9.790302493493527e-08,1.9747158537620673e-11,5.138395011124098e-09,5.11667944908835e-06,1.4638564801638322e-09,8.53940893852068e-05,4.472508485261882e-35,0.0002889727114885893,2.8351047852685727e-14,3.7879422386247004e-08,1.2707392184141596e-05,4.140395568127316e-06,1.78215483593572e-18,9.942546211277944e-17,0.00023707372289371385,8.625498686652052e-07,3.299961771828062e-18,1.4243561443185646e-08,8.18088198991582e-30,1.2218139120901558e-06,9.341127716986616e-07,7.941083771668626e-21,4.5349315595411474e-05,2.355048605505551e-06,2.4839741601944205e-05,0.0,1.4045934363253667e-08,5.037767682792407e-08,8.585504941137577e-07,3.221115975760029e-09,6.729785652393423e-13,9.435592047884734e-10,0.0,3.330564369298997e-08,2.89427914926395e-24,1.6672699624036726e-10,2.288501871723065e-16,1.2569787610231709e-11,1.9705342376380808e-07,8.558880379479494e-09,0.0,8.802376688338185e-12,7.503899288963441e-22
0.055499999999999994,0.09405898625601891,506.62706354376155,0.7490970805855282,0.611414319605523,7.802254799689206e-17,0.14760587296089364,2.5463212100863122e-11,0.03990368006338558,0.1678116348186169,0.013628904084029708,1.0892630925948021e-32,4.9201673906100935e-29,1.0427171160311698e-17,5.412047820050008e-14,0.0008469650057783745,0.0,0.0,6.579563820805052e-08,5.921222733092258e-07,0.006068542182123928,0.004082864816594504,3.289831811616404e-13,1.1134246151201545e-18,2.8625433260742166e-11,3.1897970954455614e-08,6.500277894734486e-16,6.0590492135014485e-22,0.000686827319625597,7.136008644023929e-24,1.2745815819500344e-21,7.104910884550851e-08,1.3472438582524644e-13,2.085075230596775e-06,6.06419527940518e-16,0.00021287865887467786,4.29138029479674e-06,8.805733070852759e-13,1.0128546578202733e-14,6.90247221146479e-13,4.925208816168311e-15,2.117455496186398e-09,4.329618732552995e-15,0.0024715188116772235,1.857294967325459e-05,0.00031462204569199703,3.6901961999388387e-06,2.515700935562533e-15,2.148091932176009e-09,0.00074712425642035,0.0008552067440996882,1.3439150587950513e-15,5.838647250852297e-07,6.9757088932309545e-06,0.0021244184279894827,7.719298912837418e-05,7.832906914127984e-06,2.3209547754692147e-17,1.2838127281028435e-22,3.0481284149906173e-13,8.574451890359493e-31,3.5541941656443796e-20,4.6459823118962806e-21,4.4157633320434077e-07,2.0917025500028614e-11,5.951548244678861e-08,1.0921406933792106e-11,3.171277757812265e-11,2.5281478739413864e-20,1.2716739382317053e-05,2.0349363840953436e-10,4.386392325020154e-22,7.250812062898694e-09,2.519548075124746e-15,1.4827787125221357e-20,1.987817644191913e-22,7.396241523413785e-19,2.4591187156496644e-19,1.5232607505512614e-07,2.196319279246602e-06,5.3390976133111816e-05,0.0001648875731782295,9.695519128982664e-11,3.6401787840054418e-06,2.964564151224078e-11,2.5142810960376178e-11,1.851459675687023e-25,1.9133808394523947e-16,5.180559025802659e-14,4.91048636143188e-16,5.381889089792645e-22,9.334104818001264e-12,8.980772301338565e-09,1.4375692007155205e-11,3.3646381832331413e-12,3.276303585167065e-13,1.9097572236753632e-08,3.47253372891211e-23,1.1561972540571e-10,1.8426496338805707e-10,2.1825922897234937e-20,1.988063906504214e-11,2.433234002006769e-08,2.0287877059108055e-13,6.45265035501703e-05,4.2487967413604106e-11,1.1232673903215136e-07,2.221798763308135e-11,6.212269516278323e-09,5.918029149719497e-06,1.7054490699001795e-09,9.744699774654654e-05,2.7814213001574213e-34,0.00032885539723707415,3.045799789616835e-14,4.237368346222606e-08,1.4378145613513733e-05,4.904073488142509e-06,3.2041593676751845e-18,1.5558289957341696e-16,0.00026387139125345964,9.718217615535373e-07,6.228107647336102e-18,1.591577932155905e-08,3.531394299688587e-29,1.4770807450142492e-06,1.06966541502114e-06,1.3932798616950818e-20,5.0365785112231625e-05,2.6535824446867986e-06,2.7196719511084622e-05,7.657103848080284e-19,1.295207237369381e-08,5.788124879889626e-08,9.721694715861801e-07,3.8296855923971705e-09,9.645766697880836e-13,1.0949512175966241e-09,1.3784494680970751e-21,4.4095578743692166e-08,6.838129274775221e-24,1.9760048687170914e-10,3.720380180371181e-16,1.4205396727532694e-11,1.7011364836442502e-07,8.15814744931357e-09,1.0474702016925975e-19,8.952768471105254e-12,1.8640591528492483e-21
0.05553124999999999,0.0960984962403179,517.5084577573421,0.7331989036666822,0.6110677201389527,7.798340193927649e-17,0.14738730444587422,2.951303676320395e-11,0.03955568049203443,0.16669811838925397,0.014287619995439453,0.0,1.3697449731056945e-28,2.072376412268385e-17,8.373241092828655e-14,0.0008594640326987569,0.0,0.0,7.207582543014336e-08,6.368359495002162e-07,0.006402044014758886,0.004373183655403922,4.4111302916389513e-13,1.9565391209542043e-18,4.5894109173577405e-11,3.454554730520128e-08,1.1339112024924053e-15,1.1311750637871415e-21,0.0007321932234915918,2.1378015950884436e-23,2.3598676212932718e-21,7.598938435280375e-08,2.224088980878866e-13,2.2550203418339886e-06,8.441981940963172e-16,0.0002273129549035359,4.608730703527691e-06,1.434734397654997e-12,1.4132863073987642e-14,7.364838625670148e-13,7.41963721793778e-15,2.3168142636423405e-09,6.46547108868775e-15,0.0025971926344556017,2.0063033818597795e-05,0.00034117403983218364,4.253006642564268e-06,4.1448621187034965e-15,2.1063539880305223e-09,0.0008254013243444624,0.0009316204503971642,2.1317486544480733e-15,8.216301677985008e-07,8.298901470830606e-06,0.00234039866642633,8.476209856136356e-05,8.754423588038326e-06,5.2795645303855943e-17,3.2735840097090676e-22,3.5158427222979277e-13,2.625744547796324e-30,6.428467051946198e-20,8.580373955271269e-21,7.748300675784711e-07,2.3293425080481434e-11,5.687627161700218e-08,1.2753830847801516e-11,5.044247267182286e-11,4.231203485226511e-20,1.479584272549077e-05,2.3438263277694494e-10,9.738728551316905e-22,8.967074764800983e-09,5.286782664227116e-15,2.5854800352646714e-20,5.552543872160594e-22,1.2286274621501724e-18,3.735228521586744e-19,1.6501877959386202e-07,2.2044568659719817e-06,5.91016981175381e-05,0.00018345560200237559,1.9714351334100545e-10,3.911967062102767e-06,3.3063908533321146e-11,2.363189185460215e-11,6.658973854388843e-25,3.4906137788646616e-16,7.335890279476182e-14,5.985662297574138e-16,1.297815867961471e-21,1.0531238344751073e-11,1.0381816203363944e-08,2.750442396002884e-11,4.139961382956876e-12,7.732263257290302e-13,2.418054036563943e-08,6.059868938973786e-23,2.1877884054121646e-10,3.301050209747896e-10,2.5308146632944093e-20,4.495760123880923e-11,2.7545708494600792e-08,2.722444382806651e-13,7.291398018478616e-05,4.251335014404828e-11,1.2874563145996628e-07,2.5012126387675525e-11,7.506094398124093e-09,6.838304085112584e-06,1.956057202403444e-09,0.0001110905906478584,1.7151618448374026e-33,0.0003737928724974194,3.276141437036307e-14,4.735149446568351e-08,1.6251895546058037e-05,5.804134237625133e-06,5.957022268298707e-18,2.4627040851807197e-16,0.00029339528513825915,1.0899014533001428e-06,1.1717507012023441e-17,1.7766052071774063e-08,1.517447586184909e-28,1.7846669846362426e-06,1.223641835686901e-06,2.4537137546836073e-20,5.5879305689627005e-05,2.9868918353395813e-06,2.9742465780466057e-05,2.2767340583745822e-18,1.1931273920755327e-08,6.643698735521496e-08,1.0997007334968113e-06,4.510264675780988e-09,1.3679135818285902e-12,1.258303972614602e-09,5.599823078809276e-21,5.780097088778444e-08,1.7125727926173507e-23,2.359291166583217e-10,5.980318582212863e-16,1.603735093818625e-11,1.4515611559253263e-07,7.783169939537325e-09,4.341323761466972e-19,9.00431920900762e-12,4.609533996201667e-21
0.055562499999999994,0.09821369822920603,528.7936680942158,0.7174081974107066,0.6107057589131436,7.79418631613138e-17,0.1471346527389761,3.443850209593571e-11,0.039195356769747405,0.16553716436004154,0.014966610586825463,0.0,3.8963006129131054e-28,4.3668274779495645e-17,1.308815882610913e-13,0.0008719720914374403,0.0,0.0,7.918911938481484e-08,6.843013871181682e-07,0.006749428364281837,0.004680237616622915,5.926647794762788e-13,3.475303675512189e-18,7.526327812388597e-11,3.746005371925073e-08,2.0019634901823015e-15,2.122224542648443e-21,0.0007799287776879834,6.357537492295196e-23,4.49766221654828e-21,8.120029487208419e-08,3.6978966300582593e-13,2.4374609460906172e-06,1.1838979931182074e-15,0.00024252095694648432,4.94527077726781e-06,2.3386481241075893e-12,1.9776822479865925e-14,7.775686205915708e-13,1.1274633367558819e-14,2.537623420552308e-09,9.23788002052048e-15,0.0027273127130598746,2.165242322191976e-05,0.0003696113027438874,4.938697523618785e-06,7.160151409426936e-15,2.0655712724936733e-09,0.0009108880149981186,0.0010138701877916575,3.522153199023184e-15,1.161297172464792e-06,9.881938271923751e-06,0.0025755921266050574,9.281509207723944e-05,9.773180952726854e-06,1.2278507200145997e-16,8.316413150615564e-22,4.114252787546813e-13,8.042407403121887e-30,1.1576448715079441e-19,1.5778612064510418e-20,1.2593013553487682e-06,2.5980263733772622e-11,5.446968132258456e-08,1.4902992510852865e-11,7.99674729031219e-11,7.075436193105988e-20,1.7192977865411865e-05,2.697891898381481e-10,2.207170773129931e-21,1.1079171262769282e-08,1.0802996612885815e-14,4.546826746898588e-20,1.3895140557281214e-21,2.0608885244068397e-18,5.661559874312174e-19,1.7843872823175856e-07,2.058136694486358e-06,6.53508569287301e-05,0.0002038863681068212,3.905131392768597e-10,4.199253997396715e-06,3.690033557142799e-11,2.2266710241695698e-11,2.39092989970401e-24,6.4502134717114e-16,1.0452410820653637e-13,7.30122760005335e-16,3.1362431399645412e-21,1.1561610928797339e-11,1.198753984524666e-08,5.157798276847111e-11,5.1515723533379954e-12,1.8138914759671637e-12,3.071914485499849e-08,1.0725346723281948e-22,4.0666010071289124e-10,6.047467274475849e-10,3.0469840789221466e-20,1.011204433195897e-10,3.1146285673034024e-08,3.648217653346514e-13,8.229494953971608e-05,4.2756188268389e-11,1.4738843322508308e-07,2.8190184354282046e-11,9.059243187165959e-09,7.892324965711145e-06,2.1946249531745264e-09,0.00012649775409271808,1.0454975019863806e-32,0.00042426786531618896,3.527484176804802e-14,5.2853271388501244e-08,1.8348548559624538e-05,6.861699748568426e-06,1.1483432823571181e-17,3.949312152944115e-16,0.0003258582721323459,1.215518994610229e-06,2.1953781931500894e-17,1.980915471153873e-08,6.474068701835778e-28,2.154029249280664e-06,1.3980856859347003e-06,4.4992512554201483e-20,6.192735643299856e-05,3.3582137206453507e-06,3.248649466074644e-05,5.0625366342522436e-18,1.0983195007906817e-08,7.616770943992921e-08,1.2425222391080827e-06,5.235621914768525e-09,1.909194115658646e-12,1.4249988229030438e-09,1.7425074767250437e-20,7.547117768292262e-08,4.4680234440825075e-23,2.839598413317179e-10,9.452718913951588e-16,1.8084694215632773e-11,1.2344521251880464e-07,7.4388459870491055e-09,8.89038568977411e-19,9.023332679704732e-12,1.1330210108835964e-20
0.05559375,0.1004051433694163,540.485128455815,0.7017500299702325,0.610328673485438,7.789790210764329e-17,0.1468440023497782,4.0492285110267927e-11,0.03882264136505039,0.16432814838956236,0.015665753816608344,3.9183645743016977e-31,1.1353341973087948e-27,9.687013125586605e-17,2.0693854004718586e-13,0.000884484697891308,0.0,0.0,8.728973996509601e-08,7.346166258428988e-07,0.0071109158818115975,0.005004581958042855,7.985058338586171e-13,6.246440300658186e-18,1.2599740203899727e-10,4.068357986174398e-08,3.5801660299039505e-15,4.00263831430481e-21,0.0008300977209478226,1.873633175398746e-22,8.812558208669503e-21,8.66902069097749e-08,6.176743979191402e-13,2.6333944808538943e-06,1.6740714107102996e-15,0.0002585241424224415,5.301725349484893e-06,3.814436033044791e-12,2.7748324657744382e-14,8.168575999396266e-13,1.7306079855227148e-14,2.783198792913075e-09,1.2726329618205434e-14,0.0028619005157394053,2.3345301948546008e-05,0.00040002188838798196,5.783391501948532e-06,1.305853831211825e-14,2.0325142767633354e-09,0.0010040767517610842,0.0011022634085181833,6.090262184694387e-15,1.649691710945467e-06,1.1783520573816983e-05,0.0028312528397283674,0.00010131311425301606,1.0897134986325722e-05,2.9123767608704525e-16,2.103524736140234e-21,4.894034929650044e-13,2.4692025190475555e-29,2.0734705483299082e-19,2.885985547690182e-20,1.8835831851544613e-06,2.9039618404017843e-11,5.232005402035858e-08,1.7433979935396983e-11,1.2625481695888265e-10,1.1816072844439067e-19,1.9948548398052168e-05,3.103598209369321e-10,5.1355967981910655e-21,1.3668497395389252e-08,2.122117667776848e-14,8.070850489011192e-20,3.6023682984825714e-21,3.494920964939282e-18,8.555918306820639e-19,1.9252723564120033e-07,1.7771010585730889e-06,7.217634776060269e-05,0.00022632270119028947,7.485650948627778e-10,4.502075228079605e-06,4.123796878464549e-11,2.1056114529699935e-11,8.561894615861453e-24,1.2115250680491457e-15,1.5006378653110817e-13,8.917285416971566e-16,7.408775294257254e-21,1.2227097475685906e-11,1.3823045411120175e-08,9.404262040777907e-11,6.488420900042381e-12,4.223060024969129e-12,3.915595854697276e-08,1.92635144232909e-22,7.371193211965393e-10,1.1259871188424415e-09,4.060285767537532e-20,2.2593349651056009e-10,3.517122746759483e-08,4.881036759124361e-13,9.276357321549057e-05,4.32351068271571e-11,1.6850362095146746e-07,3.1830297228378594e-11,1.0916591226079846e-08,9.096323910562422e-06,2.3948417335369073e-09,0.00014385531949957103,6.281586915251316e-32,0.0004807726163788957,3.801230750700293e-14,5.892149837529145e-08,2.0689390951166525e-05,8.100590520843511e-06,2.2950372640802892e-17,6.425516151728248e-16,0.0003614833748246935,1.3464651934162707e-06,4.0923493888712304e-17,2.2060647038322366e-08,2.7359485189247747e-27,2.5960763258513435e-06,1.5951759276829426e-06,9.064251117204814e-20,6.85490909904725e-05,3.7709924742738123e-06,3.54385142593765e-05,1.2734830272809467e-17,1.0106889514155481e-08,8.720713128389869e-08,1.402108943565734e-06,5.9515046916075705e-09,2.6045217441891625e-12,1.5800656980527035e-09,6.150338844777392e-20,9.858689373699174e-08,1.2022427293024895e-22,3.4474026667707626e-10,1.4588796113128935e-15,2.0367852732201945e-11,1.0529568456032587e-07,7.130193685785777e-09,1.9914227593256037e-18,9.05860559299507e-12,2.764424735887492e-20
0.055624999999999994,0.10267332167046204,552.584810952626,0.6862475219870587,0.609936825578846,7.78515084104717e-17,0.146511108905087,4.8021047805535645e-11,0.038437483461283145,0.16307051329346095,0.016384909194484244,3.996090440470273e-32,3.396279746322105e-27,2.260091306383671e-16,3.31382832651742e-13,0.0008969977924672542,0.0,0.0,9.65670129224078e-08,7.878783604981602e-07,0.007486717562708054,0.005346768625239191,1.0797107050890016e-12,1.1373485462206949e-17,2.1487446074954146e-10,4.4268091042799743e-08,6.491254378806686e-15,7.594323733175101e-21,0.0008827626515918608,5.463522323050913e-22,1.77301715028742e-20,9.246780060369561e-08,1.0335095370851159e-12,2.844001518969799e-06,2.38988276295292e-15,0.00027534360895724877,5.678839705801963e-06,6.226439316080539e-12,3.9033669559844923e-14,8.586282249742242e-13,2.6883922186578004e-14,3.0576349292732562e-09,1.692447433663659e-14,0.003000973736250027,2.514587794495513e-05,0.0004324948175496832,6.836446876287401e-06,2.52249373543443e-14,2.0127317143943063e-09,0.0011054782796898921,0.001197113692882424,1.1047300043794946e-14,2.356713137345369e-06,1.4078080317574245e-05,0.003108677538469975,0.00011019224646678644,1.2134656278484642e-05,7.029490812867247e-16,5.294140031269923e-21,5.932344864202015e-13,7.623075137539092e-29,3.6902490078488734e-19,5.2449114351785925e-20,2.606134196230644e-06,3.254858055044461e-11,5.044612293359071e-08,2.0428193519023902e-11,1.9837484229411058e-10,1.9698386834998725e-19,2.310669354260504e-05,3.5689444009065354e-10,1.2324794679011658e-20,1.6830885606919118e-08,3.9452908688626634e-14,1.447325003806963e-19,1.0162598502330995e-20,5.99955568901416e-18,1.288140161692413e-18,2.0718038415782444e-07,1.4272788532620145e-06,7.961755951413574e-05,0.00025091406417307194,1.3841643837001118e-09,4.820187247869745e-06,4.618071431938589e-11,2.0006108860616005e-11,3.056022971453304e-23,2.3219912474780175e-15,2.1744267108526918e-13,1.0911733711135175e-15,1.6713709943742194e-20,1.2290806513705275e-11,1.591579407033672e-08,1.6515377242290232e-10,8.273222426167502e-12,9.74389098528918e-12,5.007809436976876e-08,3.5131335480281917e-22,1.2915976919346413e-09,2.115431191153107e-09,6.919897007380827e-20,5.008470803506668e-10,3.966006467167196e-08,6.519961208950216e-13,0.00010442021886577288,4.397457398016771e-11,1.9236044048322096e-07,3.603092131823366e-11,1.3128497422606466e-08,1.0468011724704455e-05,2.5357722771340086e-09,0.00016336471100396053,3.7101271061070253e-31,0.0005437935650367922,4.098833984125056e-14,6.560068483153207e-08,2.3297134375237134e-05,9.54758654612608e-06,4.741436232698407e-17,1.0625674819669116e-15,0.0004005038335761473,1.4792537250104741e-06,7.583184181438343e-17,2.4536883587040772e-08,1.1427754271195442e-26,3.123347830757611e-06,1.8171896922864496e-06,2.300155980306501e-19,7.5785342374465e-05,4.22888549725668e-06,3.86081912147905e-05,3.874965692599376e-17,9.299615000364059e-09,9.970046677220346e-08,1.5800361336639068e-06,6.571887752530214e-09,3.4440830056839883e-12,1.7018022178855326e-09,2.626564579649299e-19,1.291296099138645e-07,3.319892352332118e-22,4.22437639644751e-10,2.179808863139868e-15,2.290878586229267e-11,9.041182541010681e-08,6.8592274923677535e-09,5.338795984498307e-18,9.136692015923364e-12,6.686596781098957e-20
0.05565624999999999,0.1050186710585871,565.0942384275706,0.6709217713629207,0.6095307233202388,7.780269695885661e-17,0.1461313854666544,5.7509150115631466e-11,0.03803984945604987,0.16176377510247653,0.017123921624368942,2.279872325803252e-31,1.0464451147416246e-26,5.576057563524712e-16,5.383222100478727e-13,0.0009095077934741465,0.0,0.0,1.0725395779296569e-07,8.441818994925474e-07,0.007877035637043863,0.005707346333877087,1.4663955128379385e-12,2.1009553456764848e-17,3.728487324495775e-10,4.827825814627398e-08,1.1951883411694488e-14,1.4511240647181215e-20,0.0009379850839402791,1.5740871172728318e-21,3.662421932425664e-20,9.85422752788585e-08,1.727272878960281e-12,3.0707045719249873e-06,3.4512432300443204e-15,0.00029300008876865217,6.07738923740761e-06,1.017226267115691e-11,5.505020285312456e-14,9.080005033203388e-13,4.2388072670535685e-14,3.366034671742212e-09,2.1596470444109645e-14,0.0031445468514389053,2.7058381023159402e-05,0.00046711998132219543,8.166080704754295e-06,5.1521991600449246e-14,2.009994498706236e-09,0.0012156215441218297,0.0012987405755631534,2.100229494725056e-14,3.3874879232192296e-06,1.6859666918375853e-05,0.003409205730078573,0.00011935595645795122,1.3494535888621838e-05,1.7249362651334745e-15,1.3250234740041031e-20,7.343510100170908e-13,2.375810451391883e-28,6.520157954192075e-19,9.462039844837165e-20,3.3827077405381577e-06,3.660121438731824e-11,4.886018211504828e-08,2.398669235226189e-11,3.0998480677387476e-10,3.276685425907789e-19,2.6715389548496678e-05,4.1044507387887434e-10,3.056821769909627e-20,2.0678666831883077e-08,6.816812690606931e-14,2.6255492576268563e-19,3.273151595273886e-20,1.0442518132998004e-17,1.9306664950730793e-18,2.2223134817968657e-07,1.0821231762928648e-06,8.771537106613083e-05,0.0002778165215413694,2.4754903095499484e-09,5.152921406497963e-06,5.1856000460213224e-11,1.912031878917311e-11,1.0862542764781223e-22,4.5611740806276185e-15,3.183584150898082e-13,1.3384818811384443e-15,3.5192950988381774e-20,1.1551186431861107e-11,1.8295701760604003e-08,2.765678203504832e-10,1.0673040645395486e-11,2.2250017093677637e-11,6.426734827018089e-08,6.509615584471632e-22,2.1672363210490786e-09,3.980984151950235e-09,1.9164432660394334e-19,1.1003170483282252e-09,4.465481920575909e-08,8.697518643647066e-13,0.00011737164497109517,4.500508940882924e-11,2.1924994338660282e-07,4.091427249887653e-11,1.5749949477002266e-08,1.2026631540787801e-05,2.6141607458472248e-09,0.00018524259984373782,2.1489344159168947e-30,0.0006137867588048045,4.421803554143377e-14,7.293727694202512e-08,2.6195961464139772e-05,1.1232704385423175e-05,1.0068220211320098e-16,1.788616861470343e-15,0.0004431631747080102,1.6087130871011038e-06,1.3957412238059815e-16,2.7255023689015873e-08,4.7083683214584254e-26,3.750208796272864e-06,2.0664150228172617e-06,9.372236515207072e-19,8.367862520754336e-05,4.735768801303767e-06,4.200483044076918e-05,1.4071298778545085e-16,8.558502142599725e-09,1.1380503610405623e-07,1.7779827647267953e-06,6.9878359831892325e-09,4.374784001776429e-12,1.7649373862832296e-09,1.3355731028643006e-18,1.6971915137527583e-07,9.415857988446345e-22,5.227931239027422e-10,3.124315632182736e-15,2.573125976638023e-11,7.826966067686518e-08,6.62899826292193e-09,1.6942356443265657e-17,9.269062066775983e-12,1.6015249240188563e-19
0.055687499999999994,0.10744158735127883,578.014494215428,0.6557918105189638,0.6091110468697495,7.775151926270001e-17,0.14569988964312788,6.9653185699191e-11,0.03762972353570332,0.16040752907082956,0.017882625559217453,3.620694085212794e-31,3.364385678524273e-26,1.4821116602945414e-15,8.911856309186057e-13,0.0009220116567061226,0.0,0.0,1.1963825920783982e-07,9.036211683806473e-07,0.008282064695550085,0.0060868609206380445,2.002058496246677e-12,3.9551489684990276e-17,6.599511041698636e-10,5.279522769882833e-08,2.250248496718491e-14,2.7980396862638246e-20,0.000995825545014255,4.479112571388976e-21,7.798018549980935e-20,1.0492364277988173e-07,2.8746711222259922e-12,3.315246710898556e-06,5.0606526533578024e-15,0.00031151397507379685,6.498192820736483e-06,1.663986784084101e-11,7.784418298206948e-14,9.713307975535292e-13,6.833970310974542e-14,3.714817621116275e-09,2.592484163806093e-14,0.0032926317576283696,2.9087062326534275e-05,0.0005039880488654657,9.867542264403205e-06,1.1092494529341177e-13,2.0257752377646473e-09,0.0013350535980997558,0.0014074694401005584,4.1751671283827093e-14,4.901179882178077e-06,2.024663594626436e-05,0.00373421999505436,0.0001286660360063325,1.4985991448540909e-05,4.321871284455513e-15,3.2970693701492024e-20,9.303763274249545e-13,7.506825604856894e-28,1.1427298985635562e-18,1.6929599280033291e-19,4.1899576453448315e-06,4.131075688401449e-11,4.756829548173156e-08,2.8234015212953012e-11,4.814440299595068e-10,5.436209597240419e-19,3.0826489101483014e-05,4.724993014340511e-10,7.823683345588753e-20,2.5342909005730874e-08,1.0759924418144012e-13,4.839215448516532e-19,1.255735447420366e-19,1.8514871945989937e-17,2.8787991119620058e-18,2.3742796649670656e-07,7.884431159536839e-07,9.651215049440151e-05,0.00030719260213273074,4.314863032254126e-09,5.4989530816894846e-06,5.841374865376907e-11,1.8400878694693474e-11,3.8427788492835507e-22,9.227847632956603e-15,4.714592501851005e-13,1.6451308892656484e-15,6.779797463945168e-20,9.988674139392043e-12,2.0995193992622485e-08,4.3770217427017536e-10,1.3913432426289517e-11,5.0233654618247715e-11,8.27683729159632e-08,1.2262468916054157e-21,3.4530011652750314e-09,7.476025492819818e-09,9.267097688711058e-19,2.395726873990064e-09,5.0200291265143345e-08,1.1594295817192927e-12,0.0001317311822533994,4.636255519016635e-11,2.4948603813213176e-07,4.663037144604766e-11,1.883786561272783e-08,1.3792989398746824e-05,2.645594330538123e-09,0.00020972156850096698,1.2179560416263916e-29,0.0006911389020271631,4.771722812343194e-14,8.097949449252104e-08,2.9411571840385564e-05,1.318949093198327e-05,2.1818299800335773e-16,3.0702502841192984e-15,0.0004897152886858638,1.7275086616057047e-06,2.5501754896639076e-16,3.023304236503968e-08,1.9102850229852372e-25,4.4930610519556426e-06,2.344956694890165e-06,6.885048912470942e-18,9.227314501433202e-05,5.295742652058537e-06,4.563699203396584e-05,5.921692440262909e-16,7.878627113215017e-09,1.2969088626321118e-07,1.997734826025973e-06,7.098256834595941e-09,5.2946650108926415e-12,1.7487620393817642e-09,7.858250786179819e-18,2.2387466537841733e-07,2.7776924688120397e-21,6.537689147864998e-10,4.260189271326887e-15,2.8861373056141332e-11,6.833694859603872e-08,6.440775589057552e-09,6.147637664323862e-17,9.461419694067201e-12,3.7958518449240795e-19
0.055749999999999994,0.11251633345295434,605.0659788448841,0.626214093556509,0.6082441860843505,7.764347798148605e-17,0.1446790810168464,1.046512604862729e-10,0.03678230546057324,0.15758009881861978,0.019439527505022963,0.0,3.5098907309937842e-25,1.459600228431677e-14,2.4726818659627446e-12,0.0009466994082504466,0.0,0.0,1.5015830239085647e-07,1.0306108964477705e-06,0.009126517281618394,0.006894368737414726,3.744347675226387e-12,1.4152874429471127e-16,1.996089068612469e-09,6.351472436024708e-08,7.962907113582691e-14,1.0590694386457802e-19,0.001118035447434038,3.445752410401177e-20,3.499495704046256e-19,1.1847261041734142e-07,7.266278390618379e-12,3.8574524741825094e-06,1.1678007323607109e-14,0.0003506909570710715,7.398051727025934e-06,4.397050210287039e-11,1.5480071994974542e-13,1.148883698735435e-12,1.8458892349964417e-13,4.546922836899572e-09,2.6825120974319052e-14,0.003598627384705683,3.345154222450025e-05,0.0005837336127817913,1.471927832927712e-05,5.583512391424051e-13,2.1029057501064176e-09,0.0016001332033954122,0.0016442699818898373,1.7870318563942082e-13,1.0025224027445081e-05,2.915642549398522e-05,0.0044529347706413055,0.00014694374176500556,1.8349768263086063e-05,2.6918685305361393e-14,1.969557381129929e-19,1.5531460702414772e-12,7.791205916043902e-27,3.4133150484694038e-18,5.266386521713412e-19,5.885708861014218e-06,5.271615669554131e-11,4.5403929197943395e-08,3.9031801319120244e-11,1.1372520677148696e-09,1.481135830021269e-18,4.059564428619142e-05,6.267253756950282e-10,5.463795642124296e-19,3.741381724313549e-08,1.9212936367357844e-13,1.6483041144064867e-18,1.5275862926202554e-18,5.873963889279323e-17,6.2716314361229056e-18,2.668243995489705e-07,3.9302544667138443e-07,0.0001160866168245987,0.000373036345180912,1.169483815372469e-08,6.215031570790827e-06,7.40898482187848e-11,1.725489113232592e-11,4.5114647551163476e-21,3.4396279937222075e-14,1.0163126886916802e-12,2.472213757212827e-15,1.8008632314888473e-19,5.470105066799577e-12,2.7374888521354565e-08,9.116092413997044e-10,2.3704954070687672e-11,2.4309876542369726e-10,1.3613431768052213e-07,4.499107957873826e-21,7.3434165540299234e-09,2.468315977726567e-08,1.2670272479165758e-17,1.0857813980482356e-08,6.292486331558765e-08,2.0504631995824228e-12,0.00016461317889600674,4.931684830371635e-11,3.2009741275938584e-07,6.047568240309409e-11,2.641572476946976e-08,1.796180773046881e-05,2.4809926962315874e-09,0.00026649904466920704,3.613456545084687e-28,0.0008664625689692699,5.547658489342702e-14,9.909939413728001e-08,3.6780496961576766e-05,1.7967209527577823e-05,1.035341310021621e-15,9.061029579208932e-15,0.0005939690590723558,1.8993207899054527e-06,8.272460718612669e-16,3.693989613450423e-08,2.9649078803449825e-24,6.357812538799235e-06,2.9833684355471554e-06,2.1279013296898038e-16,0.00011146071351917436,6.571649318876144e-06,5.353123632813851e-05,6.608925076851458e-15,6.683160154946797e-09,1.6687526188984102e-07,2.5018813216032133e-06,6.26725651974363e-09,6.576879812727448e-12,1.4697144499402315e-09,1.607220460446947e-16,3.8555789029615696e-07,3.0051192797527414e-20,1.0353351054852664e-09,6.682103412674308e-15,3.604084823762994e-11,5.256731653287125e-08,6.114945153540014e-09,5.036133871299518e-16,9.852211197989738e-12,2.045636789093951e-18
0.05578124999999999,0.11517087483867186,619.2052533365888,0.6117806628358186,0.6077898006062955,7.758572678074286e-17,0.14406704937153703,1.3254166673799517e-10,0.03633549031032811,0.15607670660610087,0.020255040313647187,0.0,1.2561330668431842e-24,5.789730653876817e-14,4.3007351197195295e-12,0.0009591685440041417,0.0,0.0,1.700148586843025e-07,1.0997494722641304e-06,0.009575824123403893,0.007332472278248041,5.211517057325984e-12,2.796428434254828e-16,3.578005985446209e-09,7.025174525506249e-08,1.5739051516454547e-13,2.1379026326431506e-19,0.0011838920118061903,9.342480843846962e-20,7.88662057705047e-19,1.258271830114409e-07,1.1814187999415393e-11,4.169460165542425e-06,2.0302054260802008e-14,0.0003718321360673703,7.88948502897599e-06,7.171208590130094e-11,2.2016135240738115e-13,1.303258205076892e-12,3.318593521172581e-13,5.072095031624081e-09,2.1222804996196056e-14,0.003760017446841656,3.5844547828113356e-05,0.000627679931874558,1.8521128945998093e-05,1.3131463695317198e-12,2.1917371214905403e-09,0.001749883874190195,0.001775647221474408,3.8423515252383136e-13,1.487465320546318e-05,3.529818320311736e-05,0.004857542858939424,0.00015535259976667156,2.0279580520923264e-05,7.302512831442394e-14,4.780365687180768e-19,2.1296340475248026e-12,2.6017262178533095e-26,5.810880593766203e-18,9.145219862689115e-19,6.835643654584825e-06,6.016665536465272e-11,4.494662137862681e-08,4.626932331278355e-11,1.7282411829718435e-09,2.43039011582303e-18,4.6474161271712465e-05,7.332901177847638e-10,1.4776117541664417e-18,4.531210214832382e-08,2.4021522120581273e-13,3.160747557826814e-18,1.120467716296076e-17,1.092608125672127e-16,9.173585162546916e-18,2.796839318186071e-07,2.7547479878009374e-07,0.00012717197656347067,0.00041057551520368217,1.9816221877654364e-08,6.579978650212793e-06,8.434212757977917e-11,1.704717749779995e-11,1.5701375683593962e-20,7.741705867502833e-14,1.5678426517003584e-12,3.0591243942433154e-15,2.7380151869080227e-19,3.831191464056425e-12,3.120074398215774e-08,1.2004257068502125e-09,3.128313720502486e-11,5.221121611174067e-10,1.7731132454080674e-07,8.921632776614515e-21,9.884438441094472e-09,4.337786238382466e-08,1.1654724742317949e-16,2.269058057896307e-08,7.036282596028135e-08,2.761646667906607e-12,0.00018375480092509632,5.193939742450168e-11,3.6198711147180093e-07,6.968739867874872e-11,3.101236592343722e-08,2.045716043515142e-05,2.505702534875125e-09,0.00029996392315134615,1.8929130588635394e-27,0.0009655464653975261,5.986712585620756e-14,1.0947365281986765e-07,4.107350740862472e-05,2.0925856875676683e-05,2.288359329648089e-15,1.6672787645717477e-14,0.0006533763109171412,1.9240935441104135e-06,1.4712916934358706e-15,4.078244809564436e-08,1.1419550140761267e-23,7.543807514812772e-06,3.347953019183782e-06,2.9320188825494206e-15,0.0001223616914599063,7.310889209723982e-06,5.788870880348376e-05,4.823791367434722e-14,6.17064537164914e-09,1.889845742613226e-07,2.795904485522249e-06,5.4954269852477005e-09,6.807667185415819e-12,1.2577298087051837e-09,1.542176716257419e-15,5.107917329185645e-07,1.2425715574483496e-19,1.339044655540162e-09,7.75081024987623e-15,4.025723274508747e-11,4.6941255653750857e-08,6.047560934581488e-09,3.0483404920422757e-15,1.0196957515563666e-11,4.6611720726377676e-18
0.055812499999999994,0.11790428215747818,633.755240410847,0.5975975874063457,0.6073266218744743,7.752622537565812e-17,0.14338060739168224,1.7101883299256986e-10,0.0358763081725139,0.15452307899328488,0.02108954939653749,3.8630462096160255e-31,4.627546984589618e-24,1.9401561437455192e-13,7.577971239438587e-12,0.0009716258294097758,0.0,0.0,1.935056475403071e-07,1.1723706001398297e-06,0.010040544876719428,0.0077916183910836075,7.312286759481198e-12,5.594751329760422e-16,6.3452820224901984e-09,7.810076427257873e-08,3.142904794795222e-13,4.427961143595095e-19,0.001252594601383578,2.488862928116091e-19,1.7935330048377975e-18,1.335466495110499e-07,1.874905189996562e-11,4.511903201636855e-06,3.9797314680936506e-14,0.000393907213913679,8.407205031973666e-06,1.1650216162481327e-10,3.134681261274782e-13,1.514847012001127e-12,6.280040816521649e-13,5.686250437366216e-09,1.8929932513733523e-14,0.00392594973687833,3.8370478092434376e-05,0.0006742261176026744,2.3606062901179803e-05,3.1244347134169646e-12,2.3118466336715285e-09,0.0019112165256828506,0.0019154463691848952,8.333475959218679e-13,2.2094812392887024e-05,4.2826544441784834e-05,0.0052924166463469615,0.0001628164218970749,2.238085999282548e-05,1.9932578411750597e-13,1.1486149655149548e-18,2.989683883909649e-12,8.814093741950328e-26,9.787056074646819e-18,1.5705691078950337e-18,7.887347578153282e-06,6.888727671071365e-11,4.472690204640834e-08,5.4946408062892095e-11,2.605614974380552e-09,3.9705799423790026e-18,5.308703646665615e-05,8.676448431865795e-10,4.0037425016800855e-18,5.4743068232982677e-08,3.0431738196167917e-13,6.120143604483008e-18,6.910051608055746e-17,2.058006228813347e-16,1.3326882642186568e-17,2.903392310447328e-07,1.9364821055170084e-07,0.00013913487539622658,0.0004512653057243415,3.307339232930022e-08,6.938368924689069e-06,9.63202121573752e-11,1.702692808312894e-11,5.388786106719778e-20,1.7244316555983065e-13,2.4334359071883286e-12,3.794446160976041e-15,4.205326681291529e-19,2.7452443947392087e-12,3.549569879325228e-08,1.5047285664117764e-09,4.128566090166582e-11,1.0973258453899474e-09,2.3176369587833872e-07,1.7964086477724258e-20,1.2722870060784753e-08,7.338266845212339e-08,8.173356374075755e-16,4.6580059633113545e-08,7.858162703133007e-08,3.753106767802204e-12,0.00020480822710109217,5.510946331382091e-11,4.086712983164877e-07,8.060091980196602e-11,3.6037221754346944e-08,2.3253717089171045e-05,2.5167738692702057e-09,0.00033709202640299805,9.640398153784515e-27,0.0010712131241759188,6.461063826860628e-14,1.207472374453529e-07,4.5797995242846335e-05,2.432413359325385e-05,5.016914707592218e-15,3.114533235624858e-14,0.0007177608676444374,1.892560669798153e-06,2.5921340838261586e-15,4.4962621076255615e-08,4.3782928323375356e-23,8.932034185173178e-06,3.7326255941887337e-06,3.0541375489482386e-14,0.00013415163789564047,8.121329671528658e-06,6.250290661252833e-05,2.8744573603585474e-13,5.71009177270647e-09,2.1366390430815262e-07,3.1197213403612306e-06,4.643691944598676e-09,6.768258104994731e-12,1.037529388962986e-09,1.1695735233373981e-14,6.759987718664868e-07,4.692685686901422e-19,1.7491482449010972e-09,8.618720675952923e-15,4.494676554407096e-11,4.216137953294288e-08,6.016919729228858e-09,1.4736048492674496e-14,1.0580334168144869e-11,1.0472195310279835e-17
0.05584375,0.12071690247739661,648.7147292452179,0.5836739806596374,0.6068566843694746,7.746530657463586e-17,0.14261295640506896,2.2527125706701777e-10,0.035404842010379696,0.15291927434969882,0.02194291109347297,4.9285903534069424e-31,1.747514700183665e-23,5.093902775313977e-13,1.353669763706171e-11,0.0009840720423110248,0.0,0.0,2.2134041017618484e-07,1.248557463585666e-06,0.0105208618985949,0.008272353857575474,1.0344429023767e-11,1.1341816542552468e-15,1.1161713215546169e-08,8.73383151388169e-08,6.358314247603957e-13,9.481349873132955e-19,0.0013242018137315102,6.512442034787387e-19,4.133433463608963e-18,1.4165551562936726e-07,2.914067535995405e-11,4.890478623593181e-06,8.176940005654972e-14,0.0004169356713525333,8.952589845398131e-06,1.8817651097153772e-10,4.464301021004943e-13,1.8059739604128721e-12,1.2302094767656547e-12,6.412080654983272e-09,2.091409888646981e-14,0.004096435994199602,4.1033736600051786e-05,0.0007234643000629309,3.0477909838551145e-05,7.495067180570027e-12,2.46491558649913e-09,0.002084765104069763,0.002064022343946868,1.8129783309127927e-12,3.288353903943544e-05,5.2027092320500076e-05,0.005759156632628693,0.00016890400378311948,2.4664992528451638e-05,5.215474801126082e-13,2.72846022947343e-18,4.2887166110622866e-12,3.013652027026389e-25,1.629964021968608e-17,2.6659389347974557e-18,9.073102799589028e-06,7.904912936453801e-11,4.470575311025017e-08,6.530700700733149e-11,3.896080214641977e-09,6.4554718434026484e-18,6.050024659938057e-05,1.0371544110125843e-09,1.0792598053881788e-17,6.595988003844769e-08,3.961016899970151e-13,1.1975530671179195e-17,4.1066717928249333e-16,3.928564616280292e-16,1.9226183748292067e-17,2.977924544638221e-07,1.3703665704205072e-07,0.00015202500628783928,0.000495283408834091,5.447388313317436e-08,7.277830971348442e-06,1.1026484050313388e-10,1.721827598474894e-11,1.8241849349095422e-19,3.8812622174492824e-13,3.800122727119359e-12,4.714654519879975e-15,6.614158842585565e-19,2.0445239534879162e-12,4.030407758548982e-08,1.8135382793530407e-09,5.4404030963310515e-11,2.2441308302888415e-09,3.0397625451028003e-07,3.670479095290216e-20,1.5805530181150693e-08,1.1901830216606683e-07,5.425340000727579e-15,9.360143944227059e-08,8.767026185656867e-08,5.1409049134125665e-12,0.00022792057068692157,5.890827692862689e-11,4.6058953211159635e-07,9.349574621963778e-11,4.122664395443201e-08,2.637746508408676e-05,2.5194574030755765e-09,0.00037820271105751697,4.767593496447095e-26,0.0011818561875238508,6.974319224600454e-14,1.329657959781651e-07,5.0987682781697715e-05,2.82172908374333e-05,1.0870801916155926e-14,5.911907372633435e-14,0.0007874281884450884,1.7982618794814903e-06,4.5222125408703874e-15,4.9502687843860616e-08,1.735012426388378e-22,1.0552229066614398e-05,4.119581200542661e-06,2.98504951136649e-13,0.00014688318319821056,9.00824153021283e-06,6.737427100772449e-05,1.6846864322371986e-12,5.295345566434471e-09,2.411542499379196e-07,3.4756855214807326e-06,3.8178431786994055e-09,6.524490668886385e-12,8.330142245222164e-10,8.424819279593054e-14,8.930274672292253e-07,1.4569859174015417e-18,2.306932136535783e-09,9.2738454177738e-15,5.0200556926388225e-11,3.805665750123415e-08,6.0183403197944095e-09,6.824859423765906e-14,1.0998945762772193e-11,2.3187863351083758e-17
0.055874999999999994,0.12360911341548309,664.0818959393129,0.5700171574439223,0.6063824915671698,7.740340299082221e-17,0.14175690345040423,3.031785465234774e-10,0.0349212005135216,0.15126547571542023,0.022815007024323503,5.8010490919404055e-31,6.685628973651047e-23,1.146626943324168e-12,2.442009898700142e-11,0.0009965091584108808,0.0,0.0,2.542965682287608e-07,1.3283894178365906e-06,0.011016964203691698,0.008775233465719425,1.4749074236846963e-11,2.320660630514149e-15,1.9401441240228392e-08,9.832288070746705e-08,1.2980662879822645e-12,2.112614275820695e-18,0.0013987731357373774,1.6727451486683479e-18,9.619890820328152e-18,1.5018562456588572e-07,4.4327849237138797e-11,5.3125679783832175e-06,1.6776309740618218e-13,0.0004409371285066108,9.527214402329128e-06,3.013855843688218e-10,6.351328563142672e-13,2.2040697022233344e-12,2.4459978954721836e-12,7.2794452220886694e-09,2.6468662127228523e-14,0.004271491940325543,4.3838797575130516e-05,0.0007754860758267023,3.9828221789603615e-05,1.805039492984784e-11,2.654801900865192e-09,0.002271182255169536,0.0022217379098617295,3.934931601336261e-12,4.898625568165873e-05,6.320267012486542e-05,0.00625941516386696,0.00017315500327758218,2.714385278102726e-05,1.2980558658614837e-12,6.395625192804724e-18,6.261592101714476e-12,1.0331735890449667e-24,2.6829464841996452e-17,4.470378775953515e-18,1.0429629665680776e-05,9.07921468320649e-11,4.4827481540339e-08,7.758487302535643e-11,5.776041751127203e-09,1.0439838397942989e-17,6.877991411035524e-05,1.2466471735979722e-09,2.8779630377682425e-17,7.924615799579269e-08,5.249179446503979e-13,2.3591707877322493e-17,2.228703197922313e-15,7.571340453350029e-16,2.7545325919623262e-17,3.0094741883439935e-07,9.788054089841814e-08,0.00016589370682373498,0.0005428032635033989,8.845334994735937e-08,7.581108417974866e-06,1.2638019800021572e-10,1.766421583841651e-11,6.081223791248171e-19,8.80078749709144e-13,5.957641267006215e-12,5.860743298324639e-15,1.0556400812530942e-18,1.568917715321759e-12,4.567089837378902e-08,2.1224732198095192e-09,7.149081672524752e-11,4.429831469699128e-09,3.9994103639517355e-07,7.598128184172223e-20,1.9115323009217194e-08,1.84507908882831e-07,3.284727483282272e-14,1.8297632032593577e-07,9.77374955857813e-08,7.06373470694592e-12,0.00025324618454594715,6.342604336138234e-11,5.182107830882751e-07,1.0863759789164696e-10,4.607525777700986e-08,2.9853577890253063e-05,2.5120158160594863e-09,0.00042363564477779296,2.2871713444254094e-25,0.0012947367305874134,7.531405131803439e-14,1.4616740939567e-07,5.667813313656896e-05,3.266617299752569e-05,2.3188193389778004e-14,1.1380422800171944e-13,0.0008626950999092688,1.6451371242889862e-06,7.810055972584808e-15,5.442602811364236e-08,7.691983250989684e-22,1.2437744931023208e-05,4.475154591715753e-06,2.6373272149915492e-12,0.00016061086504512656,9.977162184800618e-06,7.250113209841726e-05,9.290069512468955e-12,4.922115143367692e-09,2.717138231502239e-07,3.866281064435015e-06,3.081304948244412e-09,6.152213264433426e-12,6.5680232679344e-10,5.507355242106867e-13,1.1759101863319164e-06,3.95171888175913e-18,3.069767434379534e-09,9.74081919944467e-15,5.6164803448076044e-11,3.4481004988430894e-08,6.045122638373623e-09,2.8970720393159494e-13,1.1441297282231791e-11,5.05770013730773e-17
0.05590624999999999,0.12658134255869716,679.854211403247,0.5566327115649646,0.6059071170398763,7.734106891779952e-17,0.140804867337645,4.168805437439822e-10,0.03442552097185565,0.14956200702843794,0.023705754006291452,2.5511754355795017e-30,2.5652112866254746e-22,2.3494209482473227e-12,4.427753471681862e-11,0.0010089405756484927,0.0,0.0,2.932033165974603e-07,1.4119408638871195e-06,0.011529052269819833,0.009300824562823806,2.1180039941625714e-11,4.769524002655578e-15,3.318079734855554e-08,1.115188874283398e-07,2.660987515459639e-12,4.919687151202601e-18,0.0014763696644307645,4.2153999900704575e-18,2.249775944160705e-17,1.5917890851652374e-07,6.586633589177752e-11,5.787739730986169e-06,3.379987554721112e-13,0.00046593151662962037,1.0132866672244644e-05,4.772309489167667e-10,9.012466423041745e-13,2.742151946926449e-12,4.87561586286314e-12,8.327714969607858e-09,3.624774594831472e-14,0.004451139344117743,4.67902313097176e-05,0.0008303817608385264,5.258745727190915e-05,4.350247328299526e-11,2.8863695786998677e-09,0.002471139739313204,0.002388964888913099,8.485262416706772e-12,7.288218456201237e-05,7.664911934059228e-05,0.006794900031605535,0.00017512597579799315,2.9829828037834794e-05,3.092399434767401e-12,1.4761679976601237e-17,9.255234889699381e-12,3.52765654648685e-24,4.3627947031430223e-17,7.401677489007386e-18,1.2000165408764341e-05,1.0419522311427266e-10,4.502012953730589e-08,9.19721309540139e-11,8.488062971651673e-09,1.6785867332334525e-17,7.799007652042261e-05,1.4965840299930692e-09,7.560974825197106e-17,9.491577002440915e-08,7.023378360134394e-13,4.657355175210667e-17,1.0489016319123653e-14,1.4662580579125798e-15,3.919972854192182e-17,2.9873931947181493e-07,7.06994217012178e-08,0.00018079404703086425,0.0005939914947579009,1.4126288540703943e-07,7.825282718180952e-06,1.4479641567377347e-10,1.8440436112527395e-11,1.9911050499061408e-18,1.9983169880096242e-12,9.341266404937004e-12,7.276723947440045e-15,1.6954645471629779e-18,1.2301779718262212e-12,5.163975829144642e-08,2.4333729464260755e-09,9.358750398393963e-11,8.355345177803518e-09,5.275966722843614e-07,1.5894946850127568e-19,2.2667137736017065e-08,2.7384154924548066e-07,1.747092839106085e-13,3.448368393931871e-07,1.0891188659369536e-07,9.669332629329585e-12,0.0002809466564788646,6.87572410348001e-11,5.820347486493804e-07,1.2624512843256754e-10,4.981584918172156e-08,3.3704748315051486e-05,2.4892949380225808e-09,0.0004737518300665202,1.0634499020937396e-24,0.0014055727578244426,8.139064659714408e-14,1.603761037899953e-07,6.29068370882453e-05,3.773763987150841e-05,4.850418757956723e-14,2.212689908988366e-13,0.0009438902256259701,1.4500086333019145e-06,1.3349565403467939e-14,5.975729414478172e-08,4.092843835209967e-21,1.4625869225978941e-05,4.74407185873242e-06,2.028938955659079e-11,0.0001753912411278452,1.1033908021016186e-05,7.787996182322782e-05,4.581166840165878e-11,4.586927420841532e-09,3.056195908894791e-07,4.294128531517499e-06,2.459217511871302e-09,5.715828030921865e-12,5.123316440975491e-10,3.1108420775152104e-12,1.540673160212593e-06,9.825894496654965e-18,4.116869718785739e-09,1.0059467781291963e-14,6.30828241341007e-11,3.1310479545232075e-08,6.08848288513779e-09,1.0740839304395507e-12,1.1889830232272404e-11,1.0862666712160509e-16
0.055937499999999994,0.12963409371220647,696.0283655194766,0.5435245807320418,0.6054343068888889,7.727900384405732e-17,0.13974888801492896,5.84935719672651e-10,0.03391797143785834,0.14780934705232643,0.024615114998195006,5.776827929252464e-30,9.769589973042383e-22,4.516152584440422e-12,8.024698677038784e-11,0.0010213713524486398,0.0,0.0,3.389059985174935e-07,1.4992796177707643e-06,0.012057343555291812,0.009849712579275532,3.06016662515049e-11,9.791873194435762e-15,5.5595204777517166e-08,1.275256275243137e-07,5.446547421324151e-12,1.1972198931517383e-17,0.0015570549710213616,1.0418118920130752e-17,5.255765183763832e-17,1.6869091172594525e-07,9.537430815493789e-11,6.328347972806073e-06,6.650247248129006e-13,0.0004919392800672419,1.077154867901303e-05,7.449053192177597e-10,1.2733155859762832e-12,3.4573952978252484e-12,9.662076809163806e-12,9.608749312363192e-09,5.211867430698606e-14,0.004635408411394144,4.9892736654556144e-05,0.0008882391844949838,6.997057292332049e-05,1.0463685151228029e-10,3.1648818328734394e-09,0.002685328740384284,0.002566085723341298,1.812092638435927e-11,0.00010796795094996717,9.262276750844594e-05,0.007367378095218941,0.00017445404356530392,3.2735848491884274e-05,7.088032419387221e-12,3.3470885825091844e-17,1.3761692387709609e-11,1.1921917941392694e-23,7.005891165481489e-17,1.209529690050244e-17,1.3836640842927297e-05,1.1924530022426035e-10,4.519924513292164e-08,1.0858221162464374e-10,1.2361478617368084e-08,2.6820569339874033e-17,8.81894420198805e-05,1.781829584573546e-09,1.9516743154246229e-16,1.1331061143552414e-07,9.442769386866889e-13,9.164519960299994e-17,4.098039795870165e-14,2.837756411026123e-15,5.5430770426433256e-17,2.903396959217192e-07,5.171308428058171e-08,0.00019678093963446978,0.0006490070672933198,2.2121609888271553e-07,7.981886664979218e-06,1.6553138142513543e-10,1.9675756294856106e-11,6.3808634045766044e-18,4.515843729812049e-12,1.4577424235494684e-11,9.006824624785579e-15,2.727112248103889e-18,9.809764049539512e-13,5.82492185127342e-08,2.752960845790902e-09,1.219485706304439e-10,1.4905982459436605e-08,6.973177412739399e-07,3.3488123987312587e-19,2.6497688644424175e-08,3.9195319188604876e-07,7.88871168384179e-13,6.190439624378124e-07,1.21328986616917e-07,1.309313876314035e-11,0.00031119074526264785,7.499276656955367e-11,6.525932218147778e-07,1.464528879490667e-10,5.1588812636026015e-08,3.794873091089761e-05,2.4448276907687473e-09,0.0005289347673561399,4.7889555496632865e-24,0.00150812284060202,8.806182008758018e-14,1.7559131009549078e-07,6.971331567738494e-05,4.3504987183626344e-05,9.908328660419122e-14,4.320254178397254e-13,0.0010313545328616907,1.2391469176017696e-06,2.2579603523231795e-14,6.552259441690399e-08,2.467002167824614e-20,1.7158125470409935e-05,4.850930164976562e-06,1.3136912824736104e-10,0.00019128303583608217,1.2184589454240974e-05,8.350604362420936e-05,1.9267191134413098e-10,4.287022082462516e-09,3.4316973107168286e-07,4.761992237609857e-06,1.951770000733075e-09,5.261216220681223e-12,3.975975686093946e-10,1.4538353801481862e-11,2.004779641373265e-06,2.295927917645221e-17,5.556690219674678e-09,1.027012295138666e-14,7.136325129107715e-11,2.844649638467344e-08,6.1379718389776134e-09,3.3334512261368725e-12,1.2322618621205934e-11,2.296480683251761e-16
0.05596875,0.13276798310491417,712.6002629438752,0.5306950914321289,0.6049685533386729,7.721807251199789e-17,0.13858063539660456,8.352086309958376e-10,0.03339875041730719,0.14600813244843544,0.02554310975093972,1.9729232987221227e-29,3.6536089611918934e-21,8.274084318029306e-12,1.4451374095329514e-10,0.001033808404113779,0.0,0.0,3.921980551075682e-07,1.5904644744274509e-06,0.012602078110221031,0.010422507087225244,4.442697472787293e-11,1.9961689258179627e-14,9.089440571027127e-08,1.4711079993229625e-07,1.1063985218424702e-11,3.026846639140162e-17,0.0016408960404177525,2.5242758042217828e-17,1.2181144978584585e-16,1.7879513482535178e-07,1.3424061539323693e-10,6.950171059438692e-06,1.2754285858835111e-12,0.0005189815911297351,1.144546205829795e-05,1.1431062609938208e-09,1.788113126697863e-12,4.387692476877452e-12,1.891869221484964e-11,1.1190561348655837e-08,7.736004821000852e-14,0.004824340291670331,5.315117910857943e-05,0.000949141764645802,9.349655194852386e-05,2.5053219542103014e-10,3.49535191765323e-09,0.0029144596593091237,0.002753495292299331,3.822325292838168e-11,0.00015867157700979168,0.00011130527006299738,0.007978679721568984,0.00017092641793106482,3.5875423573629857e-05,1.5672036431045942e-11,7.438314881301354e-17,2.044127733377825e-11,3.967251442923527e-23,1.1105803595866754e-16,1.9499764237356762e-17,1.6001611569091113e-05,1.3581371954429655e-10,4.527544650878305e-08,1.2741515514745054e-10,1.783773129805427e-08,4.256529025909617e-17,9.942677757233734e-05,2.0918508389890955e-09,4.940765591045327e-16,1.3479536420886107e-07,1.271652335796005e-12,1.7871875473604724e-16,1.2869316525239975e-13,5.456458534461391e-15,7.791540450332265e-17,2.7541520304069864e-07,3.8342451319291195e-08,0.00021391126192340644,0.0007080019789186791,3.38549342528787e-07,8.018725497270097e-06,1.8846261498425214e-10,2.157936348406653e-11,1.99346857566856e-17,1.0097155969979e-11,2.2513771300969993e-11,1.109154432620857e-14,4.378764168771981e-18,7.931206631819043e-13,6.552676382161192e-08,3.0915899496260925e-09,1.580543051265977e-10,2.5002607355695743e-08,9.223768427665739e-07,7.075516441317325e-19,3.065716962883344e-08,5.472459332952699e-07,2.9396496187286543e-12,1.0441557394766838e-06,1.3509435779358845e-07,1.7435769428960683e-11,0.00034415417201077764,8.220561113220669e-11,7.304514525046379e-07,1.6927962949818115e-10,5.0874043926107026e-08,4.259491863415679e-05,2.3721971429013093e-09,0.0005895917621984609,2.0874545680206834e-23,0.0015938998019314594,9.543467908256569e-14,1.917710597504026e-07,7.713923651365468e-05,5.0048322888386776e-05,1.9677199275786485e-13,8.410415930587058e-13,0.0011254419279341178,1.0388164728584937e-06,3.778785517194926e-14,7.174957228263345e-08,1.4469988897711316e-19,2.0080526471442895e-05,4.720235494274121e-06,6.961056267840109e-10,0.0002083473171014788,1.3435628554144316e-05,8.937449342005674e-05,6.650290706269402e-10,4.020744191357853e-09,3.846878361525341e-07,5.272788574253668e-06,1.5466697978626058e-09,4.817259370822273e-12,3.0824484648370635e-10,5.436757846109263e-11,2.5862709066128777e-06,5.105219179654361e-17,7.536174091053719e-09,1.0407093970719565e-14,8.168366331638133e-11,2.581609607330522e-08,6.182364600004334e-09,8.388568426365497e-12,1.2715629181952625e-11,4.777636266342703e-16
0.055999999999999994,0.13598378818449633,729.5651797822328,0.5181449816682929,0.6045150874514853,7.715931139236803e-17,0.1372914107744954,1.2083375849834085e-09,0.03286808141817515,0.14415913743645392,0.02648982240930911,9.680210370626386e-29,1.3273217443701636e-20,1.4579512160178565e-11,2.570622933651953e-10,0.0010462605553011486,0.0,0.0,4.5370632750206144e-07,1.6855415234657408e-06,0.013163522925296529,0.011019847299608797,6.471027809319587e-11,4.0167145210138804e-14,1.4449282997254053e-07,1.7124784506803924e-07,2.2171798225657595e-11,7.864204641538514e-17,0.0017279641193001032,5.994811667409935e-17,2.779759788447295e-16,1.8958815736309396e-07,1.8320017284309905e-10,7.672981269557777e-06,2.38323196187112e-12,0.0005470805347420975,1.2156985675270554e-05,1.7211117928345167e-09,2.492152553720944e-12,5.566416039658017e-12,3.642445347114359e-11,1.3161653066987618e-08,1.172611706030439e-13,0.005017989223504878,5.657062971345558e-05,0.0010131655104132125,0.00012494625846942763,5.954224055932103e-10,3.881521836591839e-09,0.0031592606525836704,0.002951602693658492,7.947105856153265e-11,0.0002303787477345807,0.00013277600825737168,0.008630705487977808,0.00016453335729606295,3.926268138399716e-05,3.3459179963113844e-11,1.6168071812460958e-16,3.011638299630034e-11,1.2945616744751499e-22,1.7373294554221433e-16,3.10036112855025e-17,1.856967194588748e-05,1.536502626581019e-10,4.516528120070109e-08,1.483371828588522e-10,2.550097470713544e-08,6.706541798572519e-17,0.00011173453615494422,2.4122978701546785e-09,1.2252805764549971e-15,1.5974788296724212e-07,1.7111414396793448e-12,3.43410023845684e-16,3.1979905821833783e-13,1.0362020426162697e-14,1.0889379792037573e-16,2.543723427771453e-07,2.883475949701721e-08,0.00023224396047854788,0.0007711215077164114,5.045594909972737e-07,7.904246358468545e-06,2.1332252525108568e-10,2.447223157833224e-11,6.044826549538197e-17,2.2212296771743505e-11,3.421088442184786e-11,1.3563384934965446e-14,7.00074770303165e-18,6.486102354510046e-13,7.347913939843107e-08,3.4623825835058562e-09,2.0359983964848061e-10,3.9572760689284234e-08,1.2192098358749271e-06,1.4918184382884345e-18,3.520518542406595e-08,7.538434119101925e-07,8.883292729827805e-12,1.6350064822614793e-06,1.5021363913929363e-07,2.274589870748879e-11,0.000380019048942894,9.042711120413755e-11,8.162093526601726e-07,1.9461451956858913e-10,4.794771456587554e-08,4.7639884891674044e-05,2.266217161349319e-09,0.0006561553349194599,8.803504000468743e-23,0.001652257442468479,1.0361748141428882e-13,2.0880580687577e-07,8.522853183375464e-05,5.7454821554802164e-05,3.779717029692938e-13,1.6190350383969567e-12,0.001226519686513722,8.657067306549536e-07,6.256698119563372e-14,7.846705188414518e-08,7.348810448018408e-19,2.344373574753215e-05,4.318472864530363e-06,2.966931023502257e-09,0.00022664768389378604,1.4793778221142597e-05,9.548143180888719e-05,1.8402136465418018e-09,3.788637038997869e-09,4.3053006011325644e-07,5.829595019235943e-06,1.2273663224236597e-09,4.400258131467092e-12,2.3943687128575855e-10,1.5974201959832423e-10,3.3027844886118233e-06,1.0877883839295776e-16,1.025206171233426e-08,1.0497402724245462e-14,9.513578131110837e-11,2.337058672311898e-08,6.210978891412031e-09,1.6853046367765763e-11,1.3045689757694855e-11,9.779089968596208e-16
0.05603124999999999,0.13928250902354822,746.918193487189,0.5058734110362467,0.6040797218485322,7.710390586686952e-17,0.13587213224823788,1.7612970248217577e-09,0.03232619930433966,0.14226321801084021,0.02745540173002494,8.819250859951238e-28,4.636059782004535e-20,2.4847519134485466e-11,4.4911002950797254e-10,0.0010587383045742363,0.0,0.0,5.237745482700192e-07,1.7845386522544403e-06,0.013741972796492193,0.011642405090413706,9.441160039917885e-11,7.932479801351452e-14,2.227249075821302e-07,2.0115608273845638e-07,4.358308793316136e-11,2.0712718875400072e-16,0.0018183351845405145,1.3952256764936934e-16,6.196806823877392e-16,2.011953789592827e-07,2.418743755433933e-10,8.520999861577895e-06,4.339241747579146e-12,0.0005762591856051529,1.290865860961173e-05,2.5398061102796784e-09,3.443663766362312e-12,7.016655224313832e-12,6.86865265948499e-11,1.563588983549658e-08,1.8007142431103016e-13,0.00521642352423879,6.015639556063394e-05,0.001080374544278809,0.00016620722867666162,1.4001681310383812e-09,4.324234823244225e-09,0.003420474028761915,0.003160832437442257,1.6251379825453043e-10,0.00032900475417727996,0.00015700449396413384,0.009325435173754889,0.00015547886651883888,4.291240439378522e-05,6.898481168417802e-11,3.431790758351922e-16,4.3711562870181784e-11,4.1294772707520444e-22,2.681239726156892e-16,4.859925748909584e-17,2.1628055994104268e-05,1.724033624436549e-10,4.480343415679e-08,1.7108663094194606e-10,3.611451785803703e-08,1.0485716778169853e-16,0.0001251203752953618,2.72693863001233e-09,2.974403904615654e-15,1.8854344412960935e-07,2.2960501636760757e-12,6.46632256084409e-16,6.324676835734323e-13,1.9324924526212346e-14,1.5128155199367937e-16,2.2847605241582567e-07,2.1998627606349257e-08,0.00025184008469392985,0.0008385015331295245,7.296790875040666e-07,7.614732902345782e-06,2.3972766871696674e-10,2.881526616707615e-11,1.770968116645725e-16,4.780902425132132e-11,5.085076941580217e-11,1.6443243516629835e-14,1.112227894152161e-17,5.354776320441861e-13,8.207762674032532e-08,3.8806828568707036e-09,2.6043996370826186e-10,6.002433636179384e-08,1.6071684227695994e-06,3.121629119615744e-18,4.021028299215234e-08,1.0319281332369061e-06,2.1724421892603787e-11,2.3629767240191056e-06,1.6649516219095226e-07,2.9008336997177606e-11,0.0004189725812708925,9.961076544246203e-11,9.105022553391174e-07,2.2223297953769783e-10,4.386384762119383e-08,5.306205581042114e-05,2.1240687537374672e-09,0.0007290846121508178,3.591189330967209e-22,0.0016711973975348914,1.126793198885858e-13,2.2647907257991793e-07,9.402748770738111e-05,6.58187321340819e-05,6.982193947491875e-13,3.054011842652734e-12,0.0013349683239628307,7.241238474576301e-07,1.0248871263185269e-13,8.570354734815866e-08,3.072804979027483e-18,2.73030579295923e-05,3.6924353408963403e-06,1.0152636838717641e-08,0.0002462504215139024,1.6266140357413978e-05,0.00010182498451912548,4.067647049826993e-09,3.59580064457723e-09,4.810959285950494e-07,6.435658743267548e-06,9.77407297158705e-10,4.018209192637611e-12,1.8674840469167218e-10,3.69161879299046e-10,4.17073485844571e-06,2.230635198322782e-16,1.3964300376906171e-08,1.05617793746676e-14,1.134092244280106e-10,2.1082514098574596e-08,6.2152018499006585e-09,2.7186875530364105e-11,1.3293689727253392e-11,1.9690847935631103e-15
0.056062499999999994,0.14266543670018775,764.6549909280878,0.4938779851810819,0.6036684715599594,7.705311923825302e-17,0.134313296596656,2.5704145396827597e-09,0.03177332601360085,0.14032121274687212,0.02844004838905993,1.1200749124823227e-26,1.5420625503553482e-19,4.1111897484414354e-11,7.666570468893307e-10,0.0010712531393574718,0.0,0.0,6.025140711905164e-07,1.8874575964435103e-06,0.014337744744007452,0.012290882831129377,1.377522039882045e-10,1.5294874758106134e-13,3.3235795278159703e-07,2.383434237381439e-07,8.360362858845772e-11,5.454110969206608e-16,0.0019120896326378534,3.182273001266368e-16,1.339604009318437e-15,2.1377711832585622e-07,3.085245634985127e-10,9.523411782311634e-06,7.700912537993333e-12,0.0006065414639712778,1.3703175956723752e-05,3.673442835269771e-09,4.715616061210233e-12,8.74744862684876e-12,1.2644696820066688e-10,1.8757638326692146e-08,2.7829001489330834e-13,0.0054197243599264895,6.391402818642854e-05,0.0011508147946190888,0.0002189496449822688,3.2460609687016526e-09,4.819034536617036e-09,0.0036988498159423256,0.003381624212618793,3.2616626285968855e-10,0.0004600404965893511,0.00018387052436905397,0.010064934781394856,0.00014413750525990484,4.684004987697635e-05,1.3734333016342769e-10,7.106342812637729e-16,6.212160688297836e-11,1.2848546314322939e-21,4.0814008710188714e-16,7.508823346370232e-17,2.5276031196564947e-05,1.916659035082181e-10,4.41526953930146e-08,1.9531059283933572e-10,5.0663879609815085e-08,1.6261970814425538e-16,0.0001395564234935775,3.0192383076607346e-09,7.064292511800733e-15,2.2153062952808315e-07,3.067066841524944e-12,1.1872448435173993e-15,1.0235024086890452e-12,3.521106022328996e-14,2.0868676850973438e-16,1.997280308942357e-07,1.7022150116004835e-08,0.0002727626655258448,0.000910262109295145,1.0203244701072513e-06,7.143218491405773e-06,2.672406659821985e-10,3.522028652807832e-11,4.989838861464917e-16,1.0011905875679673e-10,7.353333667720801e-11,1.9738124618684136e-14,1.7529105826074866e-17,4.4552244665021685e-13,9.123689596862673e-08,4.3636564398096964e-09,3.304589967911315e-10,8.927849468017018e-08,2.107249493228079e-06,6.444821240146447e-18,4.575100206959399e-08,1.4066773424826093e-06,4.362876192888703e-11,3.1623788229525555e-06,1.8345949384609715e-07,3.61348274647861e-11,0.0004612045657727345,1.0958211122981963e-10,1.0140007461390154e-06,2.518442837635125e-10,3.9854125836336785e-08,5.8816060592390264e-05,1.94627231963555e-09,0.0008088664647045573,1.4168891520105949e-21,0.0016392611577704334,1.2258074775443862e-13,2.444109727754582e-07,0.00010358474420657672,7.524091340830944e-05,1.2324838232114087e-12,5.590752018963811e-12,0.0014511803383040897,6.102238374194097e-07,1.6608057977014002e-13,9.348336460954843e-08,1.0526479513533248e-17,3.171807109645336e-05,2.959678879781556e-06,2.8307684025372643e-08,0.00026722455274626357,1.7860178550487714e-05,0.00010840578575455572,7.300712307872094e-09,3.456083730008814e-09,5.368407194508793e-07,7.094402794986765e-06,7.822859231895419e-10,3.673933686394499e-12,1.4647535459352594e-10,6.847194362300203e-10,5.204935014876769e-06,4.416311151456522e-16,1.9011480550006866e-08,1.0616006295249047e-14,1.3899659492671166e-10,1.8940881320146484e-08,6.190121648102286e-09,3.620254563721884e-11,1.3447168560082512e-11,3.900306094368808e-15
0.05609375,0.14613421247997216,782.7730777211873,0.4821548473870901,0.6032869120972172,7.70081605316798e-17,0.13260491596107413,3.733376765702313e-09,0.031209635596894554,0.13833379830665643,0.029443984303342687,2.1217633319379462e-26,4.844173979993162e-19,6.621841233379344e-11,1.2729928629745891e-09,0.0010838162895537142,0.0,0.0,6.901838318476958e-07,1.9942627965850336e-06,0.014951163046162761,0.012966003139989015,2.006789661630692e-10,2.8662674665500964e-13,4.80064078552723e-07,2.846533690268722e-07,1.5581301246771248e-10,1.418379471099923e-15,0.0020093107741579385,7.114046291658912e-16,2.7922281190952128e-15,2.2753478110523408e-07,3.8035057511270223e-10,1.0715158877264338e-05,1.3328247835614706e-11,0.000637951640197889,1.4543379955497627e-05,5.213000012551749e-09,6.4004947563608475e-12,1.0754884774763173e-11,2.2665145926839605e-10,2.2706742043356116e-08,4.301425686390418e-13,0.005627981236177078,6.784929422101019e-05,0.0012245058031610835,0.00028411041765184184,7.389643438943845e-09,5.3530036152483156e-09,0.0039951358740846704,0.0036144302369189685,6.409169791501472e-10,0.0006270124807154808,0.00021320593461302898,0.010851352581540078,0.00013097775649117236,5.106173997426662e-05,2.6410316056415534e-10,1.4352635741592458e-15,8.601315677121854e-11,3.894030771263088e-21,6.126774040761162e-16,1.143306574720397e-16,2.9622684627025843e-05,2.1103120146175735e-10,4.320748562254317e-08,2.2062054291606393e-10,7.040766320046772e-08,2.50076174103713e-16,0.00015496658510431564,3.274006578907626e-09,1.6410286686596185e-14,2.589961305336859e-07,4.07270017562549e-12,2.1164162726162076e-15,1.4169666465356576e-12,6.239789224233768e-14,2.8519977392747006e-16,1.7047049959712064e-07,1.3349788095136941e-08,0.0002950763338320595,0.0009864983755040156,1.3747778339906579e-06,6.507095493337321e-06,2.954439209810433e-10,4.4424849139416996e-11,1.3461790495047676e-15,2.0282123583096364e-10,1.0295456761350156e-10,2.3439706263325157e-14,2.73663831873272e-17,3.729829898274135e-13,1.0078693666183995e-07,4.929887637816304e-09,4.153248572020587e-10,1.3292111414823264e-07,2.7391013940326115e-06,1.3049982677431697e-17,5.191509842674808e-08,1.9076474203446855e-06,7.394131571161045e-11,3.963389977020467e-06,2.0032290956442784e-07,4.3964004963164446e-11,0.0005069031082408143,1.1997757701538962e-10,1.1274088783394787e-06,2.8315480791211954e-10,3.670904540311619e-08,6.482780249548988e-05,1.7372585354282908e-09,0.0008960160136097405,5.407910437456454e-21,0.001548653491876545,1.3308290426250745e-13,2.619831594317201e-07,0.00011395110918696292,8.582741757857082e-05,2.064701960164089e-12,9.835843247136231e-12,0.0015755571298875998,5.178079511357065e-07,2.6620278096753575e-13,1.0181842046106753e-07,3.015142445159811e-17,3.675147306344961e-05,2.248786279479056e-06,6.609611863084321e-08,0.0002896416903069788,1.9583719173959787e-05,0.00011522684585020799,1.0969655265394612e-08,3.3983832180116496e-09,5.982825059725432e-07,7.809426851369828e-06,6.299364864932087e-10,3.3670002770406047e-12,1.1565665074003717e-10,1.0541080957428869e-09,6.418759952480686e-06,8.466205927900411e-16,2.5828047799894554e-08,1.067156237858108e-14,1.7539166620048777e-10,1.694512725719475e-08,6.13368575145492e-09,4.159816138128673e-11,1.3501466221462094e-11,7.600481592085588e-15
0.056124999999999994,0.14969084604807767,801.2731701378806,0.47069891876657044,0.6029393467006786,7.69700049155428e-17,0.13073644535376702,5.37005827351263e-09,0.0306352146232397,0.1363013190894608,0.030467404179386093,6.053678552557075e-26,1.4277351230689478e-18,1.0407107815910217e-10,2.0486614418623653e-09,0.0010964370308685154,0.0,0.0,7.877956367065373e-07,2.104866177575244e-06,0.015582534402649945,0.013668489523781238,2.9144944172181775e-10,5.202027981440643e-13,6.722208360607203e-07,3.4232009013502057e-07,2.8116715698833417e-10,3.607221731700736e-15,0.0021100820226734912,1.5592809394153265e-15,5.593710420829007e-15,2.427169001448554e-07,4.5444987260277757e-10,1.2137855291616023e-05,2.2515042596752474e-11,0.0006705134377360445,1.5432192424352183e-05,7.271125827234097e-09,8.617380812419548e-12,1.3029344504568527e-11,3.948300739864687e-10,2.7702779825046224e-08,6.607019048642528e-13,0.005841284044384829,7.196810120142968e-05,0.0013014312810268169,0.00036126463365742956,1.6448250131015833e-08,5.90123091630658e-09,0.004310063825189168,0.003859709615596766,1.229459013006474e-09,0.0008296042839745055,0.00024483695734505003,0.011686894501317501,0.0001165022353300033,5.5594210062297956e-05,4.909537171744961e-10,2.82850322416611e-15,1.1560770767044403e-10,1.1487963669732497e-20,9.069174327115268e-16,1.7153960039118779e-16,3.4782915283607715e-05,2.3013447690915448e-10,4.198899019964812e-08,2.466416498640734e-10,9.693796510389163e-08,3.8122714562144116e-16,0.00017121289414287464,3.4795200002113815e-09,3.728294805723125e-14,3.011153350151194e-07,5.369261795850266e-12,3.650852256673664e-15,1.7682975729681815e-12,1.0716205605242955e-13,3.84816907848231e-16,1.4283213527462767e-07,1.0599651755900166e-08,0.00031884659379209467,0.0010672701794915398,1.7790073611178413e-06,5.7501340610842146e-06,3.239922827160605e-10,5.721577577310671e-11,3.464168522539719e-15,3.9508856328865145e-10,1.3902446870926268e-10,2.7522266064718478e-14,4.227090390876143e-17,3.13731362563627e-13,1.1043988205751299e-07,5.5987033366012655e-09,5.16082765260309e-10,2.0007076077550996e-07,3.5155609078430134e-06,2.5769082578993326e-17,5.87915280605738e-08,2.56941099086684e-06,1.0927493869470992e-10,4.721713733893562e-06,2.1612281898864006e-07,5.228150668684643e-11,0.0005562478762618244,1.3018351517737544e-10,1.2514600024049133e-06,3.159170883326164e-10,3.461289924510853e-08,7.099176983656762e-05,1.505319115409371e-09,0.0009910760146016543,1.997695250881753e-20,0.0013991219143423765,1.4366798164194003e-13,2.782514853130135e-07,0.0001251790642001282,9.7686164408408e-05,3.2606067552002477e-12,1.6477476649600478e-11,0.001708503460828626,4.4156733022351787e-07,4.2191187825244745e-13,1.1069379498826884e-07,7.453448152817855e-17,4.246628964564617e-05,1.6438357252625268e-06,1.335631416121875e-07,0.00031357561069000406,2.1444935887939242e-05,0.00012229292668830045,1.4306368940741434e-08,3.475596363024734e-09,6.659955671495093e-07,8.58449924209682e-06,5.10609307784447e-10,3.094687557850618e-12,9.198025030645504e-11,1.3996968044923286e-09,7.824705475512084e-06,1.5763226216798587e-15,3.496285036621214e-08,1.0734962013865187e-14,2.2726102856055546e-10,1.509909441078673e-08,6.048177241344849e-09,4.344725473504798e-11,1.3459160897576988e-11,1.4574444176187974e-14
0.05615624999999999,0.15333765005570021,820.1601341813218,0.4595043670296082,0.60262807441607,7.69392350378576e-17,0.1286967489660153,7.622697949893317e-09,0.030050033980651866,0.13422365706547587,0.03151042256424229,3.4146737957504416e-25,3.931810392073787e-18,1.59968515544245e-10,3.18800398785079e-09,0.0011091211133004032,0.0,0.0,8.976213235657329e-07,2.219107038965328e-06,0.016232119305938077,0.014399042539570299,4.213449216780314e-10,9.122839127672981e-13,9.153737203522378e-07,4.1403510521585915e-07,4.902170727006097e-10,8.90779597380043e-15,0.002214483543714186,3.352606892932169e-15,1.0766159337837324e-14,2.596250577889085e-07,5.290617504504687e-10,1.384037169103758e-05,3.717123544911025e-11,0.0007042489493676841,1.6372413194655854e-05,9.987368638702024e-09,1.1521704974483538e-11,1.5566808386940583e-11,6.678335632741657e-10,3.4007939064762246e-08,1.0015004773499817e-12,0.006059713893043119,7.627639980201487e-05,0.0013815301616101796,0.00044813948568275504,3.5632561290305e-08,6.423885817566197e-09,0.00464433149501866,0.004117920671625901,2.294157228392244e-09,0.0010621808264273324,0.0002786077921594832,0.012573776265187289,0.00010124812981932364,6.045472429312436e-05,8.838116740556061e-10,5.4437811946052825e-15,1.5054890223029296e-10,3.298801500063559e-20,1.3237762178982963e-15,2.5361549954366304e-16,4.0871714470241124e-05,2.4866564820511815e-10,4.053482576705603e-08,2.730367343259409e-10,1.3225178175020833e-07,5.760214129676279e-16,0.0001880829328836655,3.6294187129005236e-09,8.285304883485508e-14,3.478853573246404e-07,7.020350241437443e-12,6.08189176485122e-15,2.0920065108418103e-12,1.779512927241375e-13,5.104879681872138e-16,1.1825932343138764e-07,8.50803312762571e-09,0.00034413878114746547,0.0011525911816708725,2.2040103595458102e-06,4.935710753833989e-06,3.526265662259295e-10,7.430818088424797e-11,8.479589159166731e-15,7.354254471249393e-10,1.8057360659004967e-10,3.193981637588356e-14,6.453654306342246e-17,2.6477185421726716e-13,1.1975787051641136e-07,6.388463278173947e-09,6.325585894439624e-10,3.0377361529706336e-07,4.434308057718795e-06,4.9381057968860405e-17,6.64469789699463e-08,3.43291322149539e-06,1.453952448247781e-10,5.424008488958445e-06,2.2998261925469912e-07,6.085897818398755e-11,0.0006094001865581912,1.392983364933369e-10,1.386909725049595e-06,3.49877029021256e-10,3.332436915747913e-08,7.717234100462917e-05,1.2618514805011967e-09,0.001094614625486485,7.146401492684626e-20,0.0012011048362165272,1.5353131978031415e-13,2.918707237794815e-07,0.00013732186867483758,0.00011092007584722038,4.826970397234358e-12,2.608528237155687e-11,0.001850419333664852,3.777554700508762e-07,6.608358045205228e-13,1.2004646201655152e-07,1.6451296813739095e-16,4.891994795641409e-05,1.1724752171923165e-06,2.4121211801072644e-07,0.0003391015827707551,2.3452319919909044e-05,0.00012960968375765427,1.6766699521666764e-08,3.778188327955385e-09,7.405906854756698e-07,9.42353853826276e-06,4.1652345979263475e-10,2.8522859826565023e-12,7.365988273335227e-11,1.6625080770717918e-09,9.435137925431271e-06,2.8604146434858066e-15,4.7098078441240004e-08,1.0805437168921384e-14,3.006097200314671e-10,1.3406488426505234e-08,5.937583238854938e-09,4.3366681584958805e-11,1.3328391050798705e-11,2.751128718596375e-14
0.056187499999999994,0.15707706359446552,839.4425085120783,0.44856530061203614,0.6023532599983269,7.691601717900676e-17,0.12647418023452356,1.0657985702778345e-08,0.029453955211025104,0.13210024670649637,0.032573046025733146,1.3119641646215229e-24,1.0107547501183828e-17,2.410733121881683e-10,4.793597482999303e-09,0.0011218703771165167,0.0,0.0,1.0233717828765065e-06,2.3367266346570467e-06,0.016900114405796827,0.015158324202155415,6.055412423477103e-10,1.5450142445608734e-12,1.2173630679290517e-06,5.030246299999112e-07,8.254253882366597e-10,2.12669360454212e-14,0.0023225903522280603,7.07573133118031e-15,1.9953283444261624e-14,2.7861992844432007e-07,6.044248196172378e-10,1.5878836494406287e-05,6.008135625497402e-11,0.0007391779741689349,1.7366328579929042e-05,1.3532283857793314e-08,1.5318639165036967e-11,1.8379273629687467e-11,1.097020287034747e-09,4.192768397759337e-08,1.4867822176414279e-12,0.006283338106174978,8.078012623261973e-05,0.001464690909188029,0.0005406798874902115,7.475047866705221e-08,6.8655958319391485e-09,0.0049985862232486454,0.004389514647494192,4.146194441072014e-09,0.0013138637573856513,0.0003143915053244281,0.013514163797413459,8.58343699639899e-05,6.566100352043617e-05,1.5445848975917438e-09,1.0243695790873215e-14,1.899990035447811e-10,9.223226414059591e-20,1.9054127367121364e-15,3.6950149849844593e-16,4.79968888682295e-05,2.663672247034288e-10,3.8889874791241957e-08,2.9951447636270314e-10,1.788324847807913e-07,8.625774518021541e-16,0.00020528141695956247,3.723437325220552e-09,1.8014905089952923e-13,3.990374424509659e-07,9.095900148817335e-12,9.7810988114357e-15,2.442195564546315e-12,2.8554933578074044e-13,6.630921788513651e-16,9.735148360913496e-08,6.892097167397823e-09,0.0003710169359753498,0.0012424180713567223,2.6066714190590256e-06,4.132127432056684e-06,3.811687910202508e-10,9.622568962602542e-11,1.9722070355719713e-14,1.2996971797196549e-09,2.253768490497478e-10,3.662663931731796e-14,9.731629273936087e-17,2.239164596772165e-13,1.2813416489122802e-07,7.3121927439844256e-09,7.625914705761894e-10,4.6037796233503966e-07,5.467257762043068e-06,9.152848835168862e-17,7.487669339904659e-08,4.547017304732233e-06,1.7904637226888867e-10,6.076446281260718e-06,2.413974627404559e-07,6.94979906639524e-11,0.0006664893671126428,1.4615280532844777e-10,1.534526242167887e-06,3.850399279215206e-10,3.240296939161235e-08,8.321054904162736e-05,1.0199850146743499e-09,0.0012072210104706375,2.479116150089616e-19,0.0009758061355960049,1.6170837005293212e-13,3.0108730629383385e-07,0.00015043226985271,0.00012561428349933574,6.6790168304011365e-12,3.884359277263719e-11,0.00200169015195644,3.238328734514488e-07,1.0219484044003375e-12,1.297407179153668e-07,3.3470486604671785e-16,5.615285775963403e-05,8.250399503665878e-07,4.0032091417650733e-07,0.0003662956695666512,2.56146525236749e-05,0.000137182600809823,1.8187610403049496e-08,4.45599358743684e-09,8.227021653642581e-07,1.0330586002088279e-05,3.414944771936937e-10,2.633038228295858e-12,5.93209649727608e-11,1.8214958016933213e-09,1.126332388275789e-05,5.0779225611479084e-15,6.306622733414549e-08,1.0870981284953444e-14,4.0301613282847627e-10,1.1868717004581481e-08,5.806838180750706e-09,4.3043019029244814e-11,1.3121197306099118e-11,5.1144290668603706e-14
0.05621875,0.16091139617415773,859.1299655756752,0.4378765103827831,0.6021138216816031,7.690029199652e-17,0.1240568327302486,1.4676528171737692e-08,0.028846785712723443,0.12993030599408706,0.03365520309558766,4.6991668368096145e-24,2.43234555462173e-17,3.570655792363223e-10,6.973088248364343e-09,0.0011346845269054001,0.0,0.0,1.1700437314172924e-06,2.45733694316473e-06,0.017586663142790046,0.015946966789440187,8.642515449694748e-10,2.5303317947029874e-12,1.5886935020562016e-06,6.13129616308923e-07,1.3442064868361207e-09,4.9012740365375364e-14,0.00243447430887016,1.466837135832632e-14,3.5764811275990235e-14,3.001277808652321e-07,6.828234871025277e-10,1.8316135022453357e-05,9.528072328797754e-11,0.0007753185491146151,1.841512285192271e-05,1.811119179217793e-08,2.028304430212198e-11,2.1499775935586483e-11,1.7522972171594314e-09,5.1808118905691535e-08,2.1441961630049747e-12,0.006512215612334594,8.548526911242006e-05,0.0015507514249685705,0.000633978492446278,1.5100319630672417e-07,7.159452965735928e-09,0.005373416267507619,0.004674935587774318,7.2217545919149915e-09,0.0015710124522557208,0.0003521230441301056,0.014510125551275089,7.097722279429694e-05,7.123123822239759e-05,2.628529558846823e-09,1.887079545404064e-14,2.330683246999337e-10,2.511973997189938e-19,2.70455193026265e-15,5.305075830604035e-16,5.6250301133290326e-05,2.830500714010914e-10,3.7103330318247845e-08,3.2585666796987286e-10,2.3973545331653703e-07,1.2800419681624207e-15,0.00022242967722888263,3.766850527682134e-09,3.8336347018938113e-13,4.539267591667121e-07,1.1670739178821834e-11,1.5211311719796694e-14,2.8829225847635644e-12,4.433665171693455e-13,8.41013615977364e-16,8.002823748208658e-08,5.6245887235084e-09,0.0003995429542644211,0.001336640574566944,2.9358532093738716e-06,3.395892543391294e-06,4.0954740540816236e-10,1.2325844635252185e-10,4.363339447710912e-14,2.1668163047006604e-09,2.7067914134969704e-10,4.151050984944939e-14,1.448604242825526e-16,1.8955975582402532e-13,1.3480536569040242e-07,8.368296929889868e-09,9.012141738295462e-10,6.865840049430584e-07,6.550364581269361e-06,1.6392348446868832e-16,8.392182177868574e-08,5.970485067122293e-06,2.086434875699713e-10,6.6916139914594544e-06,2.503775291115663e-07,7.806629159786225e-11,0.000727594934611564,1.4943064831335042e-10,1.695078977369869e-06,4.213120839834263e-10,3.135720067195834e-08,8.89367084961824e-05,7.928044013558108e-10,0.0013294974863737744,8.346373529647667e-19,0.000750402599462618,1.6734624994934225e-13,3.0389410484336843e-07,0.00016456094594374232,0.0001418144589591487,8.650434898549971e-12,5.439924728772079e-11,0.0021626767060692925,2.780408122805179e-07,1.5584471322078491e-12,1.395502041041311e-07,6.456142514731898e-16,6.416830691526347e-05,5.771136750315536e-07,6.243968720244997e-07,0.00039523434553554305,2.7941007345392163e-05,0.00014501536621248164,1.869342887874627e-08,5.752650571941585e-09,9.130261617695438e-07,1.1309769890602779e-05,2.80626883507125e-10,2.428109862206303e-12,4.790998059202049e-11,1.8861375017071625e-09,1.3325225024607035e-05,8.853634345515553e-15,8.386003778167426e-08,1.0903559337340918e-14,5.440285011359513e-10,1.048475254372133e-08,5.661642069443555e-09,4.351882183738362e-11,1.2852664524071733e-11,9.368084743610233e-14
0.056249999999999994,0.16484260391024172,879.2293761827569,0.4274339237173696,0.6019091559192866,7.689210532247915e-17,0.12143293389285464,1.993538055405365e-08,0.028228365916766578,0.12771321691840617,0.03475683541654339,1.5603859587578045e-23,5.5150351984103646e-17,5.210510764737758e-10,9.844088611737721e-09,0.0011475648306157663,0.0,0.0,1.3435572649106848e-06,2.5803812708493508e-06,0.018291898002354083,0.016765611311361398,1.2243789607227172e-09,4.02075457110363e-12,2.0436090338086084e-06,7.488753730901125e-07,2.1241628551599013e-09,1.091471739510479e-13,0.002550210717575331,2.9885816454137594e-14,6.235466721649164e-14,3.2464761995404463e-07,7.679543669475961e-10,2.1221040349195497e-05,1.4861710711230333e-10,0.0008126889070912709,1.951811505630512e-05,2.3971081813610092e-08,2.6791443820610693e-11,2.4981509699527007e-11,2.727528399309011e-09,6.402846254450067e-08,2.979024149598563e-12,0.00674641381904829,9.039809297736609e-05,0.0016395037235851363,0.0007238571743358914,2.9197983334036375e-07,7.237990494967606e-09,0.005769354825029115,0.004974628620948118,1.2061910904461019e-08,0.0018215102764182623,0.0003918834921264778,0.015563615772549146,5.739935327262434e-05,7.71842321266756e-05,4.3701629714502436e-09,3.408449101364113e-14,2.794897932801364e-10,6.665943920001634e-19,3.785226473680753e-15,7.505182700226719e-16,6.569774625443445e-05,2.9864236844831296e-10,3.523058824812328e-08,3.519864595711462e-10,3.186675271261168e-07,1.882100253169322e-15,0.00023907620706476956,3.769011149451822e-09,7.985818447278035e-13,5.114000919978005e-07,1.482246076003356e-11,2.2960296161458782e-14,3.4727628285083955e-12,6.683032185538742e-13,1.0409944307933643e-15,6.585469350793803e-08,4.616479612311765e-09,0.00042977619281991557,0.0014350719024112737,3.143986704976487e-06,2.760677335938045e-06,4.3787744231583415e-10,1.5555299188244767e-10,9.215195413330691e-14,3.3878328449648895e-09,3.141213523560541e-10,4.654584640221569e-14,2.1278254804877364e-16,1.6051270786926824e-13,1.3891305909242405e-07,9.525046574577556e-09,1.0400392061613572e-09,9.927455895447279e-07,7.579578808687225e-06,2.841282137897454e-16,9.315896428930976e-08,7.77524851672195e-06,2.3404003615169634e-10,7.280455249269081e-06,2.573826241102822e-07,8.651910236712422e-11,0.0007927237177350843,1.4792307148437353e-10,1.8693260195450721e-06,4.588434897516442e-10,2.9745115533449508e-08,9.41874146796559e-05,5.914496751062581e-10,0.0014620444199516362,2.729102550860899e-18,0.0005494982297955524,1.7002101564029562e-13,2.984511806010989e-07,0.00017975480132468566,0.00015949373335934311,1.0558620447601149e-11,7.201233549573707e-11,0.0023337055129782794,2.391224942443384e-07,2.3403286693622775e-12,1.4916130509268842e-07,1.209700456299738e-15,7.29004902260567e-05,4.032010036026111e-07,9.312533103232332e-07,0.0004259945679945483,3.0440801209301e-05,0.00015310733368755804,1.8532714855222058e-08,8.056517979429242e-09,1.0124798025244504e-06,1.2365250302200681e-05,2.301041318086144e-10,2.226981222268449e-12,3.863004185193069e-11,1.8802194312361078e-09,1.564247289041783e-05,1.521934299619298e-14,1.1062758438303214e-07,1.0855599588827383e-14,7.357579925889326e-10,9.251699073211355e-09,5.509040096920456e-09,4.5216616114726653e-11,1.2540601891724987e-11,1.691329471647202e-13
0.05628124999999999,0.16887222963384654,899.7416275258436,0.41723450586740635,0.6017407413360559,7.689184864577283e-17,0.11859125826230613,2.678358559375626e-08,0.027598638550293538,0.12544883798540823,0.035878002420922595,4.909624487220122e-23,1.1889845263540992e-16,7.50808961046701e-10,1.35486186478721e-08,0.0011605177967369902,0.0,0.0,1.5503126481759162e-06,2.7050811273765786e-06,0.019015991441620788,0.017614957694744752,1.7219551983756535e-09,6.228458982897626e-12,2.6006982460874737e-06,9.155185716845833e-07,3.2722006411785482e-09,2.3552878544359347e-13,0.0026698866593859783,5.986925730887441e-14,1.0639745581942709e-13,3.527587669357098e-07,8.641022718098986e-10,2.4666935698839873e-05,2.2859185836474814e-10,0.0008513099424943149,2.0671824097295205e-05,3.1413755469411376e-08,3.5372498604552625e-11,2.8894357535031346e-11,4.1470785366346416e-09,7.898647380999152e-08,3.955815067710047e-12,0.006986028598806205,9.552543451272488e-05,0.0017306975360153528,0.0008082334148314513,5.3729640742354e-07,7.051752557132581e-09,0.006186892297809272,0.005289052238795453,1.924191993076211e-08,0.0020584794617502233,0.0004340144098011178,0.016676481875459663,4.565400373508175e-05,8.353963063717664e-05,7.121736376088635e-09,6.04700113016527e-14,3.3021051176000453e-10,1.7233431501106442e-18,5.222423947978081e-15,1.0459592524089391e-15,7.636799236030192e-05,3.132417114088969e-10,3.333341264094651e-08,3.780491774148248e-10,4.2005198930958167e-07,2.7410719400028244e-15,0.00025471920708792486,3.7412649960769805e-09,1.6283211364700704e-12,5.696469420027162e-07,1.8628145635423092e-11,3.381256828615901e-14,4.263892261388259e-12,9.825553453821438e-13,1.2602185932671533e-15,5.4313771689438565e-08,3.804932949949344e-09,0.0004617731443333541,0.0015374370280630686,3.2014947107809545e-06,2.2361513957644246e-06,4.665553107596745e-10,1.9329695812849983e-10,1.8679109172323807e-13,4.944814809631243e-09,3.545714148505609e-10,5.1763611366371104e-14,3.0833176583373274e-16,1.3587420012262352e-13,1.39623786515329e-07,1.0701901066248196e-08,1.167233459987029e-09,1.3727652603918677e-06,8.421286213468867e-06,4.784669637940327e-16,1.0179721090432231e-07,1.0051781375187136e-05,2.5596475903551756e-10,7.84890712412546e-06,2.631210685550315e-07,9.489808750638002e-11,0.000861779959412735,1.4090681374364827e-10,2.0579987824643037e-06,4.980788309243077e-10,2.7275091146762454e-08,9.882314524262371e-05,4.2343802493037003e-10,0.0016054300718361598,8.670394733225121e-18,0.00038755004458085795,1.6991513066669013e-13,2.8378865395738923e-07,0.00019605499576469084,0.00017850856134981775,1.2284457807400316e-11,9.096414914666504e-11,0.002515057038754544,2.0614009905351886e-07,3.4564226983971246e-12,1.5820968161276716e-07,2.2464382000246915e-15,8.216993504734839e-05,2.821257277177053e-07,1.3453836823491052e-06,0.0004586538719139151,3.312387647098794e-05,0.00016145033854827117,1.795920994747576e-08,1.1969995206012351e-08,1.1225671156220016e-06,1.350110556767175e-05,1.8708119532431256e-10,2.018780570127201e-12,3.0900107621661613e-11,1.8292462238095023e-09,1.8246153069668195e-05,2.5882271104517362e-14,1.446446886397162e-07,1.0661658066438126e-14,9.936198039250246e-10,8.1648634812424e-09,5.357785636991522e-09,4.8211111766647047e-11,1.220475860823584e-11,3.010352047655371e-13
0.056312499999999995,0.17300153417196604,920.6611452434761,0.40727570347687797,0.601612609199132,7.690023619473975e-17,0.11552144960131808,3.570315798149163e-08,0.026957656763974422,0.12313755213570564,0.037018932689765145,1.4645217256089553e-22,2.461634157374164e-16,1.0704856338748238e-09,1.827141640212845e-08,0.0011735565948692457,0.0,0.0,1.7967270929692154e-06,2.830362972298827e-06,0.019759180984260726,0.018495796442713285,2.405497037535983e-09,9.454947600595121e-12,3.2833389609402018e-06,1.1190658712296499e-06,4.938347463278159e-09,4.942949280823976e-13,0.002793606424752974,1.1795802570466484e-13,1.7869946716165203e-13,3.851283672333592e-07,9.755435247618657e-10,2.8729910790279078e-05,3.4759750187777593e-10,0.0008912066551864179,2.1868835850291245e-05,4.0813597947640766e-08,4.6781090969036434e-11,3.33220484355253e-11,6.1714614758126675e-09,9.707448706205046e-08,4.98904260842322e-12,0.007231195131721786,0.00010087492928952093,0.0018240343854023131,0.0008874125492199863,9.369239139096156e-07,6.591329385706416e-09,0.006626485125771778,0.005618685825180174,2.9284864039483362e-08,0.002281089163332009,0.00047919470585511286,0.017850464303974047,3.598582152226969e-05,9.031811559959558e-05,1.1408956898862752e-08,1.0559756991501689e-13,3.875798784889329e-10,4.3386135698625145e-18,7.10020751151856e-15,1.435414432810862e-15,8.82422652907918e-05,3.271171244931729e-10,3.147369478997603e-08,4.0444277155298785e-10,5.490792432873008e-07,3.952476441357427e-15,0.00026883831904129125,3.6946617861767816e-09,3.2491768223216282e-12,6.260492414548568e-07,2.3159494898276643e-11,4.886318914221695e-14,5.307930961005266e-12,1.4163232748816647e-12,1.4984926015432625e-15,4.493579511135779e-08,3.144975652000489e-09,0.0004955863683924815,0.0016433545766030382,3.107896806854487e-06,1.814733256592809e-06,4.962904638654942e-10,2.3688001746268566e-10,3.656213290325582e-13,6.722798717096866e-09,3.9233518481214963e-10,5.732382999690247e-14,4.4063500310373434e-16,1.1493598031265433e-13,1.3629763015980685e-07,1.1758040652035876e-08,1.268483379046687e-09,1.7952873397845354e-06,8.943447120242963e-06,7.867284186765753e-16,1.0865902535410554e-07,1.2916550927655165e-05,2.7551154039728533e-10,8.397208015172927e-06,2.683333768005945e-07,1.0330555874028217e-10,0.000934525445191083,1.285387375087636e-10,2.261780290407159e-06,5.398048126870716e-10,2.3905333670771732e-08,0.00010274120197857658,2.916406277358022e-10,0.0017601354471872698,2.676634658481873e-17,0.00026699772969871393,1.677222969483765e-13,2.605703184414556e-07,0.00021349428403392163,0.00019855061710220552,1.3804757610951676e-11,1.109179464912506e-10,0.0027069469414834927,1.7833523770187487e-07,5.016203626017561e-12,1.6634815542785562e-07,4.196294365683491e-15,9.163200637272138e-05,1.9798382128542082e-07,1.9006055592543672e-06,0.0004932896060104027,3.6000567373341446e-05,0.00017002592677654805,1.7176155033402523e-08,1.8396781960065364e-08,1.24602824203585e-06,1.4721093248132476e-05,1.4964236281304657e-10,1.794765843394557e-12,2.43294810657208e-11,1.7541929399456577e-09,2.1180164000998976e-05,4.366596717273947e-14,1.8726134905499962e-07,1.0249574551247017e-14,1.3371583677543578e-09,7.217191595257737e-09,5.217677493368153e-09,5.245865825098188e-11,1.1864972802442226e-11,5.282588274251458e-13
0.05634375,0.17723169875956557,941.9778579739894,0.39755485169690125,0.6015306178166434,7.691808862255825e-17,0.11221427389999813,4.734862085517241e-08,0.026305538079539142,0.12078007210240838,0.03818000107131591,4.2004626979409626e-22,4.938508495755931e-16,1.5129436358419986e-09,2.4254576362583933e-08,0.0011866999161358925,0.0,0.0,2.0887242450153162e-06,2.9547629722274957e-06,0.020521755759993616,0.019409008590724967,3.34023126301125e-09,1.413216014212192e-11,4.120405572132621e-06,1.3662643047480273e-06,7.334254547072886e-09,1.0124135740294818e-12,0.0029214921572033453,2.2863999053367507e-13,2.9679563866989553e-13,4.2251823278710255e-07,1.1062728634928097e-09,3.34859282414926e-05,5.23719967880177e-10,0.0009324078615526063,2.309646305839213e-05,5.263333504155721e-08,6.210069305239401e-11,3.8360279181243773e-11,8.998082545264197e-09,1.1864459888869136e-07,5.957880246096186e-12,0.0074820854972877365,0.00010645512362491437,0.001919146877606715,0.0009633293887909367,1.5460625758667267e-06,5.9020228257160885e-09,0.007088552232825861,0.005964027553092839,4.2672101768985375e-08,0.002492525880955249,0.0005284332155437301,0.019087161162435005,2.8328234036916055e-05,9.754149018268137e-05,1.8009433074007173e-08,1.8192648024897653e-13,4.5515397964367646e-10,1.063010803782636e-17,9.50798024070455e-15,1.9387925968670405e-15,0.00010124594949516824,3.406429568465752e-10,2.9703370368122518e-08,4.317669435062783e-10,7.117474361230824e-07,5.639882685093627e-15,0.00028092840955769814,3.638241814706903e-09,6.342813199913635e-12,6.770620332952256e-07,2.8476307563919005e-11,6.96752619222162e-14,6.662848167278673e-12,2.0111295720441964e-12,1.7591552576991206e-15,3.7322855288866604e-08,2.6038538281274113e-09,0.0005312620934441775,0.0017523088698612934,2.8925457229588945e-06,1.4806535508987118e-06,5.280423232600343e-10,2.869454931513254e-10,6.949626877151801e-13,8.525567659711486e-09,4.2872783024110115e-10,6.355828827157791e-14,6.208620454618678e-16,9.712091021066064e-14,1.2867823616330297e-07,1.250467282515322e-08,1.3292251663920036e-09,2.2050471687688324e-06,9.061899045153017e-06,1.2692376836829408e-15,1.123436634825372e-07,1.652045012613967e-05,2.938024610841748e-10,8.920502822939093e-06,2.7364480057608077e-07,1.1186676260968813e-10,0.0010105269089283255,1.1204550362575623e-10,2.481273971852471e-06,5.850883418936524e-10,1.98850400746131e-08,0.00010587947876583536,1.9431887348211932e-10,0.001926469389068265,8.0282544359094e-17,0.00018206856063241248,1.6434224161872454e-13,2.3141850783549173e-07,0.00023209316494830228,0.00021911063761451263,1.516523161392823e-11,1.3199908024129287e-10,0.0029094965995772946,1.5502991156862963e-07,7.1525380719489724e-12,1.7332731750260498e-07,7.951078952562698e-15,0.00010073349010301697,1.3941438557425753e-07,2.6430964921897592e-06,0.0005299766171616728,3.9081714298075584e-05,0.00017880410322170033,1.6323800640648526e-08,2.8646235281213578e-08,1.3877887211601376e-06,1.60282189910787e-05,1.1676030326192735e-10,1.551593875531256e-12,1.8695435537671924e-11,1.6698301864162537e-09,2.450298693314475e-05,7.322354817393826e-14,2.3982451558451664e-07,9.563160861409492e-15,1.790952748405935e-09,6.398830654192495e-09,5.09813326459109e-09,5.792030691856746e-11,1.1538791695179041e-11,9.139386478844903e-13
0.056374999999999995,0.181563949493836,963.6796109688436,0.3880688981784208,0.6015013368776313,7.694611210368493e-17,0.10866191953323612,6.258748097529793e-08,0.025642408009440964,0.11837719501588544,0.03936166853785324,1.1686377270881241e-21,9.668990063234697e-16,2.123189572164978e-09,3.180664563127222e-08,0.0011999699116564092,0.0,0.0,2.431124129729492e-06,3.0763152054622243e-06,0.02130402149158802,0.020355547195914314,4.613157957067389e-09,2.0877538793389878e-11,5.147371897550924e-06,1.6645616579134508e-06,1.0756847183960727e-08,2.029446177617015e-12,0.003053681881918704,4.36130338074823e-13,4.891024701283131e-13,4.6579013029989835e-07,1.2599094425367125e-09,3.9006700816509146e-05,7.833944733825285e-10,0.0009749446965837299,2.433524663046439e-05,6.743038242368311e-08,8.288337921720726e-11,4.4114434483170876e-11,1.2852011493130376e-08,1.4396387808919973e-07,6.7487642288207166e-12,0.007738899467780693,0.00011227556525968013,0.0020155639913152883,0.0010385214502052177,2.420559156332841e-06,5.078133142737853e-09,0.007573458755615494,0.006325585101328698,6.008408781396482e-08,0.0026972330790309895,0.0005830012653488901,0.020387954254222095,2.241500038415184e-05,0.00010523268278017383,2.8060999078278608e-08,3.099520872426298e-13,5.374248921014976e-10,2.533241897972393e-17,1.2534545753142085e-14,2.575938652534636e-15,0.000115243507538324,3.5420253508736247e-10,2.8057048934989427e-08,4.607265999639526e-10,9.148903584017669e-07,7.959654918225294e-15,0.0002905253487688612,3.5784023253529876e-09,1.2109569486696962e-11,7.181840418481576e-07,3.461871859102267e-11,9.849826224741405e-14,8.398559811363304e-12,2.823722484816637e-12,2.048469354250512e-15,3.113797654925706e-08,2.157277621620238e-09,0.0005688364686852963,0.0018636106342877139,2.602875488128434e-06,1.21678320085134e-06,5.629120033072477e-10,3.44358363038313e-10,1.2883671488367018e-12,1.0143592066202542e-08,4.654567808118874e-10,7.100244183490771e-14,8.622563966448968e-16,8.194857088412323e-14,1.1706849171046476e-07,1.2753540645005506e-08,1.337364266986274e-09,2.54011465913792e-06,8.778384434105842e-06,2.0169704299186882e-15,1.1162602775973277e-07,2.1056777220362897e-05,3.1180836974976567e-10,9.410223489600967e-06,2.795113739042716e-07,1.206992317639087e-10,0.0010890891207264684,9.348612006783142e-11,2.716962189306582e-06,6.351493020782486e-10,1.5675435839398182e-08,0.0001082099048489533,1.2630007408860937e-10,0.002104462388603744,2.339138898174115e-16,0.00012411831931507391,1.605782764722698e-13,2.0033182721513984e-07,0.0002518544908156954,0.00023947336196865893,1.6435403961974827e-11,1.5465803783924534e-10,0.0031226922541973154,1.355791213047639e-07,1.0027297131357204e-11,1.7906152947454645e-07,1.5306819516572723e-14,0.00010869824476488557,9.850776951271017e-08,3.6349269820002706e-06,0.0005687831918091475,4.2378624510632416e-05,0.0001877438120361119,1.548746159256554e-08,4.455785836867513e-08,1.5561025118733277e-06,1.7424095081860494e-05,8.816441259723009e-11,1.2940457014704422e-12,1.3909227989189852e-11,1.585332936641032e-09,2.8287752579760956e-05,1.2217625567881477e-13,3.035805086432566e-07,8.591339901500497e-15,2.385642729885984e-09,5.697462816715351e-09,5.006986907661031e-09,6.46058634633401e-11,1.1239677119346708e-11,1.5589336976920787e-12
0.05640624999999999,0.18599955049693576,985.753532539322,0.37881447386827954,0.6015312371062665,7.698476706986018e-17,0.10485842707618523,8.255014945167448e-08,0.024968365181680167,0.11592965220276018,0.040564427433146276,3.1754774793101546e-21,1.8569961741606302e-15,2.963479410541032e-09,4.1309226287222e-08,0.001213390740115439,0.0,0.0,2.8269487582392813e-06,3.1924348289148217e-06,0.022106265110107243,0.02133641902235448,6.339055279062484e-09,3.0569319200266067e-11,6.407657040879677e-06,2.0220238791975397e-06,1.561871624874567e-08,3.989445449241442e-12,0.0031903278207546988,8.190205287997747e-13,8.015636034281129e-13,5.159076155199772e-07,1.4396170668655695e-09,4.535380552651546e-05,1.165370886143034e-09,0.001018848592665219,2.555741439848221e-05,8.584874520261745e-08,1.1134541102498482e-10,5.06963126860978e-11,1.796203376550265e-08,1.731642182547533e-07,7.305569003706076e-12,0.008001856005314298,0.000118346972979709,0.00211266592981622,0.0011154667903946285,3.6191168318457298e-06,4.234081835482377e-09,0.008081490984401704,0.006703863635497015,8.28924206572031e-08,0.0028991056692506244,0.0006443672002558724,0.02175390660288066,1.79108463530407e-05,0.00011341573797136332,4.320834943003636e-08,5.234852893254085e-13,6.397193838679731e-10,5.868849976811728e-17,1.6259546987644893e-14,3.364580417095585e-15,0.000130035468965071,3.681114170972494e-10,2.655076573833105e-08,4.920486652361282e-10,1.1661808767962885e-06,1.1104861445338514e-14,0.00029721553292555187,3.519055235545739e-09,2.2604336100972002e-11,7.441119524502629e-07,4.159848059178264e-11,1.3859142376403831e-13,1.060054125882379e-11,3.930974450406678e-12,2.374474027450367e-15,2.6095780322297906e-08,1.7869021185358575e-09,0.0006083306099126255,0.0019763461921340555,2.2866608742682484e-06,1.0079844570835481e-06,6.020605089466677e-10,4.101664284454749e-10,2.336599066074506e-12,1.143696414827177e-08,5.042049672089192e-10,8.041409887275062e-14,1.1799553687078661e-15,6.901615031104863e-14,1.0243281357162135e-07,1.2393932969170555e-08,1.29099461777729e-09,2.7574136634971717e-06,8.181498732518413e-06,3.1658196865514937e-15,1.0600031331365819e-07,2.6768127434446694e-05,3.3026966997344876e-10,9.856206369482255e-06,2.8622782316724245e-07,1.2989423137288412e-10,0.001169173234132686,7.510228038891185e-11,2.9691551296779513e-06,6.912467658189869e-10,1.1764522499979218e-08,0.00010972468657969903,8.085210251175211e-11,0.002293759794677556,6.619288109833467e-16,8.513753187583714e-05,1.5699408019065813e-13,1.713224861889877e-07,0.00027275630117946383,0.0002587514323741434,1.7680459865919753e-11,1.7950650969670471e-10,0.003346333336904097,1.193685379354838e-07,1.3841975611458906e-11,1.836567138555341e-07,2.982614567070189e-14,0.0001145578116868205,6.982535820695456e-08,4.9580231030237985e-06,0.0006097651354830708,4.590298372313355e-05,0.0001967944324723114,1.471152202329156e-08,6.86549112660091e-08,1.76361950180162e-06,1.890817440066859e-05,6.406032487766748e-11,1.03531992944476e-12,9.962494970063146e-12,1.5056247627183154e-09,3.2621398056521215e-05,2.02904259675358e-13,3.7955755633673945e-07,7.389901190997552e-15,3.1591014839671458e-09,5.099321372740312e-09,4.950143218145388e-09,7.257540327686813e-11,1.0976403602592985e-11,2.6217317006798885e-12
0.056437499999999995,0.19053969841530227,1008.1862399215393,0.36978814593207004,0.6016262997593171,7.703420724637046e-17,0.1008002655715705,1.0869452728889168e-07,0.024283470354006353,0.11343806784624398,0.041788764622279144,8.47042752314895e-21,3.510693828533244e-15,4.120635768837627e-09,5.3222633455280816e-08,0.0012269880402586769,0.0,0.0,3.276726814421299e-06,3.299813431374551e-06,0.022928725522862115,0.022352673182947414,8.667431275590378e-09,4.445091740320359e-11,7.954055652979797e-06,2.44718204247432e-06,2.248689231613783e-08,7.700532651076295e-12,0.003331595950130079,1.5149689392891926e-12,1.3082674049632565e-12,5.739309553850344e-07,1.6478629738380967e-09,5.25703983013494e-05,1.7265725376053974e-09,0.0010641487011213027,2.6725494685890174e-05,1.0860234143247685e-07,1.50644503738065e-10,5.822291748217986e-11,2.4519574450013633e-08,2.0619631714131147e-07,7.655821658339083e-12,0.008271187503059144,0.0001246814796242352,0.002209629742632649,0.0011963649212005645,5.213808772720437e-06,3.467808731183801e-09,0.00861282555272304,0.00709935236123802,1.1378673660100098e-07,0.0031008365634729146,0.0007141704154345986,0.02318563673772377,1.4497503941815452e-05,0.00012211582439092817,6.579405453059177e-08,8.787444892661304e-13,7.682787844686559e-10,1.3212694500154412e-16,2.074187060847392e-14,4.317541022959545e-15,0.00014535460599392905,3.8257418287462273e-10,2.5185020799709104e-08,5.264340141988536e-10,1.4740958035645895e-06,1.530721134136505e-14,0.00030062907097309417,3.4619730885478068e-09,4.1243951302997497e-11,7.492061362833245e-07,4.9389187732425464e-11,1.9469381138112385e-13,1.3371028697225102e-11,5.436271189057893e-12,2.7462387755936467e-15,2.1959344843169205e-08,1.4785973891974367e-09,0.0006497443125385423,0.0020893158870932643,1.978836592497619e-06,8.419895242178229e-07,6.46704394715503e-10,4.855886315168371e-10,4.153834876593752e-12,1.2375328399672182e-08,5.464720315510138e-10,9.275675251629373e-14,1.5904924241424205e-15,5.798531372462966e-14,8.633521244160972e-08,1.1461529257950521e-08,1.196804668880968e-09,2.847939847333187e-06,7.4051989241477104e-06,4.9166788862408075e-15,9.609486984675447e-08,3.3952551432751555e-05,3.4966152513702483e-10,1.0249603750170531e-05,2.9394708808262503e-07,1.395012817789577e-10,0.0012493015499822388,5.861001204243966e-11,3.2379305783570537e-06,7.546091184701915e-10,8.485585097824706e-09,0.00011042083310361157,5.142683184775459e-11,0.0024935328872132735,1.818886845192337e-15,5.8987409208311316e-05,1.5392127080671509e-13,1.4712125821673622e-07,0.0002947426416483048,0.00027594386239914077,1.8952829150928995e-11,2.0722346299613401e-10,0.0035799699081847896,1.0583381852244163e-07,1.885465096735559e-11,1.8738926526202082e-07,5.841959285271126e-14,0.00011722936189897688,4.964332308130469e-08,6.7181303911326326e-06,0.000652957451101854,4.9666688824830354e-05,0.00020589746866019726,1.4012326976710632e-08,1.043329242252807e-07,2.0279746601200507e-06,2.047707881446849e-05,4.473513411655724e-11,7.936592792135129e-13,6.861023685129454e-12,1.4326780291264898e-09,3.7603675487485735e-05,3.353064758313437e-13,4.684308014377532e-07,6.078846699154159e-15,4.157747049960936e-09,4.590372901726562e-09,4.931911999212223e-09,8.192037630871189e-11,1.0753450780829561e-11,4.347273128708899e-12
0.05646875,0.19518538120399956,1030.9635079427792,0.3609866743672158,0.6017918516461384,7.709424646488485e-17,0.0964870528937318,1.4288188194738966e-07,0.02358774886178503,0.11090297610231853,0.04303513400588785,2.2259646556740137e-20,6.54714033613764e-15,5.715958251351106e-09,6.80865608621457e-08,0.001240788934648919,0.0,0.0,3.777864373129443e-06,3.3943509536763714e-06,0.02377156623719492,0.023405393762373557,1.1789912293945548e-08,6.42730553896078e-11,9.850313763917069e-06,2.9487692811842613e-06,3.212963556148245e-08,1.4605027980288678e-11,0.0034776661376103024,2.761593781389578e-12,2.1282600789116136e-12,6.410000645548161e-07,1.8867514862253025e-09,6.0669801458033137e-05,2.550474224191538e-09,0.0011108680591549289,2.7791536259938052e-05,1.363737059883138e-07,2.0526716962905136e-10,6.680561400964285e-11,3.2623709808203446e-08,2.4280204316048244e-07,7.902124070672352e-12,0.008547135046315853,0.00013129284989384552,0.0023053624562066537,0.0012831649921388384,7.3018206216404995e-06,2.838839226983483e-09,0.00916749474854376,0.007512507956259134,1.5749533118384904e-07,0.003303893758824712,0.0007942279283271755,0.02468316878908559,1.1910212557834197e-05,0.00013135924405094235,9.908761649763592e-08,1.470541875621457e-12,9.304423036467803e-10,2.8896239292001955e-16,2.6004665102586582e-14,5.439321771895456e-15,0.00016085927246041438,3.976848388570441e-10,2.3950341948893873e-08,5.645653772619375e-10,1.8478319909231646e-06,2.0835508021022623e-14,0.00030042669820069324,3.406885959570073e-09,7.354010387167228e-11,7.284009777305151e-07,5.7912065098986216e-11,2.7365429695539455e-13,1.6826872388513908e-11,7.47755457239267e-12,3.1736090752977186e-15,1.8532576344911173e-08,1.2212575148978589e-09,0.000693048019130057,0.002200963071246488,1.6981784383020253e-06,7.092834958424628e-07,6.980414816481641e-10,5.720068836367752e-10,7.247072861124974e-12,1.3011471401446973e-08,5.935914618883338e-10,1.0910006309777463e-13,2.110726577439196e-15,4.856867744047433e-14,7.05925705100166e-08,1.014632734349296e-08,1.0730150249408522e-09,2.8311741089628264e-06,6.573871262742815e-06,7.56351298899796e-15,8.361292577326042e-08,4.2969225607895844e-05,3.701644398243462e-10,1.0586432435767265e-05,3.0266054086635545e-07,1.4950171745632706e-10,0.0013274532607721885,4.4851024017572007e-11,3.523065022297831e-06,8.264353460226138e-10,5.949528482266162e-09,0.00011028753697076184,3.271370561145633e-11,0.002702408573716023,4.852401935254575e-15,4.1370442586157954e-05,1.5152417856766616e-13,1.2876748100267393e-07,0.0003177121507226165,0.00028999141948861845,2.029315532074987e-11,2.385252808925449e-10,0.003822828966083286,9.447866147896262e-08,2.5402847403467686e-11,1.9064287800247892e-07,1.1411916507770928e-13,0.00011563961325479401,3.54076856072125e-08,9.047735887445949e-06,0.0006983625660239473,5.368151780585678e-05,0.00021498795449776472,1.3387669902210421e-08,1.560576888376578e-07,2.371460282970516e-06,2.212428519970772e-05,3.0180960380725804e-11,5.860118405315268e-13,4.566863150750454e-12,1.3664981355371813e-09,4.334630967049378e-05,5.509511816275723e-13,5.703838514851382e-07,4.8072169095181454e-15,5.437961925112426e-09,4.157251644781883e-09,4.955831562043709e-09,9.273278117681674e-11,1.0571856071015653e-11,7.107767807856768e-12
0.056499999999999995,0.1999372260296582,1054.0698646596124,0.3524072168963393,0.6020324371812997,7.716433131409388e-17,0.09192241108606211,1.874535239160481e-07,0.022881199008368724,0.10832485287551681,0.04430392701065827,5.774208064872144e-20,1.205574398586341e-14,7.917772775368494e-09,8.650899369928344e-08,0.0012548221361608626,0.0,0.0,4.324151811565317e-06,3.4711602626678486e-06,0.024634843902857105,0.0244956913542738,1.5946780225922755e-08,9.248183711519156e-11,1.2172272207219086e-05,3.535303694168365e-06,4.5567637537604163e-08,2.7221730133917864e-11,0.00362873165377969,4.963792942764091e-12,3.4516710567021604e-12,7.182983021468322e-07,2.156990051831621e-09,6.962039121797718e-05,3.758553687127578e-09,0.001159017595048197,2.8697205594686566e-05,1.697831455288782e-07,2.815625401968172e-10,7.656057506014779e-11,4.2225745483351654e-08,2.8252183058682187e-07,8.200120005172105e-12,0.008829942324756286,0.00013819652228829783,0.0023984162893789544,0.0013776710374812692,1.000876361775124e-05,2.369576765060221e-09,0.009745349401557732,0.007943732129196544,2.218451346080004e-07,0.003508684289997599,0.0008865546741612669,0.026245745791934786,9.942123362456195e-06,0.0001411734038537402,1.4752947126602445e-07,2.4620943151968614e-12,1.1347158833806597e-09,6.13707871473254e-16,3.201666374284044e-14,6.722180561607727e-15,0.00017612463809423164,4.1339462714479825e-10,2.282942241934844e-08,6.070701579333116e-10,2.297166351113327e-06,2.7988768654489198e-14,0.00029629492959112424,3.3515808833164714e-09,1.2810472606788625e-10,6.786146051999546e-07,6.702204296433426e-11,3.8517749328170864e-13,2.109235018362433e-11,1.023690428488153e-11,3.6670789235895276e-15,1.5662993874043816e-08,1.0059997828562742e-09,0.0007381725130205991,0.0023092974483125217,1.4512166068946534e-06,6.024410159369678e-07,7.573977016513376e-10,6.708983017571418e-10,1.2417549256629117e-11,1.3426509640108217e-08,6.467320669395405e-10,1.304162258985892e-13,2.756125050322313e-15,4.0523378566222104e-14,5.6713158882370014e-08,8.715930803699841e-09,9.423076252713054e-10,2.7371820253747097e-06,5.769268005192568e-06,1.1532099288946891e-14,7.067560906797974e-08,5.423975344373857e-05,3.9162083251888466e-10,1.0871170762605622e-05,3.121852989145335e-07,1.5977808663895392e-10,0.0014009619383980436,3.3903195905195205e-11,3.823957406135731e-06,9.078170195801012e-10,4.096170831909257e-09,0.00010929828061968635,2.08949120399335e-11,0.002918404439688409,1.2565430010250035e-14,2.9404333209123242e-05,1.4985727116085558e-13,1.16078033945839e-07,0.0003415043453197073,0.000299811523870733,2.1733374249552424e-11,2.741666549978435e-10,0.004073730811292002,8.487695377422018e-08,3.3930065337859334e-11,1.938259679081022e-07,2.206838629839756e-13,0.00010891247956462658,2.5356024830357813e-08,1.2105985226057127e-05,0.0007459336895948327,5.795848057175884e-05,0.00022399638718813254,1.2822996276382206e-08,2.2947339772421912e-07,2.8193804617030054e-06,2.3840220380852377e-05,1.9907289875765788e-11,4.217742343554584e-13,2.9731515885621615e-12,1.3057840998372591e-09,4.9971302753605985e-05,8.991418452505036e-13,6.849924313617307e-07,3.698738613699697e-15,7.067557557919224e-09,3.787753619752249e-09,5.024852640012405e-09,1.0506321973550676e-10,1.0429932930984846e-11,1.1459122860083968e-11
0.05653124999999999,0.20479526735190895,1077.4879631364424,0.3440476037612751,0.602351625204661,7.724351769856512e-17,0.08711492038721082,2.452854357543845e-07,0.02216380244277804,0.10570414194374982,0.0455954336724703,1.4789448144775608e-19,2.1915470265605836e-14,1.0956876949168599e-08,1.0913119460719069e-07,0.0012691178771977068,0.0,0.0,4.905406190735609e-06,3.5246826717903637e-06,0.025518469029340962,0.025624689772750127,2.143020830633627e-08,1.3245484106092373e-10,1.5008693840048246e-05,4.214473454117496e-06,6.411902450062699e-08,4.984036114894989e-11,0.0037849966935300373,8.802494155445674e-12,5.579170887332875e-12,8.069897370023595e-07,2.4579924233289637e-09,7.932671449024681e-05,5.525149198755736e-09,0.0012085867738952413,2.9375854159553094e-05,2.092036995438466e-07,3.8843706639903007e-10,8.760186009442116e-11,5.3093743768990375e-08,3.2474819688823836e-07,8.748917003943187e-12,0.009119846081874543,0.00014540923755952364,0.0024868835625253593,0.001481643629968991,1.3478920577745997e-05,2.0601337804543073e-09,0.010346019990221398,0.008393340537211925,3.1961514001025397e-07,0.00371470676100766,0.0009933611575110815,0.027871609375676853,8.437306872535742e-06,0.00015158669448689895,2.1691942459430146e-07,4.141321121958127e-12,1.3907050844864625e-09,1.2653321845457587e-15,3.866984063385375e-14,8.142262728980678e-15,0.00019063648905399624,4.295103665652468e-10,2.1800498153993286e-08,6.545211205565932e-10,2.832244943045038e-06,3.708175298930072e-14,0.00028796040825338723,3.2918557020926608e-09,2.179445403063769e-10,6.004781567635475e-07,7.648854773102942e-11,5.425163992971055e-13,2.628457711640376e-11,1.3950732598764815e-11,4.237389768230431e-15,1.323053579143192e-08,8.256443918452372e-10,0.0007849958266254623,0.0024118167828831466,1.2376042944402445e-06,5.157515579586878e-07,8.261509722359282e-10,7.836371305156632e-10,2.090426334320077e-11,1.3684521184263646e-08,7.069289366268387e-10,1.5733930930367218e-13,3.5379701937809387e-15,3.364289464875883e-14,4.543460823670556e-08,7.395841047047663e-09,8.226299487933913e-10,2.5914100586794464e-06,5.02859966272249e-06,1.7432541065833123e-14,5.892643428013696e-08,6.823908847665415e-05,4.1347499997629725e-10,1.1119308658120352e-05,3.221040075460321e-07,1.7007205084893018e-10,0.001466435460727455,2.5416582907403615e-11,4.139548715012526e-06,9.996916254926853e-10,2.7878309825818115e-09,0.00010740746961538644,1.3426517345125528e-11,0.0031388624169796145,3.157672000052328e-14,2.1190944377661607e-05,1.4889656402624651e-13,1.0836338087206409e-07,0.00036588388484384723,0.0003043192592286081,2.329922252985155e-11,3.149480247609592e-10,0.004331000077007436,7.666509875197844e-08,4.501310247860209e-11,1.9729860490646456e-07,4.1974919279215615e-13,9.666092919180627e-05,1.826074476467682e-08,1.6072391559371113e-05,0.0007955517913331347,6.250658990478824e-05,0.0002328506561793265,1.2295318610406037e-08,3.31225757626286e-07,3.3966877085053186e-06,2.5612407234766282e-05,1.3032655478054434e-11,3.004143336887087e-13,1.921874177336549e-12,1.2483580208573223e-09,5.760850930953598e-05,1.4555400631321812e-12,8.111645327550156e-07,2.811096276768007e-15,9.127131771337221e-09,3.4710708262299422e-09,5.141649563654913e-09,1.188660020617165e-10,1.0323926611400046e-11,1.8216803713910495e-11
0.056562499999999995,0.2097587105911354,1101.1982287143585,0.3359065293873761,0.602751718151047,7.733046314185808e-17,0.08207910445312301,3.1979007062395414e-07,0.02143553715043368,0.10304127409809388,0.046909790578546676,3.7351740354735383e-19,3.9283374938483695e-14,1.514450614794895e-08,1.3655832671171768e-07,0.0012837074975306352,0.0,0.0,5.507372180777484e-06,3.5489585473059008e-06,0.026422157454026284,0.02679350524056907,2.8580687010871118e-08,1.887815330533803e-10,1.8460861461694625e-05,4.9922916101819e-06,8.942003011332407e-08,8.955284991139137e-11,0.003946670068314991,1.5408550905367028e-11,8.979131928073704e-12,9.08121887494237e-07,2.7872762200595033e-09,8.9607871046946e-05,8.095344365104605e-09,0.0012595298478017486,2.9757089292259547e-05,2.545791299486233e-07,5.382183761623973e-10,1.0004430983841377e-10,6.481740760335127e-08,3.688237032900433e-07,9.799694852513121e-12,0.009417060898204143,0.0001529478048710975,0.002568277322462903,0.001596872440778861,1.785244260103641e-05,1.9028644433475455e-09,0.010968875382549516,0.008861520287867264,4.716152756929034e-07,0.003920640412310832,0.0011170232822845674,0.029557731959855723,7.279848726033721e-06,0.0001626281910499788,3.1442645188074976e-07,7.028483616650948e-12,1.7086962481954837e-09,2.531664010238245e-15,4.5755959877993025e-14,9.656385147845794e-15,0.0002037929963685342,4.4566800721212304e-10,2.0838483570138644e-08,7.073943423559814e-10,3.4633025748148857e-06,4.842087381409212e-14,0.00027522775278139393,3.221658172078854e-09,3.6199797704867276e-10,4.997893700316009e-07,8.597856783440645e-11,7.627491412452882e-13,3.248898080286423e-11,1.8919195352870188e-11,4.894744292368376e-15,1.1143419814235574e-08,6.743615025504223e-10,0.0008333269390457618,0.0025054426876045264,1.0540273504480435e-06,4.4479966620577016e-07,9.057337623720821e-10,9.110835769861929e-10,3.4579931287408166e-11,1.3816780940931567e-08,7.750459113225436e-10,1.8997374211534067e-13,4.4594902746295605e-15,2.775311048502466e-14,3.669725109051379e-08,6.295869982719028e-09,7.217961981478817e-10,2.4081717329244196e-06,4.359416555439068e-06,2.6129038443769478e-14,4.9039566109560716e-08,8.546545437736966e-05,4.347049538941582e-10,1.13573870384556e-05,3.3171984693367386e-07,1.7994582355441314e-10,0.001519732403044146,1.891192099395061e-11,4.468243111805745e-06,1.1027104142560186e-09,1.8796370267344975e-09,0.00010455114289788905,8.684257751406419e-12,0.0033603990027929386,7.698554944542699e-14,1.548662677453155e-05,1.4855445870535403e-13,1.0488894644475246e-07,0.0003905236280988855,0.0003024589676393318,2.5011539577948276e-11,3.617164131571755e-10,0.004592381342773946,6.95293121142113e-08,5.938880115522277e-11,2.013300129696255e-07,7.809671967425081e-13,7.939598735989318e-05,1.3257110943685676e-08,2.112978761501855e-05,0.0008469951262856771,6.733064147198005e-05,0.00024147834004246,1.1775821415224732e-08,4.682207256695767e-07,4.122384533240796e-06,2.7425159298886876e-05,8.567842168921079e-12,2.1425091869267137e-13,1.247987565578187e-12,1.1914588869656541e-09,6.63916322640011e-05,2.334039314060598e-12,9.471564916426184e-07,2.1353239039661e-15,1.1711057260701145e-08,3.1978021772428114e-09,5.3082279520610604e-09,1.3393013924223925e-10,1.0248444261516571e-11,2.8554711649311658e-11
0.05659375,0.21482568180467532,1125.1787148543615,0.3279836900790718,0.6032333903355724,7.742345511048694e-17,0.0768363689745236,4.1482676484321805e-07,0.020696394672508195,0.10033668641448484,0.04824691698687746,9.276175248527528e-19,6.929149359635591e-14,2.0891993717655127e-08,1.6924668611185979e-07,0.0012986226235906265,0.0,0.0,6.112002726556984e-06,3.538084702084585e-06,0.027345374763872513,0.028003217541445784,3.777242073498965e-08,2.675724695706356e-10,2.2640675369098798e-05,5.872017181117693e-06,1.233938360377525e-07,1.5767594737250483e-10,0.004113952585705745,2.663680863109841e-11,1.4366042707216643e-11,1.0224907725975457e-06,3.1399644461242735e-09,0.00010017607456037793,1.180416276828056e-08,0.0013117469537918904,2.977448503156286e-05,3.052170195346093e-07,7.476530292223795e-10,1.1400521799532199e-10,7.685789813000312e-08,4.141632554847559e-07,1.167022193806255e-11,0.009721756250039326,0.00016082619113584146,0.002639417022665622,0.0017252116961594156,2.3231519426004665e-05,1.89012201298339e-09,0.01161297885903567,0.009348274081765967,7.112264517544369e-07,0.004124372550517713,0.0012600307459508656,0.031299490500100016,6.384004661603609e-06,0.00017432705234623715,4.4821607277140335e-07,1.2081178130526904e-11,2.0987986648298357e-09,4.9134007128236404e-15,5.2950012242851444e-14,1.1200396416542759e-14,0.0002149191067785467,4.6131653909514104e-10,1.9916310136372097e-08,7.660256554006164e-10,4.200310107577579e-06,6.226893365901393e-14,0.00025803980554018604,3.1334427400631628e-09,5.867582838265864e-10,3.8766532774317127e-07,9.50425189829326e-11,1.065984245674989e-12,3.972321081913369e-11,2.5512597504121383e-11,5.6476539562238485e-15,9.33389581156606e-09,5.474140210420984e-10,0.0008828860796691781,0.0025865037483193657,8.963151882883519e-07,3.8615998920241676e-07,9.976029062362007e-10,1.0528847245292669e-09,5.620738354039158e-11,1.3825965042278102e-08,8.51708109254037e-10,2.2776370506526274e-13,5.5107888604189e-15,2.270836966335324e-14,3.000408096190584e-08,5.424504764971232e-09,6.391400788197654e-10,2.1913825697137897e-06,3.755666689367111e-06,3.8830202863233176e-14,4.09062790548214e-08,0.00010638388274009536,4.537682156697892e-10,1.1619164081602294e-05,3.400242252217845e-07,1.887549644784273e-10,0.001556044957680831,1.3944409835144216e-11,4.807839884979942e-06,1.2170917240518146e-09,1.252169501977296e-09,0.00010065210363331924,5.651714634520257e-12,0.003578919141527905,1.8204396959509643e-13,1.1474876432417415e-05,1.486884804214363e-13,1.0500720322598737e-07,0.00041498813582697643,0.00029327913406473427,2.6886279814396204e-11,4.153505020446942e-10,0.004854977249313959,6.319893724278783e-08,7.798063690135486e-11,2.0609032173151453e-07,1.4146043233969671e-12,5.8926488559773845e-05,9.729335652150224e-09,2.743102533441645e-05,0.0008999017291325483,7.242741452025429e-05,0.00024980833743033613,1.1232092990051538e-08,6.460310053346717e-07,5.0012287473726e-06,2.9258794067858498e-05,5.67888413198669e-12,1.5361708714181645e-13,8.173373189045269e-13,1.13199299535447e-09,7.645295192483139e-05,3.702563295963521e-12,1.0906603484812546e-06,1.6277229796321757e-15,1.492759809279014e-08,2.9598834202478554e-09,5.525138180706158e-09,1.497995519075289e-10,1.019682922706689e-11,4.4129370918211165e-11
0.056624999999999995,0.2199930006075051,1149.4051747468745,0.32027982196414684,0.6037953568915663,7.752049531652305e-17,0.07141583913277985,5.344937092878282e-07,0.019946404514608773,0.09759085553554805,0.04960644809001841,2.256871460585859e-18,1.1996015695333048e-13,2.87306768385879e-08,2.0735077401461395e-07,0.0013138940164650675,0.0,0.0,6.69824459456676e-06,3.4868638779675214e-06,0.028287281350700518,0.029254836410027532,4.938435583319506e-08,3.767784990996993e-10,2.766737732208614e-05,6.852908026413964e-06,1.6813698779089737e-07,2.7152660634493743e-10,0.004287014839552009,4.549166374646668e-11,2.280154744220849e-11,1.1504766817726887e-06,3.5085066638157584e-09,0.00011062107132140769,1.7093481034069416e-08,0.001365060240388663,2.937626983633899e-05,3.5963541805474613e-07,1.0389662479946729e-09,1.2960776986430208e-10,8.862580701769001e-08,4.6036830005385336e-07,1.4751812591621785e-11,0.01003402447612195,0.0001690496118791968,0.0026963559122868807,0.0018685727227767566,2.964439601661316e-05,2.015829282624211e-09,0.01227704306674747,0.009853350987113792,1.0902028919509522e-06,0.004322979519064743,0.001424946210409219,0.033090265317035565,5.686386296075645e-06,0.0001867114527601857,6.264376012606376e-07,2.1076987069574784e-11,2.569602254988799e-09,9.245453409291303e-15,5.981554896394111e-14,1.2690100827856567e-14,0.00022329555674433535,4.757260747506356e-10,1.9006814952786913e-08,8.305831004333483e-10,5.0525583590807866e-06,7.879846224746726e-14,0.00023655466096261595,3.0189235767912626e-09,9.276699831130977e-10,2.7840524031082743e-07,1.0310829961715081e-10,1.472560779176661e-12,4.789067010013064e-11,3.417294592767195e-11,6.501706729104406e-15,7.754596040151292e-09,4.409519033800179e-10,0.0009332818833295771,0.002650821302903699,7.604296725208267e-07,3.371780586679685e-07,1.1032208534223354e-09,1.2064688489088203e-09,8.975788303855615e-11,1.3700359319265227e-08,9.372222008533552e-10,2.6934578978144834e-13,6.6628106164358694e-15,1.8388032170075333e-14,2.4804404789604297e-08,4.746400057364802e-09,5.705244257388297e-10,1.9410538259512125e-06,3.208808185810514e-06,5.720201108720622e-14,3.412770029590145e-08,0.00013135457455467288,4.685085576264439e-10,1.1937387021768928e-05,3.4570851989426813e-07,1.9565230586435349e-10,0.0015701510067604699,1.0159872658755915e-11,5.155489685299348e-06,1.3425183584873854e-09,8.191120095739477e-10,9.563078203349462e-05,3.697159688704105e-12,0.003789762484595241,4.1739423579918734e-13,8.616374293311389e-06,1.49114380752832e-13,1.0809847560444668e-07,0.0004387203343811318,0.0002760839243019949,2.8933187274886637e-11,4.767202468200827e-10,0.005115235807410835,5.7451510912209e-08,1.0192571118034834e-10,2.1166450147726307e-07,2.4838741540533708e-12,3.837084810067142e-05,7.2356252959827096e-09,3.504452809245142e-05,0.0009537283249541144,7.777955832228752e-05,0.0002577704951874449,1.0630739415275378e-08,8.663081779017398e-07,6.013062497863449e-06,3.108894429832414e-05,3.7861489883536506e-12,1.1047890263527926e-13,5.386195002505183e-13,1.0668138220774294e-09,8.791730770745754e-05,5.8032949439283e-12,1.2389270793316507e-06,1.242349161035902e-15,1.8897282917889124e-08,2.7504935488559132e-09,5.7903223895027565e-09,1.6569393932079e-10,1.0161558955733385e-11,6.722895690411368e-11
0.05665624999999999,0.22525604053663148,1173.8513518459877,0.312796575821531,0.6044342229729178,7.76194340757306e-17,0.06585505926076063,6.828170006248057e-07,0.019185668354601105,0.09480435830311038,0.05098768143103019,5.357693001102657e-18,2.0329956130243097e-13,3.9330315766200256e-08,2.505563984111715e-07,0.0013295502788559532,0.0,0.0,7.243420648285831e-06,3.391605736943879e-06,0.029246691294805137,0.030549270435718673,6.37566353363953e-08,5.265263297262866e-10,3.366353486128433e-05,7.928989040412336e-06,2.2570476366976082e-07,4.563467863901094e-10,0.004465961189176259,7.677688928504971e-11,3.5817313694936364e-11,1.291879736644076e-06,3.8828626666629215e-09,0.0001204091542296957,2.4521330925880545e-08,0.0014191867039185949,2.853755279327367e-05,4.155616952179584e-07,1.4408922862077248e-09,1.4698753368184732e-10,9.955853302798745e-08,5.073042711421448e-07,1.9504611215709452e-11,0.010353839045005938,0.00017760374896553225,0.0027344024010858233,0.002028864363632081,3.7027892955775935e-05,2.2740287879076363e-09,0.012959388430532365,0.010376166281365529,1.6845494495337214e-06,0.004512676051590658,0.0016144093351396804,0.03492095929657903,5.140072571682175e-06,0.00019980683411994035,8.553487533423261e-07,3.730284226536844e-11,3.1264570711238183e-09,1.6858614364831016e-14,6.584618687893087e-14,1.4025659916026915e-14,0.00022820474075469004,4.880300762531108e-10,1.8085158714775704e-08,9.010720025488188e-10,6.028191589842435e-06,9.803573954048265e-14,0.0002112276071590786,2.870336000856653e-09,1.4297981823519288e-09,1.851476841298892e-07,1.0949537706792118e-10,1.997266849120478e-12,5.6730630872267994e-11,4.5411616085650104e-11,7.4589073869155e-15,6.374862596829778e-09,3.518424092070494e-10,0.0009839862239200809,0.002693950102884897,6.428780540325143e-07,2.9580941014899365e-07,1.2240682905596575e-09,1.3658458160729542e-09,1.4077968400775986e-10,1.343177076676543e-08,1.0315039345754597e-09,3.1236173130270346e-13,7.861397858909578e-15,1.4694006984098164e-14,2.0667180113340317e-08,4.222208439496604e-09,5.117822898074887e-10,1.6639861351949604e-06,2.713683816003924e-06,8.35023515456249e-14,2.8347006473385662e-08,0.00016057919689291644,4.766020250475761e-10,1.2332206722652354e-05,3.472541501805969e-07,1.9964623910044515e-10,0.0015568939267844725,7.29445490855446e-12,5.507692300622864e-06,1.4781510552459793e-09,5.230171369310668e-10,8.942360744213208e-05,2.42765601283169e-12,0.0039880315288817,9.277546162127848e-13,6.551915847204065e-06,1.4963238343843854e-13,1.1344724116258374e-07,0.0004610350695615092,0.00025067852912594266,3.1152998405766337e-11,5.466090293214346e-10,0.0053690177842338135,5.21257367108861e-08,1.325998944187898e-10,2.1807096557312727e-07,4.210589882655557e-12,2.127726830605265e-05,5.458786639638563e-09,4.387789985435618e-05,0.0010077137368860493,8.334644510699111e-05,0.0002652923152264933,9.94095719991035e-09,1.1234452370860854e-06,7.1018698658862065e-06,3.288658399083033e-05,2.5270073610316828e-12,7.932162910633519e-14,3.554496647673938e-13,9.930848540236048e-10,0.00010089551650513775,8.97746797056267e-12,1.3888769688959722e-06,9.449585483072182e-16,2.3748147011816102e-08,2.5639412948439687e-09,6.097741162043848e-09,1.804543006230003e-10,1.0134626916463168e-11,1.0094180666122561e-10
0.056687499999999995,0.23060872788492476,1198.4896141583497,0.3055362118319249,0.6051445517561608,7.771810734414053e-17,0.06020040260174832,8.634255284904096e-07,0.018414402206884842,0.09197794831100761,0.052389546134656004,1.2368227073407254e-17,3.3660492468011306e-13,5.351377104926072e-08,2.9795449177122723e-07,0.001345616393589786,0.0,0.0,7.725249892786207e-06,3.250977317486944e-06,0.030222056315252883,0.0318873027865177,8.113664383466213e-08,7.295525357374373e-10,4.0750740452421695e-05,9.088171416776307e-06,2.9781199568179114e-07,7.469871792588887e-10,0.0046507741891122605,1.2806940116083262e-10,5.555869815832177e-11,1.4458106424256707e-06,4.25129175443433e-09,0.00012890714148117713,3.4757202845365374e-08,0.0014737109074214004,2.7271067174690103e-05,4.7015812537595054e-07,1.9895913775554595e-09,1.6630034379444637e-10,1.0917451766491637e-07,5.551337061170537e-07,2.644770155288382e-11,0.010681001097430582,0.00018643688279063023,0.002748288160226841,0.002207868824364949,4.524339968506849e-05,2.657176641242139e-09,0.013657909889435094,0.010915712666712792,2.5974529988427907e-06,0.0046887448391970165,0.0018311603272629553,0.03677947719480619,4.710096294919799e-06,0.00021363319186730516,1.1365675672430146e-06,6.673534267950651e-11,3.76961627087173e-09,2.9773558521559375e-14,7.053825609379004e-14,1.5100000193956117e-14,0.0002290028014110984,4.97286237971739e-10,1.713083402274934e-08,9.773511346024644e-10,7.1337207390883565e-06,1.1980097551479668e-13,0.00018287731331970692,2.682134543042893e-09,2.1471013948262018e-09,1.1531774427499279e-07,1.134661524125981e-10,2.6401695325524334e-12,6.578096602127081e-11,5.980994825730128e-11,8.518479954369122e-15,5.176319954229517e-09,2.775385101597434e-10,0.001034308063457302,0.0027115603707906478,5.408262209502242e-07,2.604911839882501e-07,1.3616585231386693e-09,1.5205309585834632e-09,2.167829728790591e-10,1.3028253396573607e-08,1.1339895271453525e-09,3.533447423524912e-13,9.023803880136204e-15,1.154887549419914e-14,1.7289828932081953e-08,3.818353446619907e-09,4.596541497985622e-10,1.380803130323076e-06,2.269569791744656e-06,1.2073007252732115e-13,2.3334695926825362e-08,0.00019408316883846093,4.75279368629394e-10,1.2799065168296405e-05,3.4312395013548467e-07,1.997292177419742e-10,0.0015119111930194295,5.151477605251068e-12,5.860353586883569e-06,1.6227385050179606e-09,3.259492214664947e-10,8.201009267577537e-05,1.5974560849361556e-12,0.004169044069567337,1.999029503013581e-12,5.039956865501293e-06,1.500690361129369e-13,1.2012302194262122e-07,0.00048112368149929457,0.0002176773870219003,3.353298705951052e-11,6.255814210660605e-10,0.00561176661200525,4.712531623778735e-08,1.716340070452571e-10,2.252721308006378e-07,6.86307378459705e-12,9.906429337609038e-06,4.173068322394493e-09,5.3588792094555103e-05,0.0010608600918381376,8.905166453124515e-05,0.00027229339127922436,9.139370575435392e-09,1.4013048935815937e-06,8.168673716748985e-06,3.461902281364749e-05,1.6804243215912154e-12,5.658815394753973e-14,2.337832674008314e-13,9.087506667649328e-10,0.00011547615054456103,1.3694155460661048e-11,1.5371803598261734e-06,7.129317367581876e-16,2.9605899181327703e-08,2.3955113738941163e-09,6.435905578274161e-09,1.9255188141911584e-10,1.0107769843310868e-11,1.4933172500675088e-10
0.05671875,0.23604365179986936,1223.2922978939646,0.298501211331339,0.6059188948687875,7.781444973527432e-17,0.05450675062490823,1.0793786896802592e-06,0.0176329776417078,0.0891125932962571,0.05381057832564347,2.7712578050480812e-17,5.442023817633539e-13,7.22646935774216e-08,3.480303484977444e-07,0.0013621114395261816,0.0,0.0,8.124436568859479e-06,3.0667369702083234e-06,0.03121147188790419,0.03326956323208435,1.0162282970587171e-07,1.0019342900156053e-09,4.9044349119824914e-05,1.0312170805594073e-05,3.855234105337769e-07,1.1888967475761814e-09,0.004841232232466569,2.1114871437300302e-10,8.494789607256327e-11,1.610711654543612e-06,4.601679473099092e-09,0.00013543943286272537,4.855654627646168e-08,0.0015280613978322516,2.5632321157713858e-05,5.20458708715367e-07,2.7293952458692154e-09,1.8772555487413243e-10,1.1709873200023646e-07,6.043232750575924e-07,3.614628139633805e-11,0.011015067775543655,0.00019543317427406326,0.0027325141469358074,0.0024070404399432364,5.409924794248743e-05,3.154583562161285e-09,0.014370051891312146,0.011470460755790736,3.953780230779825e-06,0.0048454589131013545,0.0020779666124083208,0.03865026440831787,4.3697972989472795e-06,0.00022820100455608135,1.4638859429022147e-06,1.199311808739631e-10,4.492508416029469e-09,5.0900885246767917e-14,7.34623125499843e-14,1.581090266044948e-14,0.000225229772147611,5.025219302208264e-10,1.6128197310855576e-08,1.0590969524625095e-09,8.373571782362998e-06,1.4365391520713966e-13,0.0001527067854641215,2.4528131055047775e-09,3.13957432903159e-09,6.887157091624004e-08,1.1432748685999673e-10,3.375260466505872e-12,7.437961037760309e-11,7.803583859251147e-11,9.679711396329933e-15,4.147677997373888e-09,2.1597790550214944e-10,0.0010833679834053973,0.0026998440575966565,4.5204710165591563e-07,2.3002969373728384e-07,1.5174593665804876e-09,1.6551635236707391e-09,3.275751772227335e-10,1.2511054899595219e-08,1.2434563251462478e-09,3.878660680321302e-13,1.0041149396827424e-14,8.893361088791055e-15,1.446170285052458e-08,3.503734220568841e-09,4.1166116202508135e-10,1.1179546989575156e-06,1.8773266446303205e-06,1.727719090275232e-13,1.8961308287506864e-08,0.00023167241683683752,4.621085330583539e-10,1.3300168636812213e-05,3.320488082391975e-07,1.9507193472676693e-10,0.0014325581955174503,3.5754588881470705e-12,6.208912830329502e-06,1.7746536707182081e-09,1.997870167777516e-10,7.344763055231884e-05,1.0515382268139951e-12,0.004328708353651224,4.176201047907883e-12,3.916403726919295e-06,1.5032516418420711e-13,1.2691063986418873e-07,0.0004980730115490693,0.00017877930997292916,3.604075640527106e-11,7.137818229907088e-10,0.005838781251236356,4.239772798812411e-08,2.2090913937574547e-10,2.3317284216307364e-07,1.0711976659000019e-11,4.0054148760620985e-06,3.2209330530707133e-09,6.350857751281168e-05,0.0011119489426114392,9.476789890270076e-05,0.0002786795970061136,8.21582081744967e-09,1.6713383145834836e-06,9.073291049795505e-06,3.6251883186066235e-05,1.1087208588473827e-12,3.994757319948619e-14,1.5260567483711335e-13,8.130818290947954e-10,0.000131713678937767,2.0581445490494592e-11,1.6803503096107485e-06,5.313389400021938e-16,3.657680292628581e-08,2.2412702309241374e-09,6.786471557688569e-09,2.0020809597388646e-10,1.0072444707018989e-11,2.1759820581286289e-10
0.056749999999999995,0.2415522041266622,1248.2340090871005,0.2916939425157605,0.6067474841898923,7.790664765082518e-17,0.048835982569240106,1.333369776091771e-06,0.016841954735498012,0.08620942661839359,0.05524887558916822,6.029802037801852e-17,8.60558098931323e-13,9.672688581956613e-08,3.988419224243398e-07,0.0013790448136801543,0.0,0.0,8.427491629005019e-06,2.8441445525454895e-06,0.03221269493057271,0.03469647854797744,1.2512070924108848e-07,1.3644447349591484e-09,5.864658817313893e-05,1.1577624113328903e-05,4.890729416692812e-07,1.8382818065723283e-09,0.005036796432132703,3.4405065033825185e-10,1.278654406750415e-10,1.7845774793371534e-06,4.923216953431379e-09,0.00013937866755948564,6.671006623964154e-08,0.0015814946042351625,2.3715528056875108e-05,5.639098395387681e-07,3.713500221405014e-09,2.1146410929374026e-10,1.2306944052166206e-07,6.556552462970793e-07,4.918036907522816e-11,0.011355256236281714,0.00020437750680037863,0.002681885147539328,0.0026272205653637983,6.333303905813541e-05,3.74957152166221e-09,0.015092788891593904,0.012038247442958458,5.878892759407529e-06,0.004976023372851757,0.002357386774912678,0.040514009805959844,4.097981355108854e-06,0.00024350542800505182,1.820715622413289e-06,2.1481137845399874e-10,5.280418977074604e-09,8.41966634736299e-14,7.430445159159288e-14,1.607519975205357e-14,0.00021674059571086425,5.027638060234286e-10,1.5066085829722384e-08,1.145699562337503e-09,9.749739950699195e-06,1.6885646963655375e-13,0.00012224664978381164,2.18637188080014e-09,4.467646355401792e-09,4.054823263468283e-08,1.1157833817981272e-10,4.1408883877983715e-12,8.17339278056668e-11,1.0089300117653315e-10,1.0946711157106238e-14,3.279795577418202e-09,1.6548080280655537e-10,0.0011300759236482572,0.002655830890848005,3.748028396610269e-07,2.0350616272993446e-07,1.6926752871378625e-09,1.7506123599983905e-09,4.854396585810606e-10,1.1899440797248295e-08,1.357732001891653e-09,4.11093586589455e-13,1.0790216232161814e-14,6.682204764036892e-15,1.2036185855402068e-08,3.246420799552959e-09,3.65942192179989e-10,8.901769680651086e-07,1.5360398195277732e-06,2.44517559861224e-13,1.515598566741484e-08,0.0002727817883597821,4.35503302396817e-10,1.3763852906843235e-05,3.1336744007618917e-07,1.852522642880702e-10,0.001318884650198336,2.436695563720108e-12,6.548540052094857e-06,1.9317454928555375e-09,1.2136150856589961e-10,6.390877824346517e-05,6.911157520946694e-13,0.004463668537965351,8.462508280736643e-12,3.068637935339206e-06,1.5041401533924518e-13,1.323348885989377e-07,0.0005109007460943202,0.000136880558638882,3.861656743704593e-11,8.10652562683727e-10,0.006045571740623307,3.790246536350622e-08,2.8251573380474123e-10,2.416091869921383e-07,1.594241459081431e-11,1.5555970153126458e-06,2.4957996975995156e-09,7.262139560284145e-05,0.0011596101844030364,0.00010030192519313253,0.00028433786326672976,7.1788185914884416e-09,1.8938135187430341e-06,9.650082053095505e-06,3.77519563082321e-05,7.230908409904397e-13,2.7802866007153703e-14,9.849669495648948e-14,7.071666793870477e-10,0.00014961282073058284,3.0457387658753574e-11,1.814877852498766e-06,3.8976596646616786e-16,4.472164050585292e-08,2.0978876236676583e-09,7.123711650042001e-09,2.016577130824289e-10,1.0019713305648389e-11,3.12189648722176e-10
0.05678124999999999,0.24712475754894114,1273.294309744418,0.2851163684139472,0.6076178540879141,7.79933521737659e-17,0.043254501787634264,1.6285357215929381e-06,0.016042113307015726,0.08326966457682414,0.05670204926249197,1.2785503989604603e-16,1.336834641738136e-12,1.2820357235332334e-07,4.484228819790616e-07,0.0013964118172990088,0.0,0.0,8.629085156829862e-06,2.5918545674415936e-06,0.03322318378651304,0.03616820954821777,1.5133521182701668e-07,1.8450341187167833e-09,6.964112316290981e-05,1.2858527549186125e-05,6.079845317296663e-07,2.762230571142029e-09,0.005236476277765102,5.539534423217469e-10,1.8937435444912938e-10,1.96540237666454e-06,5.208310707981954e-09,0.00014025819497267736,8.997441109293463e-08,0.0016330899554102916,2.1639417723007684e-05,5.988732716292072e-07,5.0053417759439654e-09,2.3774902599169575e-10,1.2694347041619293e-07,7.102639811451316e-07,6.609735533971244e-11,0.011700331689790238,0.0002129170532995688,0.002592244812874577,0.002868277003440809,7.25869337127681e-05,4.41684366802412e-09,0.015822619926159312,0.012616168919874434,8.456253332280414e-06,0.005072595876754647,0.0026715531241965646,0.042347555632122016,3.877152522240973e-06,0.0002595187333015037,2.179767631119365e-06,3.8034589256852673e-10,6.110039674044906e-09,1.3469665562215607e-13,7.288949996901032e-14,1.584252594071255e-14,0.0002037946949592313,4.971089489187936e-10,1.3938559484397422e-08,1.2361998076957893e-09,1.1261581463747153e-05,1.9436354345539568e-13,9.319872732193967e-05,1.8928608031306903e-09,6.183537617356082e-09,2.3939482517085743e-08,1.0507300783534604e-10,4.838851013767725e-12,8.707490154493513e-11,1.2942286839765936e-10,1.2334672776904223e-14,2.5622156711855436e-09,1.2462541943756894e-10,0.001173116834147663,0.0025776667190375475,3.0773860406781626e-07,1.802133028892882e-07,1.8880239399598615e-09,1.7872825418085659e-09,7.050023493916276e-10,1.120380852039352e-08,1.4734398913106333e-09,4.1877532618364783e-13,1.1155650417496929e-14,4.87847517800282e-15,9.91626094908498e-09,3.0143195392897997e-09,3.2128177467167976e-10,6.963540262276414e-07,1.24265673295515e-06,3.4189610898749725e-13,1.1880208293903344e-08,0.0003163003906498999,3.95347493319479e-10,1.4094824652001788e-05,2.873323067081791e-07,1.7045733838986633e-10,0.0011744393124357188,1.6280788768633189e-12,6.874391035785602e-06,2.091248800216752e-09,7.295784682122483e-11,5.3709913649004885e-05,4.52616274440217e-13,0.0045713597190315475,1.6644076593554852e-11,2.4186777218933133e-06,1.5048188975305802e-13,1.3481915993145887e-07,0.0005186076397810292,9.588466525732432e-05,4.116532886944773e-11,9.145804804596433e-10,0.006228266379989145,3.360281805996125e-08,3.5865857938876157e-10,2.503334347992884e-07,2.2525386419852368e-11,6.387538400034233e-07,1.928490470058628e-09,7.96468814358388e-05,0.0012024568494455501,0.00010538532085693199,0.00028912958824547924,6.058602680106204e-09,2.0240953981549467e-06,9.742200021318316e-06,3.9090642912343006e-05,4.646063859484337e-13,1.901561844746748e-14,6.264918040712278e-14,5.941562668908742e-10,0.00016911295066388192,4.4357632009863604e-11,1.9373396668409197e-06,2.805137912507702e-16,5.402121863141498e-08,1.9625472654180795e-09,7.4167987680346135e-09,1.955414392503158e-10,9.940379309468712e-12,4.4082577576012254e-10
0.056812499999999995,0.2527509684978036,1298.4596696068552,0.2787697014313351,0.6085150094362634,7.807382770224473e-17,0.03783055131887432,1.969977353450313e-06,0.01523449184021838,0.08029459040285433,0.058167228489261646,2.659671142091517e-16,2.054533727334046e-12,1.681766679619392e-07,4.953449831419137e-07,0.0014141905480407186,0.0,0.0,8.733135682332607e-06,2.3211903267568673e-06,0.034240184738783666,0.037684607630915405,1.7982120206012356e-07,2.4831144252829176e-09,8.209568457151093e-05,1.4129674827137358e-05,7.415992440300218e-07,4.040935486017153e-09,0.005438701823474379,8.811420521221055e-10,2.760773178515275e-10,2.151797254066773e-06,5.454478645105802e-09,0.0001378799410434,1.1900611791988052e-07,0.0016817581371587034,1.9526345309178382e-05,6.249311106720995e-07,6.682207490988553e-09,2.668894569893879e-10,1.2870745429865897e-07,7.696934380155098e-07,8.742227595824244e-11,0.012048502876697249,0.00022053170744870416,0.0024613905008432704,0.0031287035994750426,8.145924850847004e-05,5.124541553061201e-09,0.01655559694161491,0.013200514030066285,1.1666688702093257e-05,0.005126480522456601,0.0030222390231434437,0.044124054456023375,3.6927438538808363e-06,0.000276181523195038,2.5063000553240925e-06,6.607347597224368e-10,6.9503238674689064e-09,2.0833037284964469e-13,6.921419569278143e-14,1.5105898394559386e-14,0.00018705166152525204,4.848678390355944e-10,1.2747155493388483e-08,1.3293793985070207e-09,1.290570350091259e-05,2.1885113700180881e-13,6.718690220241913e-05,1.5874074713253374e-09,8.319775905365546e-09,1.4176305517565894e-08,9.514056532149641e-11,5.349345786514489e-12,8.988388570395135e-11,1.6507835638206722e-10,1.387689566039668e-14,1.9815168368182667e-09,9.212999385080355e-11,0.0012109509637806847,0.002464971126853796,2.49803503647264e-07,1.5961979657977743e-07,2.1036909176243987e-09,1.750560198520822e-09,1.002581466713336e-09,1.0434079320941032e-08,1.5859680606817622e-09,4.0841764901301525e-13,1.1058551274421608e-14,3.447141516634928e-15,8.04542356343477e-09,2.7790552451478796e-09,2.7720635787315826e-10,5.306458294236808e-07,9.936644054070432e-07,4.717681073200523e-13,9.112927725793102e-09,0.0003605508822096449,3.4344605939055366e-10,1.4194821476515968e-05,2.55245035074659e-07,1.515672110800802e-10,0.001006606109889392,1.0648161371286273e-12,7.181895362486385e-06,2.2500721257588775e-09,4.30200787993997e-11,4.331459688051258e-05,2.94763956950278e-13,0.004650182038022589,3.180303341155507e-11,1.912203550693378e-06,1.5080832610803542e-13,1.32982711404579e-07,0.0005202455079551475,6.002919158120172e-05,4.355059766508778e-11,1.0225173717861443e-09,0.006384016871867626,2.9480530816161353e-08,4.5148991575567885e-10,2.590019770778933e-07,3.00799748198642e-11,2.766524935030105e-07,1.476160226309638e-09,8.325823578276401e-05,0.0012392817046769252,0.00010967895128405987,0.0002928815125046926,4.905864275680252e-09,2.024654291083302e-06,9.25189581239527e-06,4.024740492369458e-05,2.93378897591605e-13,1.2750371477248076e-14,3.917199800795136e-14,4.790886427767661e-10,0.00019007712843008295,6.355621112341972e-11,2.0444030534651967e-06,1.9761515070720518e-16,6.433803951807501e-08,1.8329468118845224e-09,7.636355613929595e-09,1.8134973537895132e-10,9.825502015201847e-12,6.123700099452169e-10
0.05684375,0.25842016768533776,1323.7240071643257,0.2726540703628645,0.6094222377476837,7.814797298953489e-17,0.03263164895483276,2.3667788866753197e-06,0.014420428688847565,0.07728563013449537,0.05964112643402824,5.477476106047479e-16,3.151569751566026e-12,2.183681276633628e-07,5.392433942699336e-07,0.0014323409667354049,0.0,0.0,8.752221442616338e-06,2.044857645561391e-06,0.035260856965154935,0.039245203259359235,2.100868725647623e-07,3.336279281751227e-09,9.607529625503597e-05,1.5370311256159864e-05,8.899231669584302e-07,5.774916572193217e-09,0.0056412421325562866,1.3843236033790958e-09,3.9674986492340056e-10,2.343617508768722e-06,5.665548937296886e-09,0.0001323816101832082,1.5432200514213368e-07,0.001726259872969491,1.748153012889281e-05,6.428492817724147e-07,8.842780962349761e-09,2.9934338108332876e-10,1.2848184694532918e-07,8.359460665484919e-07,1.1374169755654662e-10,0.012397349144288269,0.00022653234567310984,0.0022900229355505308,0.00340525333762656,8.9619747923148e-05,5.841217667923195e-09,0.017287396939061724,0.01378676984114144,1.5327746127732285e-05,0.005128595076516637,0.00341123374701741,0.04581349235350956,3.5327875089954982e-06,0.0002933937030215549,2.764744911373161e-06,1.118954899337644e-09,7.764444346654117e-09,3.114076714115312e-13,6.348073629485671e-14,1.3906728115524213e-14,0.00016748040571062733,4.657226131336239e-10,1.1502625686470472e-08,1.4239671612290909e-09,1.4675876905655944e-05,2.407874134700152e-13,4.546624695473557e-05,1.2875664836033813e-09,1.0875746821187177e-08,8.344713100351789e-09,8.259193594813831e-11,5.5637288220026354e-12,9.013888779009577e-11,2.099702470327077e-10,1.5630611924128575e-14,1.5212031485390138e-09,6.678277879619953e-11,0.001241835614330022,0.0023192218617362668,2.0016590873769955e-07,1.413403930940776e-07,2.3394726119302754e-09,1.6368955100677945e-09,1.3947880872838665e-09,9.608503738856267e-09,1.6896904252953623e-09,3.801913778494058e-13,1.0481509529864259e-14,2.3494916484246625e-15,6.397565252272497e-09,2.5206143860495103e-09,2.339763816400586e-10,3.903167646040512e-07,7.858543828854313e-07,6.415874683776544e-13,6.836432814342937e-09,0.0004034304826127378,2.8358287105131774e-10,1.3988030877582745e-05,2.1929953132275683e-07,1.3004275106424654e-10,0.0008261658103262684,6.81212624442759e-13,7.467038930607002e-06,2.405380094030969e-09,2.4642350750468963e-11,3.3294327244730917e-05,1.9051688245662245e-13,0.004699719630603424,5.910863544114286e-11,1.5112981356651218e-06,1.5177678490919648e-13,1.2601510713696237e-07,0.0005149969407162489,3.2677358848226523e-05,4.559351217878198e-11,1.129656973997953e-09,0.0065113146074793375,2.5544723782744827e-08,5.628603949166302e-10,2.671735089276771e-07,3.779194301428251e-11,1.2024304861070918e-07,1.113142609648943e-09,8.242108814192859e-05,0.0012692795310616932,0.00011279920265271458,0.00029537786217282195,3.785115633142176e-09,1.8797773186434603e-06,8.189649278006316e-06,4.1212418530507504e-05,1.818899393433516e-13,8.37446935304356e-15,2.4053645784142488e-14,3.682120250154982e-10,0.00021228617204279273,8.957408733955841e-11,2.1327881553141786e-06,1.3616504949498474e-16,7.538453208671217e-08,1.707316588174651e-09,7.763878562095967e-09,1.597779415318248e-10,9.66704582141627e-12,8.364756581135896e-10
0.056874999999999995,0.2641216779253814,1349.0876358173034,0.2667683685082741,0.6103222161201236,7.821624453604816e-17,0.027722021870914118,2.834068421275636e-06,0.013601593914248918,0.07424449024636391,0.06112013461841467,1.1277858296402803e-15,4.868560451363089e-12,2.8085705884909585e-07,5.810745795297046e-07,0.0014508058680945235,0.0,0.0,8.705454382341064e-06,1.7753356190005185e-06,0.03628239555192878,0.040849212719052314,2.417143437846128e-07,4.48989190279516e-09,0.00011165885410770224,1.656695277078864e-05,1.0545100568338307e-06,8.099396960945284e-09,0.005841211774929306,2.1475592920509533e-09,5.633925459980158e-10,2.5423733239379584e-06,5.851345821605216e-09,0.00012423354775948205,1.9629398850259368e-07,0.0017652295005948402,1.557908925845023e-05,6.541962482332163e-07,1.1619443206610093e-08,3.357882101141252e-10,1.2650109082135976e-07,9.114791426342187e-07,1.4589497119443517e-10,0.01274380038795797,0.00023010802979164837,0.0020824587774861273,0.0036927073927805277,9.690302319782923e-05,6.543175245985956e-09,0.018013431547807983,0.014369718652818447,1.9067976873849382e-05,0.005070268655983179,0.003840852656774872,0.04738369437999536,3.3879425007450834e-06,0.0003110066234681317,2.926522184165877e-06,1.8375145947697029e-09,8.512028830828239e-09,4.4968593052544825e-13,5.6097395149101253e-14,1.233258670860131e-14,0.0001462204624820307,4.3982689019367123e-10,1.0224574113913385e-08,1.518847342889996e-09,1.656288502423208e-05,2.5854703701642377e-13,2.8681164327465652e-05,1.0097510048976819e-09,1.3803897540178615e-08,4.837857445099872e-09,6.858427374883122e-11,5.426086257527217e-12,8.848765263185626e-11,2.6716298616815294e-10,1.767947720654759e-14,1.1627652196225175e-09,4.742490034954186e-11,0.0012638745699509633,0.002144006921110862,1.581119951479305e-07,1.2509563806596437e-07,2.5950004100094553e-09,1.4577105613404966e-09,1.896172513289143e-09,8.75337578910402e-09,1.7783593981089587e-09,3.371036628183597e-13,9.478637812767111e-15,1.5403682768291025e-15,4.964914319443998e-09,2.2305627684044223e-09,1.9241252614905103e-10,2.757767989798517e-07,6.158390598387437e-07,8.588172306921476e-13,5.0227928879024445e-09,0.00044263065234373254,2.2102767673247144e-10,1.3441689417770365e-05,1.8214197859546354e-07,1.0762870042855554e-10,0.0006459318149090667,4.264384959235285e-13,7.726599566532036e-06,2.555147911017014e-09,1.363844507839158e-11,2.423943620973231e-05,1.2198689436370467e-13,0.004720798833482864,1.0701146357256551e-10,1.1896591099924734e-06,1.5381642682288893e-13,1.1399574073762911e-07,0.0005022599329299741,1.5033404672145953e-05,4.708451026871718e-11,1.229412415580645e-09,0.0066101327491061195,2.1826902814773545e-08,6.939947800308447e-10,2.7432393242545116e-07,4.447118622191815e-11,5.0908907746274106e-08,8.236675081708852e-10,7.676575002774294e-05,0.001292227228744309,0.00011436878052631689,0.0002963605657216751,2.7631824974105482e-09,1.6061760668714071e-06,6.695044537893072e-06,4.198766113537016e-05,1.1083024578807516e-13,5.393823258342778e-15,1.451970866579329e-14,2.678682016037091e-10,0.00023543476255668755,1.2416646716482505e-10,2.1992991167105883e-06,9.187762506460037e-17,8.671268383946311e-08,1.5844046192052223e-09,7.799905086205552e-09,1.328199793713923e-10,9.458390457901837e-12,1.1229147437020611e-09
0.05690624999999999,0.26984491164862795,1374.5546435951865,0.26111038069606646,0.6111980718702597,7.827953137143155e-17,0.023159886490866873,3.3946877091869724e-06,0.012780005864364292,0.0711733295174801,0.0626004090399068,2.3412228656808375e-15,7.628289481866595e-12,3.5825300758023925e-07,6.230025197694017e-07,0.0014695132192874389,0.0,0.0,8.61537057979818e-06,1.5233027924534575e-06,0.03730210982570795,0.0424955443816408,2.7445287370284075e-07,6.069989187187761e-09,0.00012894449801683117,1.7714493938000022e-05,1.2390419636152271e-06,1.1205946205037701e-08,0.006035192347197137,3.2889820918832847e-09,7.928090676212952e-10,2.751221992702023e-06,6.025585841626732e-09,0.0001141597205465759,2.451670362968346e-07,0.0017971987592618843,1.3857837532483475e-05,6.6078098922579e-07,1.5194652429062918e-08,3.771536648276536e-10,1.2307022837982057e-07,9.991082937799505e-07,1.8517830525999664e-10,0.013084193103143809,0.00023043488130352588,0.001846791610656194,0.003983895518436134,0.00010331217405698912,7.2169820357461125e-09,0.01872897942588426,0.014943635295804756,2.237368028953862e-05,0.004944339406648005,0.004314396942965652,0.0488018041923916,3.2510033971309824e-06,0.00032881834200965235,2.9759540538481714e-06,2.9131672797877046e-09,9.150869079118957e-09,6.269745150863893e-13,4.763444107301979e-14,1.0507319656062665e-14,0.00012443320191187824,4.078157611077379e-10,8.939065265709415e-09,1.6131849155896945e-09,1.8554223259429386e-05,2.705623338298862e-13,1.6769219846169113e-05,7.661273752741312e-10,1.6997919941871013e-08,2.7434028008486082e-09,5.438286292191083e-11,4.963463670637604e-12,8.624522512277413e-11,3.4099231084963524e-10,2.013232917217873e-14,8.873602651764974e-10,3.2965921084245316e-11,0.0012751008233168918,0.0019450391386217623,1.2295486798273514e-07,1.1066476104215196e-07,2.8699484425231665e-09,1.2382586779572394e-09,2.515824724486447e-09,7.896060595942422e-09,1.8455884295240918e-09,2.8430162259154676e-13,8.16505039161447e-15,9.692135060181394e-16,3.746379102670971e-09,1.912521874643e-09,1.536094241893816e-10,1.8777892029216846e-07,4.794456320390943e-07,1.1299475144067042e-12,3.6266120579414132e-09,0.0004759016064207517,1.6151082129738047e-10,1.257344949707492e-05,1.4631394640373475e-07,8.598514881786795e-11,0.0004786287464288196,2.614569184289905e-13,7.958307501034378e-06,2.6984411458700063e-09,7.313140966522825e-12,1.663542710267578e-05,7.723761249811201e-14,0.004715289962823012,1.890075670517475e-10,9.290600046740438e-07,1.5733490226424403e-13,9.799772730395017e-08,0.00048173037326573845,5.7266509796289684e-06,4.7800907015173645e-11,1.3136225533657585e-09,0.006681853622121171,1.8370312002656866e-08,8.451248778586698e-10,2.7988202824646053e-07,4.880061654138274e-11,2.0871119986791028e-08,5.966657520652439e-10,6.683838132095734e-05,0.0013085467818677269,0.00011408415493788827,0.00029554265283377314,1.8953639131872466e-09,1.2522690866922599e-06,5.008973688355658e-06,4.2586075965300844e-05,6.657255340449114e-14,3.4174933050611103e-15,8.642066502587085e-15,1.8318659461654473e-10,0.0002591268768849428,1.69275181314033e-10,2.2409698375510275e-06,6.090546281978348e-17,9.773808722259026e-08,1.4634265557466474e-09,7.766207227300962e-09,1.03471747340697e-10,9.194626734713148e-12,1.4804915445483646e-09
0.056937499999999995,0.27557917996528225,1400.1289826630998,0.2556771745439217,0.6120341842241898,7.83390327356572e-17,0.018994561661157466,4.080354316692226e-06,0.01195803514531209,0.06807494423418237,0.06407792463157416,4.928308077678686e-15,1.2171919827475835e-11,4.5391435245339077e-07,6.68006008973913e-07,0.0014883792135683136,0.0,0.0,8.50456370631145e-06,1.2964602621752774e-06,0.03831742987548381,0.04418278898641021,3.082562887164751e-07,8.260399284517737e-09,0.0001480327669637438,1.881538480124625e-05,1.4494146618770346e-06,1.536968669820722e-08,0.006219458610565821,4.971196344960612e-09,1.1087897043282837e-09,2.974480289993599e-06,6.202626710908139e-09,0.00010300682344359953,3.010794538897101e-07,0.0018206205121449094,1.2325599449574936e-05,6.641297264731806e-07,1.9819297533362306e-08,4.245975759682919e-10,1.1851449055934522e-07,1.1017983909374165e-06,2.3348614778061134e-10,0.013414420228535014,0.00022683752751607452,0.0015942923833983655,0.004270049828526528,0.00010891640054835134,7.854227114454137e-09,0.01942932358277288,0.01550257867316499,2.472040767731793e-05,0.004746417823119463,0.004836426048481063,0.050036079758859486,3.1169091908905207e-06,0.0003465741964747204,2.9122340225479577e-06,4.441773705874848e-09,9.638054213968644e-09,8.433250705503846e-13,3.8747171309554374e-14,8.574728023402151e-15,0.00010317443320572566,3.7073528107565e-10,7.675160422365974e-09,1.7064333218163006e-09,2.063359734047202e-05,2.754978756651922e-13,9.06008199620617e-06,5.63080350482892e-10,2.0285800483375322e-08,1.5133956693940277e-09,4.1111327727208486e-11,4.283455182822896e-12,8.516363307119537e-11,4.373960348374857e-10,2.3119859047114522e-14,6.774451842279404e-10,2.241123118023642e-11,0.001273596860026055,0.0017298911143324273,9.398706990361302e-08,9.784769952356029e-08,3.164157947173944e-09,1.010578305423496e-09,3.2530657555945357e-09,7.0571525292200374e-09,1.885366563766717e-09,2.2780745397180284e-13,6.690042928124774e-15,5.840490200691484e-16,2.738881095797783e-09,1.579755842449818e-09,1.186384465040954e-10,1.2458745950345804e-07,3.7164981037873683e-07,1.4593192464218102e-12,2.5865172526795253e-09,0.0005013397269236016,1.0993845284308937e-10,1.1443615341941864e-05,1.1379774244446912e-07,6.639227124583445e-11,0.00033454388758264245,1.5706988688507454e-13,8.16092255311527e-06,2.835338974233529e-09,3.839374334338227e-12,1.0746760113470832e-05,4.826288487121326e-14,0.004685710101931635,3.261763989839296e-10,7.169890959346655e-07,1.626674743857422e-13,7.987389281386455e-08,0.00045347813020875843,1.8224550912855631e-06,4.754267975310958e-11,1.3734088811221062e-09,0.006729000011978744,1.5219255421106676e-08,1.0151393773906265e-09,2.8328477277629027e-07,4.973986530639734e-11,8.347792508030775e-09,4.2272921787509035e-10,5.4073453734329564e-05,0.0013192089109499673,0.00011177939216320554,0.0002926358155701743,1.2136123077794052e-09,8.836059509955669e-07,3.4002259972865142e-06,4.302905179023364e-05,3.960613418946579e-14,2.140318946561461e-15,5.095622184236338e-15,1.1699959574251856e-10,0.00028287054888044837,2.2692890102915607e-10,2.255301518663121e-06,3.9859147710278635e-17,1.0779981464978629e-07,1.344003363063102e-09,7.699605195174949e-09,7.506105634517722e-11,8.872721412732343e-12,1.9154598678740403e-09
0.05696875,0.2813132629492221,1425.809653599732,0.25046563335692756,0.6128167456594291,7.839612491736592e-17,0.015263769271761799,4.932565324426717e-06,0.01113840758688405,0.06495295926053687,0.06554850052665169,1.0546307009073518e-14,1.9794630743144285e-11,5.721976721310485e-07,7.194223775681245e-07,0.0015073115551900375,0.0,0.0,8.392710231643918e-06,1.0989917095831482e-06,0.03932584396249273,0.045909191464661214,3.432652736795101e-07,1.1325905013926836e-08,0.0001689916731721349,1.9877425284508256e-05,1.6933598377047918e-06,2.0980130706661388e-08,0.006390251420804879,7.412672003911701e-09,1.5450167761885143e-09,3.2167706340611137e-06,6.3943151660931855e-09,9.160391680407329e-05,3.64072067877e-07,0.0018338975954192201,1.0968577364002815e-05,6.651684262970727e-07,2.5830331933596128e-08,4.794329693632503e-10,1.1314046948205898e-07,1.222347378165136e-06,2.933700944028906e-10,0.013730180356862791,0.000218964438122054,0.0013380645639257966,0.00454150433482489,0.0001137075335056755,8.441569831005197e-09,0.020109880965115953,0.01604075310684128,2.5750692003105743e-05,0.004476106117353222,0.005412791174583104,0.05105775629369055,2.9824778444391653e-06,0.00036397489764247054,2.7475476371652462e-06,6.490514234470462e-09,9.931505967661196e-09,1.0930064549699283e-12,3.0084697941611977e-14,6.6787836527020026e-15,8.330764862279968e-05,3.299275563309368e-10,6.4615328786168636e-09,1.7982402338943342e-09,2.278021906787311e-05,2.724311838536725e-13,4.5331258276136335e-06,4.01459843500379e-10,2.3431100618663553e-08,8.080983804845902e-10,2.957590816043287e-11,3.5336721701788225e-12,8.702568094605189e-11,5.642811020742582e-10,2.6791901600720786e-14,5.178983662232605e-10,1.4886541200935073e-11,0.0012576539376111299,0.0015074424535166323,7.048323252827336e-08,8.644945856051897e-08,3.4776471069232223e-09,8.032045132063496e-10,4.0927233695155044e-09,6.247397445332196e-09,1.8925843583577752e-09,1.7320988445174656e-13,5.204949420374067e-15,3.3630080911053957e-16,1.9328628010482822e-09,1.2508763979529472e-09,8.832514382752016e-11,8.14119654318841e-08,2.8710332922014754e-07,1.847785283189859e-12,1.833150276601784e-09,0.0005176618103833467,6.931186309267323e-11,1.0137671430964543e-05,8.580098085679265e-08,4.961594474387228e-11,0.00021969401358001213,9.234964038592239e-14,8.334237109005671e-06,2.96661416387704e-09,1.993764908856952e-12,6.561548507466286e-06,2.969161007915281e-14,0.004634811859435725,5.507086584352906e-10,5.447680244865952e-07,1.7005849152131398e-13,6.176364064842457e-08,0.0004180152834069058,5.23094743038911e-07,4.617171281780043e-11,1.4004347268870984e-09,0.006754838008879945,1.241037826878091e-08,1.2013280872911196e-09,2.8404480229795156e-07,4.6930837236985874e-11,3.2880532352001513e-09,2.928829244261027e-10,4.043092496902596e-05,0.0013255002458169118,0.00010746110236274639,0.00028738913448562943,7.211808705156229e-10,5.601445760765574e-07,2.0783057424828354e-06,4.3342932160484374e-05,2.346967740988723e-14,1.3325827398427756e-15,2.993225425583402e-15,6.938695374067007e-11,0.0003060753054754236,2.9907508987845637e-10,2.240536680256794e-06,2.5902334918907707e-17,1.1623954741402095e-07,1.2261080514326088e-09,7.639629878382752e-09,5.041596676119319e-11,8.491680410672149e-12,2.4294247515429846e-09
0.056999999999999995,0.28703490134253373,1451.5855545981567,0.24547294675866974,0.6135342511443616,7.84521790169418e-17,0.011991659532849678,6.003702147115639e-06,0.010324218277094089,0.06181202339482728,0.0670078170497344,2.2943180613339474e-14,3.275499438861457e-11,7.187268656318306e-07,7.806191229254363e-07,0.0015262126102052623,0.0,0.0,8.294391250527228e-06,9.317012803070717e-07,0.04032479537116401,0.04767261329561424,3.7975452737134513e-07,1.564431876200119e-08,0.00019181664323941313,2.091107131787965e-05,1.9797777538843377e-06,2.8574782909159763e-08,0.006544009429301275,1.0898412667556736e-08,2.1488854567520675e-09,3.4820116102309523e-06,6.607782685833197e-09,8.065299859590562e-05,4.3408441054692996e-07,0.001835425583343457,9.76193140910177e-06,6.641577848214694e-07,3.3664884244137494e-08,5.430224075332994e-10,1.0721624274165839e-07,1.36298632034339e-06,3.68158047879593e-10,0.014027309472579155,0.00020691701649621703,0.0010912210603696,0.0047886552984233235,0.00011751757502500092,8.953537906489092e-09,0.020766320406677412,0.016552895076327737,2.541417105335664e-05,0.00413793935059373,0.006050425618394978,0.05184275587841835,2.8461645455291944e-06,0.00038069368620020894,2.5029796472726175e-06,9.058613484915289e-09,9.993194045771183e-09,1.362698208992456e-12,2.2203431419392435e-14,4.944391769331423e-15,6.546047272058089e-05,2.8691094477617937e-10,5.323945672577903e-09,1.8882872307545022e-09,2.4967980759839434e-05,2.6102246021237955e-13,2.122746574592873e-06,2.780121884165767e-10,2.614639618296062e-08,4.1554466964614585e-10,2.0200560883221872e-11,2.8430013109767007e-12,9.321806713838147e-11,7.319643467514254e-10,3.131716727787925e-14,3.964786638624205e-10,9.651501027758056e-12,0.001225966283921902,0.0012870736145106246,5.1728405063859076e-08,7.628352519265687e-08,3.8104797279888924e-09,6.328342483516426e-10,5.000964861895891e-09,5.470694586159789e-09,1.8635671272918283e-09,1.2473597192388924e-13,3.8363968994136905e-15,1.8452503890217816e-16,1.3114229407497283e-09,9.451172257208884e-10,6.313190067137576e-11,5.2488111942928835e-08,2.208623436731675e-07,2.291489387496178e-12,1.298835656354639e-09,0.0005244239711472299,4.0283546451152733e-11,8.747392691678596e-06,6.277901907202749e-08,3.593000802059864e-11,0.0001351433284478458,5.297921703005673e-14,8.479021337251886e-06,3.09335526344038e-09,1.0255097272671053e-12,3.8289096234411675e-06,1.7933239200617593e-14,0.004565328292426352,9.106019936335325e-10,4.0614354916073564e-07,1.7967284251007462e-13,4.551233306392576e-08,0.00037635135864615734,1.5772825397791604e-07,4.364897611530445e-11,1.3884607090267147e-09,0.006762942058226564,9.966642364862687e-09,1.3992964770907133e-09,2.8181704756070484e-07,4.088775690333016e-11,1.2775791331187554e-09,1.9849540944394868e-10,2.7816529551837472e-05,0.0013287393692803246,0.00010129956126065558,0.00027963366589588726,3.958270247972291e-10,3.1717402532982543e-07,1.1368668439811307e-06,4.355542149234081e-05,1.3931309466350868e-14,8.295547248453299e-16,1.7615885837630761e-15,3.802782858263818e-11,0.00032805754175011784,3.873372855453948e-10,2.1959243394456286e-06,1.6811232915762095e-17,1.2247184383678366e-07,1.1100259758210408e-09,7.616198587631305e-09,3.120538899431933e-11,8.052773013121649e-12,3.0168437248204923e-09
0.05703124999999999,0.2927303846202595,1477.4309530253452,0.240696918540778,0.6141779483403403,7.850837473827002e-17,0.009187700835945795,7.358979078962197e-06,0.009518958368136102,0.05865799158317973,0.06845143132618592,5.067433572491216e-14,5.4985622580216847e-11,9.00690217549088e-07,8.548790463809239e-07,0.0015449815823814163,0.0,0.0,8.217813288517359e-06,7.926705284117447e-07,0.04131156871164961,0.04947048638926996,4.1806556369073465e-07,2.1750692022004915e-08,0.00021638730909312088,2.1926927607743455e-05,2.3179468414146885e-06,3.8875887136116346e-08,0.006677485627647812,1.5786795263221363e-08,2.9864461723643823e-09,3.772420637467381e-06,6.844034509657534e-09,7.06719766615091e-05,5.109407945091941e-07,0.0018236579014439176,8.67825733209884e-06,6.607875197464608e-07,4.386727400804561e-08,6.166295387031393e-10,1.0096623101832145e-07,1.5249196516565291e-06,4.622507565129789e-10,0.014302147810966222,0.00019127702904642212,0.0008650048870648617,0.005003010103826454,0.00012002503750527447,9.351668150935168e-09,0.021394667498449614,0.017034621813063006,2.3990324326004616e-05,0.0037418369576915564,0.006756846634367237,0.052373166987492746,2.707738164534082e-06,0.0003964026137936778,2.2040208793386535e-06,1.2035349606590266e-08,9.794528495033242e-09,1.6306331709991e-12,1.55009234296327e-14,3.4623121709579083e-15,5.001563493993889e-05,2.4327495265645223e-10,4.283719105783631e-09,1.9760844846363744e-09,2.7164713200875998e-05,2.4165090879237884e-13,9.48742881823215e-07,1.8716089338164976e-10,2.8122617744025046e-08,2.0468470445546243e-10,1.3057988303856642e-11,2.2780310441440548e-12,1.0446405473166275e-10,9.536888918229095e-10,3.6884642855381254e-14,3.0371674648158397e-10,6.100850613692116e-12,0.001177846972896293,0.0010777044381451951,3.7042255531393015e-08,6.71794098627049e-08,4.162431443290644e-09,5.020772336630179e-10,5.923209287022116e-09,4.7289867420125434e-09,1.7965959828928825e-09,8.485426079610644e-14,2.6705481678170695e-15,9.614687041500537e-17,8.516382779151793e-10,6.783369084286467e-10,4.3128943552943616e-11,3.319420496230851e-08,1.6884210913427124e-07,2.7810526390551315e-12,9.246260858494197e-10,0.0005221448761502039,2.149528345183047e-11,7.356583909416912e-06,4.460371495497188e-08,2.5232711334925253e-11,7.766074692019873e-05,2.9518864855853365e-14,8.596923048411553e-06,3.2165981359991406e-09,5.192651349004128e-13,2.1709129408193457e-06,1.0598788880634773e-14,0.00447987824671465,1.4755775875928347e-09,2.9625482015447894e-07,1.9161873522179608e-13,3.225197291262655e-08,0.0003300188958619711,5.5244340312525754e-08,4.00580240513045e-11,1.3348275573800104e-09,0.006756805557570368,7.894197933348441e-09,1.6031042897976316e-09,2.764497916415975e-07,3.281402735596195e-11,4.873537607323806e-10,1.316405320432166e-10,1.7542753912559086e-05,0.0013300460133492177,9.358410432187056e-05,0.000269326958505694,1.9983861983378236e-10,1.59690428225085e-07,5.538933667831799e-07,4.369258676991169e-05,8.323055633059392e-15,5.188150861698442e-16,1.0436579702343188e-15,1.918110881854931e-11,0.0003480582920246217,4.927161344047604e-10,2.1219545516182834e-06,1.0949675713240153e-17,1.260259955566303e-07,9.963164781306504e-10,7.643322587796808e-09,1.7725969980631407e-11,7.559764317850854e-12,3.6624737292495565e-09
0.057062499999999995,0.29838432114617003,1503.3024438716927,0.2361360669793437,0.6147421278229773,7.856555984379906e-17,0.006846202488904278,9.081378807839554e-06,0.00872654793881864,0.05549807119635889,0.06987477682763957,1.1410226106816074e-13,9.343409856553684e-11,1.1273539675068732e-06,9.45551748338922e-07,0.0015635141055091375,0.0,0.0,8.164039307599429e-06,6.781404259616479e-07,0.04228318612526697,0.05129974588165416,4.585428196619672e-07,3.0402805170282334e-08,0.0002424108068583533,2.2933679077969213e-05,2.716640143953565e-06,5.284066316951829e-08,0.00678773781671322,2.2512985653398452e-08,4.1492478735490645e-09,4.0875281251642224e-06,7.0966388198544345e-09,6.198771311896426e-05,5.943288194180235e-07,0.001797199576278765,7.692333803075752e-06,6.542775102457237e-07,5.7088959475485055e-08,7.011805658429606e-10,9.456952515835919e-08,1.7077855938411638e-06,5.816062644170756e-10,0.01455187217072587,0.00017301243958497067,0.0006673049406386813,0.005178112738598196,0.000120790575853092,9.586852957321356e-09,0.021991394945656502,0.01748267280599368,2.1984735746405588e-05,0.0033029135114377864,0.007539191949746123,0.05263867318880769,2.5678319233776798e-06,0.0004108057485254825,1.8770147439834036e-06,1.5172484907153573e-08,9.323868950922965e-09,1.867606413698111e-12,1.0180224842409155e-14,2.2806860618314722e-15,3.71252501263858e-05,2.0058560780062618e-10,3.356861182800774e-09,2.0607092455860743e-09,2.9331801672250506e-05,2.1548016031038448e-13,4.0631150226495766e-07,1.225508342142112e-10,2.9075301777076358e-08,9.595331765358276e-11,7.957499679191285e-12,1.8318210797516182e-12,1.2081086008814e-10,1.2464119090549863e-09,4.3712728664315595e-14,2.3247248043343244e-10,3.7556567638125344e-12,0.0011134403761819981,0.0008868398248366248,2.5789591939171474e-08,5.898493957368422e-08,4.532344506083721e-09,4.028893978226251e-10,6.7860561286063375e-09,4.024905908319684e-09,1.692370713167048e-09,5.433908487799704e-14,1.7487968416833248e-15,4.737731070159603e-17,5.267790078405791e-10,4.6038365382566385e-10,2.8023160179413348e-11,2.0456779296313183e-08,1.2786648248963085e-07,3.301449378391631e-12,6.632662325504219e-10,0.0005123120487562025,1.0463490543842622e-11,6.033585540754861e-06,3.0779478157214563e-08,1.71913046604571e-11,4.1309340035302447e-05,1.5879889928707155e-14,8.690326770280488e-06,3.336891622148568e-09,2.5707949557622305e-13,1.2066615572189902e-06,6.106316898148632e-15,0.0043809292869130285,2.34400943845644e-09,2.109448183923396e-07,2.0600137165133233e-13,2.23014797064836e-08,0.00028104537866126825,2.120044333830857e-08,3.560622498343179e-11,1.2414529700541442e-09,0.006739552852513256,6.182134071617031e-09,1.8056639754333884e-09,2.6801277338282806e-07,2.4041586184139274e-11,1.8171325422735299e-10,8.546050069878149e-11,1.0078817726763617e-05,0.0013302300105127044,8.46708469319955e-05,0.0002565918202659687,9.221169256165742e-11,7.042521553976822e-08,2.3665009659656546e-07,4.377683309058395e-05,5.018161446245254e-15,3.2686282908622364e-16,6.241196709293834e-16,8.84732726105518e-12,0.0003652748452244337,6.153125189149082e-10,2.020613062092034e-06,7.17647655614754e-18,1.2656662131732588e-07,8.857610432982153e-10,7.720227679246686e-09,9.180999082791132e-12,7.019036323982736e-12,4.339403200802527e-09
0.057124999999999995,0.3095067927469487,1554.9348276400783,0.22765024484574742,0.6156200686571048,7.868446476018674e-17,0.0035067840604613453,1.3934890118912855e-05,0.007206221538025329,0.04923982953251985,0.07262350386094564,5.699971990673507e-13,2.7022377460385606e-10,1.7489694167843456e-06,1.1852222372276445e-06,0.0015992208222895235,0.0,0.0,8.098831965159462e-06,5.091989915466827e-07,0.04415549701772871,0.055010132140611324,5.453249012455528e-07,5.944608537380437e-08,0.00029670563543469724,2.4917519360106834e-05,3.7065653165538577e-06,9.645744348170428e-08,0.006929623012983555,4.341327559390637e-08,7.911111986382585e-09,4.771839284078952e-06,7.594709318210177e-09,4.907291001712062e-05,7.730134182751836e-07,0.0016979335590906024,5.9610085551186346e-06,6.279154711290022e-07,9.489748664350207e-08,9.016473933416859e-10,8.14045761479985e-08,2.1240729101508527e-06,9.341171366444638e-10,0.014967593386052755,0.0001324634284154499,0.0003708979246613786,0.005397943236845042,0.00011540713067880076,9.388913297369289e-09,0.023072724307796617,0.01826567505469896,1.8036110739744534e-05,0.0023629107820489713,0.00932860966742985,0.052380797742143104,2.2813832683782372e-06,0.00043483982313193866,1.2355033862535653e-06,2.0657320754166307e-08,7.704143436209085e-09,2.1540447309278153e-12,3.676317124071568e-15,8.283942467700562e-16,1.8813531031923378e-05,1.2529301918880176e-10,1.9029224877078966e-09,2.210089879951566e-09,3.343408581261075e-05,1.5339778558077527e-13,9.839185199958864e-08,4.854674992218371e-11,2.76768847143962e-08,1.8366581770750546e-11,2.490327773539428e-12,1.2792720782714452e-12,1.6748278953787711e-10,2.116445807287707e-09,6.161358662999245e-14,1.3498723520207028e-10,1.3186181900653719e-12,0.0009408404231645041,0.0005786927390646097,1.1474801491604375e-08,4.4886097766001696e-08,5.3004306576927204e-09,2.7428182217294644e-10,7.958074574805538e-09,2.751447134015713e-09,1.3780058051421844e-09,1.8695921070774307e-14,6.278905598554027e-16,9.786052680389043e-18,1.7516603898289294e-10,1.8080644283501954e-10,1.0237083629540187e-11,7.259967450062952e-09,7.031685112025078e-08,4.357629156152208e-12,3.4895369256026355e-10,0.00047751223830484665,2.178055921721602e-12,3.7499475342384475e-06,1.346669771043065e-08,7.311637553146586e-12,1.1047412272349334e-05,4.090426786933336e-15,8.811862934257402e-06,3.557364671471468e-09,5.947325982556985e-14,4.050584451623578e-07,1.8751795397673025e-15,0.0041513625329148325,5.578213326934499e-09,9.828479892974597e-08,2.4025123433021135e-13,1.0583140013033779e-08,0.00018326768285010272,3.4725648225693005e-09,2.5252954595420812e-11,9.604789015044737e-10,0.006680093225462217,3.707744084488664e-09,2.1786011365891596e-09,2.433391900994448e-07,1.1700575267621244e-11,2.4120754556752325e-11,3.3657948987621334e-11,2.9102579863681673e-06,0.0013287870914098947,6.460612685153147e-05,0.00022506672975498436,1.7344428859820525e-11,1.1900275140610344e-08,3.768024533984159e-08,4.383998198899453e-05,1.8737265996404948e-15,1.325472209163923e-16,2.293988590876988e-16,1.665388258895691e-12,0.00038880846671340494,9.052542087816462e-10,1.7541305958262692e-06,3.1389985656210234e-18,1.1775826171239674e-07,6.793826831167612e-10,7.968555114588006e-09,2.159409102347449e-12,5.845614032642423e-12,5.620683604560993e-09
0.057187499999999995,0.32026059361180853,1605.7614056031741,0.22000613237051792,0.6161999980998342,7.880520850050123e-17,0.0015681410430961546,2.1468625705190228e-05,0.005791265280829764,0.043078948214185266,0.07523699908662672,2.819730908051979e-12,7.711650959728833e-10,2.6820023637745702e-06,1.522319578279525e-06,0.0016326815829031396,0.0,0.0,7.999795615451897e-06,3.8953968623548993e-07,0.0459260856097262,0.058791020291115666,6.387487298582883e-07,1.1494071089169328e-07,0.00034846405488012615,2.6803891373908456e-05,4.954986392699031e-06,1.7121732464710387e-07,0.006951862224024301,7.724557615673273e-08,1.4722482095382331e-08,5.466692814358657e-06,7.940174144519203e-09,4.1679434386855986e-05,9.553300181642971e-07,0.0015338381687799469,4.466519949387806e-06,5.783671252243714e-07,1.5177467586943541e-07,1.134404004122688e-09,6.840473760912222e-08,2.561632601431841e-06,1.5372284001646852e-09,0.01527742963007734,9.435945464151277e-05,0.00019102956481646837,0.005451550231290104,9.97262918492979e-05,8.149472760250584e-09,0.024004092644665867,0.018907074758199253,1.5271470501086076e-05,0.0014931826748591176,0.011443388009164907,0.05118154131487335,2.006269729939059e-06,0.0004522669315749905,7.061643295184798e-07,2.250755072747944e-08,5.459027802280039e-09,2.025319111738758e-12,9.879330604999677e-16,2.2386645806742836e-16,8.379145796673214e-06,6.791371434515959e-11,9.425489213332977e-10,2.3210224112232116e-09,3.684823927305599e-05,9.102283557828176e-14,2.5116988874401424e-08,1.7104760156052407e-11,2.186868917288768e-08,2.7507575116497804e-12,5.900114445985091e-13,8.365562200210271e-13,2.2744578027297288e-10,3.514537874733707e-09,8.610326284773298e-14,7.6465025946907e-11,4.103372184435743e-13,0.0007310478195298468,0.0003736319914759061,4.399218956588485e-09,3.328767037161858e-08,6.07697670353149e-09,1.812222880105234e-10,7.92770271112929e-09,1.7111600292529366e-09,9.901223025943922e-10,4.8510651205488045e-15,1.6905094153580407e-16,1.5480789699670064e-18,4.6314624474531255e-11,5.5242267268253404e-11,2.954849413706371e-12,2.5114669259033487e-09,3.573248448465762e-08,5.273824934660369e-12,1.8334986713836997e-10,0.0004425175553101383,3.873224150750695e-13,2.0874309470616833e-06,5.1915350579229304e-09,2.732692376735642e-12,2.6338780227159055e-06,8.571048036860816e-16,8.875393720469004e-06,3.751489143912479e-09,1.3578594371407865e-14,1.2848788112439965e-07,5.007389372407409e-16,0.0038934609080136765,1.2235663654486312e-08,4.077066117452942e-08,2.8026643431093686e-13,5.292317344156928e-09,0.000102223009005226,5.775689213332088e-10,1.5419994491078492e-11,6.362902853747269e-10,0.006601293910309522,2.239102885351939e-09,2.460030966916847e-09,2.1145829969533103e-07,4.799025538209296e-12,3.3418270864158922e-12,1.2045247385352337e-11,7.148529346821636e-07,0.0013264778702011383,4.440616525618984e-05,0.00018892851102111588,2.809421545433391e-12,1.8355486328684246e-09,5.458152581927354e-09,4.3851059716587636e-05,7.021578168374583e-16,5.3538721292496084e-17,8.470231420003358e-17,2.7045126378998003e-13,0.00039476367230996217,1.2315506532078928e-09,1.4344006422033398e-06,1.3609406319860883e-18,9.722071267532277e-08,4.990942405304495e-10,8.298973954131442e-09,4.3213970149063095e-13,4.633017902357039e-12,6.463535518527744e-09
0.057249999999999995,0.3304912108004416,1654.9150045381552,0.21319566203119336,0.6165313083006219,7.891885751523603e-17,0.0006066220494155424,3.264097576092147e-05,0.004521385519248351,0.037121559979239466,0.07767427514303243,1.3038222221447682e-11,2.081691931602912e-09,4.016154049440147e-06,1.9702728427712065e-06,0.001662815671025507,0.0,0.0,7.73989156562596e-06,2.991110183221526e-07,0.04756198129534337,0.06259026381515986,7.308877980149744e-07,2.1383686592620445e-07,0.00038868995265130485,2.8398931884108702e-05,6.364236338225303e-06,2.890317564295775e-07,0.0068441076784140475,1.2514547117871857e-07,2.6049079037717245e-08,6.0512241332562384e-06,7.950447790294439e-09,3.8624875120557015e-05,1.1096620990772483e-06,0.0013129582375084555,3.194861605481604e-06,5.027400900644762e-07,2.2765195185877323e-07,1.3628997560690285e-09,5.56285518407631e-08,2.9284917417851987e-06,2.5774398216770795e-09,0.015495167317586947,6.338675615818241e-05,9.250682907819031e-05,0.005376712886679556,7.591362174517337e-05,6.08743609125593e-09,0.024781843135919683,0.019413809851545484,1.3314789628135906e-05,0.0008220417486642765,0.013819600831590118,0.04927452329323785,1.7514781599512146e-06,0.0004641021736668621,3.4768241973898186e-07,2.007415217106668e-08,3.2506225585843866e-09,1.531554424927161e-12,1.935741682586472e-16,4.4099596835810416e-17,3.247185481691057e-06,3.142507885866414e-11,4.0157547084829275e-10,2.367806489969802e-09,3.916484646980964e-05,4.4355889353936356e-14,6.262281672385985e-09,5.3225624194577074e-12,1.4162765981933369e-08,3.1730929490897827e-13,1.0385061615070643e-13,4.824478713541277e-13,2.949084877774701e-10,5.546358148106701e-09,1.1607248167939229e-13,4.1593411815082896e-11,1.1200617662351408e-13,0.0005173823711259248,0.0002514119554210459,1.4277980195911036e-09,2.3826388171895022e-08,6.776046673305462e-09,1.1517116635971858e-10,6.598145167121379e-09,9.531026850893773e-10,6.149810868479849e-10,9.318040329659921e-16,3.34599818043371e-17,1.840546916996534e-19,9.910727170349604e-12,1.3442204969509264e-11,6.859021405953098e-13,1.0988606613219294e-09,1.6359703568172866e-08,5.888278088920427e-12,9.186498003614071e-11,0.00042354716851516756,6.762386799844124e-14,1.0296138538750717e-06,1.747820179540941e-09,8.90643814136235e-13,6.151681003202078e-07,1.4115867808877396e-16,8.90443584358996e-06,3.891749275604237e-09,3.970150406723891e-15,3.660605996025977e-08,1.141921782138686e-16,0.003618158575239299,2.4627234772597357e-08,1.5002108349930293e-08,3.189227404141262e-13,2.7860452687751797e-09,4.800992419833471e-05,1.2632772043891234e-10,8.057837225129701e-12,3.584904016423464e-10,0.006509935095169622,1.414890015793378e-09,2.6124466855827897e-09,1.7701789872951928e-07,1.8202105297709725e-12,6.545938915304956e-13,3.876496568491981e-12,1.7172802409016575e-07,0.0013236656167833376,2.6996373344552075e-05,0.00015295404518772022,4.506195010237808e-13,4.5564949042676846e-10,1.2575587458008089e-09,4.3844876097957435e-05,2.5209284184308895e-16,2.0556473438445066e-17,2.999717200361749e-17,4.35521279819264e-14,0.00038286751838591195,1.5520830414437467e-09,1.1085613108437243e-06,5.578330055067319e-19,6.984626632339128e-08,3.515482822328228e-10,8.643515650040778e-09,8.440293038974519e-14,3.496518768542725e-12,6.520059985153404e-09
0.057312499999999995,0.3400478191737652,1701.4384285529025,0.20720406730646365,0.6166842892098086,7.901581261915755e-17,0.0002069884825978924,4.8158798752619956e-05,0.0034313903701283467,0.03149041119920459,0.0798927314763013,5.334583775697354e-11,5.103639519562361e-09,5.789897483592149e-06,2.5205666989539795e-06,0.0016885534777943932,0.0,0.0,7.22842563154584e-06,2.2741059627815182e-07,0.04903238944557169,0.06633748594890015,8.082652177695232e-07,3.723854618062152e-07,0.00040853684207428864,2.939997169024449e-05,7.729884484465358e-06,4.5396314297619847e-07,0.006610104350733245,1.827138803121818e-07,4.263964496844515e-08,6.384430780111733e-06,7.528093423182327e-09,3.827635022536663e-05,1.1947965473545714e-06,0.0010569131636262836,2.1654037707757174e-06,4.067400738503413e-07,3.133031904134777e-07,1.52541801700285e-09,4.328970694740124e-08,3.1126875602875715e-06,4.3026847519520645e-09,0.01564306392266183,4.088602781766434e-05,4.2687559273387414e-05,0.005232496620558147,5.018089991950954e-05,3.848367213028139e-09,0.025415238081731295,0.019794338162433818,1.1626166598087783e-05,0.000393025508906907,0.016301299688868103,0.04699871630039473,1.5242079643713736e-06,0.0004723318746920429,1.489747301995877e-07,1.5782266407398023e-08,1.6380041569091797e-09,9.464327853726211e-13,2.869128819969574e-17,6.569337367546015e-18,1.1092102794220022e-06,1.2553508825396822e-11,1.4892869455538414e-10,2.3271086287636294e-09,4.007200986179001e-05,1.8016741350027162e-14,1.4588252974938741e-09,1.479242048148543e-12,7.642229367602955e-09,2.932785644712226e-14,1.405648531720555e-14,2.4119609771575224e-13,3.6315740473103523e-10,8.086504143196534e-09,1.4689930272679386e-13,2.1457339402105625e-11,2.7167629981946293e-14,0.00033272529221187744,0.0001815240602088005,3.9741281438135157e-10,1.6345627564384114e-08,7.290071475070444e-09,7.575890893735932e-11,4.562210798201105e-09,4.812210070061145e-10,3.2661525717153725e-10,1.3723217480604044e-16,5.0346418526119845e-18,1.7029909131465362e-20,1.9269697414347068e-12,2.9349964775896217e-12,1.4375528478907066e-13,7.296073829266317e-10,6.6610097875178486e-09,6.1292925557952745e-12,4.246200537788924e-11,0.00042363962840434507,1.321810426654085e-14,4.491762265120029e-07,5.188897536016516e-10,2.559612353775825e-13,1.4752318576697796e-07,1.8389049554326705e-17,8.916383565487708e-06,3.944119089247712e-09,1.7844089549624876e-15,9.262025927883445e-09,2.252781587911357e-17,0.0033339539486483337,4.528660624409483e-08,4.940666473859031e-09,3.454868459111004e-13,1.5036714181147869e-09,1.9032708209680465e-05,4.333086239185761e-11,3.628253227833844e-12,1.7282683572924121e-10,0.006409155039866123,9.472978354874156e-10,2.630391934682538e-09,1.4412630264010035e-07,6.687772127759464e-13,2.2095352523069228e-13,1.1206550000161199e-12,4.60044535898653e-08,0.0013204831921521077,1.4321625915348093e-05,0.00012091696522467023,8.16538743576187e-14,2.2749513716480984e-10,5.881776619654192e-10,4.3833274898792286e-05,8.391035647848664e-17,7.258509616651581e-18,9.86159287286393e-18,7.930537800426605e-15,0.0003563182903052721,1.8219419566102973e-09,8.150403265991627e-07,2.0901191091674947e-19,4.303071772181767e-08,2.3852121736078903e-10,8.933818666934794e-09,1.8310897296762126e-14,2.523262638877796e-12,5.743918461969508e-09
0.057374999999999995,0.3487954378041382,1744.4263174393946,0.20200749007757798,0.6167277767911452,7.909306232656021e-17,6.856397263235187e-05,6.787509675303761e-05,0.0025421554095420183,0.02631113250627624,0.08185210869554103,1.8404778912365118e-10,1.0974520906455473e-08,7.932407009264563e-06,3.1260327423662386e-06,0.0017092426634542747,0.0,0.0,6.4586598411911304e-06,1.7015130148386972e-07,0.05031493681359241,0.06994681535672932,8.548821097993282e-07,5.934172741157103e-07,0.0004033280202751503,2.946732904605281e-05,8.791721782241613e-06,6.520682366908199e-07,0.006268449006177842,2.395076822769264e-07,6.317994891936502e-08,6.358872328297413e-06,6.722345025438069e-09,3.905267209392408e-05,1.1780877508545978e-06,0.0007971190277065691,1.3908273800991978e-06,3.042415432527664e-07,3.8967284501221545e-07,1.5583775963359044e-09,3.190100740341131e-08,3.0322335361885365e-06,6.951177244411798e-09,0.0157449901478451,2.6051994262798468e-05,1.9527867932358536e-05,0.005080510918779293,2.918484638477286e-05,2.084213340887314e-09,0.025924357827202205,0.020055571055231328,1.0103160236005714e-05,0.00016610166954058884,0.018660805139277908,0.04472647909263599,1.3294794503466319e-06,0.00047881344118057897,5.9179126245246985e-08,1.2388140113769189e-08,7.568019228608278e-10,5.253793304936668e-13,3.8910531192750954e-18,8.950579564497609e-19,3.64250139248231e-07,4.73262224967841e-12,5.2578679471995714e-11,2.190458070553608e-09,3.945935986231914e-05,6.699923683835954e-15,3.380159459643142e-10,3.9276626735380724e-13,3.775844481205068e-09,2.6300815935359697e-15,1.7488305133096119e-15,1.1203047372460994e-13,4.248805526592398e-10,1.0651432431172053e-08,1.7078822725134438e-13,1.0443678957222517e-11,6.389130218232521e-15,0.0001960410335423434,0.00013963216713120617,1.0413682131820574e-10,1.0725375959391359e-08,7.52642371014624e-09,5.7092241155448584e-11,2.6637506797232127e-09,2.4063415901241604e-10,1.4999175469344968e-10,1.8544726136921317e-17,6.87938824529769e-19,1.4668570292231521e-21,4.2497579166299117e-13,7.137093177824667e-13,3.389443848228348e-14,6.044935601122729e-10,2.446927552989557e-09,6.031587188592019e-12,1.8158926515800962e-11,0.0004336530623345739,3.2317479138569146e-15,1.7769918141233384e-07,1.4469993020919126e-10,6.924852692888242e-14,3.779703199792014e-08,2.115310511382096e-18,8.921365943923325e-06,3.882950284672755e-09,1.0146511394877045e-15,2.252381623472356e-09,4.221985141248663e-18,0.0030483806222090324,7.591401796035382e-08,1.4998042432159746e-09,3.495298649558248e-13,8.278901819703067e-10,6.54740071570746e-06,1.9086654026070803e-11,1.4482072777576459e-12,7.330258827034112e-11,0.006300629877059944,6.588007682856113e-10,2.537813961526026e-09,1.1543899918987183e-07,2.4792564352816706e-13,1.0369875904357883e-13,2.986572674048752e-13,1.5346001411759555e-08,0.0013170216333725933,6.612071696525722e-06,9.433125569097604e-05,1.8680898577056676e-14,1.560832129762166e-10,3.8464168268273493e-10,4.382033450772005e-05,2.5989221420776898e-17,2.3656920310606525e-18,3.0209308287233177e-18,1.8240463344203813e-15,0.00031997727608999255,2.0020246614700374e-09,5.746207467393399e-07,7.181867319363803e-20,2.2656590962770944e-08,1.5685560503616196e-10,9.107103975013643e-09,4.9215952263711446e-15,1.7515669108515506e-12,4.451607366465871e-09
0.057437499999999996,0.3566311264604724,1783.1740497202659,0.19756910285468549,0.6167132675398765,7.915506243598097e-17,2.7700151172370224e-05,9.030484922225542e-05,0.0018540436187126667,0.02169053527610164,0.0835222022619623,5.186308242029959e-10,2.0245069786201896e-08,1.0240181721890386e-05,3.6983634479175896e-06,0.0017250722535528742,0.0,0.0,5.5146527443900794e-06,1.2559740931085917e-07,0.05140031725449055,0.07332914826783439,8.586994619797285e-07,8.542941914311056e-07,0.00037515069122382436,2.8390795757017152e-05,9.337001058300497e-06,8.493725054256863e-07,0.005848124256454996,2.8352054118620356e-07,8.385367449475786e-08,5.958264309125434e-06,5.696133915730873e-09,3.979087658389161e-05,1.0590948657911426e-06,0.0005645569258579486,8.536503903531547e-07,2.1107999435883173e-07,4.3565912332787186e-07,1.4375326658421115e-09,2.2145485747777815e-08,2.689575300904199e-06,1.064407563345634e-08,0.01582049711048034,1.710503564809319e-05,9.615531757657186e-06,0.004966943424431289,1.5880033126618816e-05,1.0294492243504235e-09,0.026334354787619328,0.020204683748643607,8.891347215713956e-06,6.564842070952148e-05,0.020663891017536615,0.042778362720940044,1.1687373701470497e-06,0.0004846698920801989,2.569875709427539e-08,1.0678786551819858e-08,3.9577577649008714e-10,3.2968993066569574e-13,7.61956949717852e-19,1.7600574874814872e-19,1.4335610335301504e-07,2.107923564351113e-12,2.2124550907147397e-11,1.971814911822818e-09,3.7466501544004275e-05,2.869695312467063e-15,9.643615968617053e-11,1.1911470005987464e-13,2.147403696678148e-09,3.6089076093243265e-16,3.077062675041627e-16,5.962131015540356e-14,4.738252832396135e-10,1.2532853044679277e-08,1.8035775601763164e-13,4.817883636850498e-12,1.8178304938493656e-15,0.00010797925644619447,0.00011207908182685282,3.235477940751828e-11,6.7596665228151635e-09,7.446375694287876e-09,4.938095233480634e-11,1.3899555458014862e-09,1.4654635643812817e-10,6.279102222606535e-11,3.499952804484379e-18,1.3129777862341682e-19,1.8114419886286338e-22,1.2462882609865716e-13,2.247728013342926e-13,1.0507503802019407e-14,5.21652604491243e-10,8.633038634567164e-10,5.6938585427111346e-12,7.602722884939726e-12,0.0004414024114175277,1.0827326385595428e-15,6.921678279081387e-08,4.470931879723286e-11,2.08911798454468e-14,1.2118334696317781e-08,2.8719910987524473e-19,8.924017784360887e-06,3.704525432440201e-09,6.099397919356047e-16,6.570027736061528e-10,9.474596443758685e-19,0.0027685507976159284,1.1615455519529705e-07,4.476795684782473e-10,3.2706545565490337e-13,4.737116009212019e-10,2.070947733946961e-06,9.009736274893943e-12,5.468225807895309e-13,2.918264708148475e-11,0.006185694509977289,4.6298294947049806e-10,2.372186133506877e-09,9.194950898007623e-08,1.088358023729514e-13,5.4816721501856026e-14,7.975287755113749e-14,6.974684974599023e-09,0.0013133458201354756,2.6869183716189197e-06,7.2975378664069e-05,5.911042626002508e-15,1.1879517958673798e-10,2.817563901419387e-10,4.380780613707264e-05,7.936222609651464e-18,7.542742766791973e-19,9.137019171591477e-19,5.802512153642592e-16,0.0002786492263308101,2.065286585927578e-09,3.915371077178895e-07,2.3980740724721263e-20,1.0311073440195537e-08,1.0060332937611996e-10,9.124582022058655e-09,1.7933577217708827e-15,1.1769355504365497e-12,3.098963660242409e-09
0.057499999999999996,0.3635017700418937,1817.2884924280986,0.1938348012302269,0.6166718891127314,7.920878617474545e-17,1.6448121850766018e-05,0.00011279477176892789,0.0013471606948613484,0.017693941487082934,0.08489118040309261,1.1818600149164774e-09,3.187687879757991e-08,1.2426695159068781e-05,4.1324380938541595e-06,0.0017371458441269106,0.0,0.0,4.52857874854571e-06,9.226777414073011e-08,0.05229385251595948,0.07641095124769201,8.182059175364052e-07,1.1101581921439034e-06,0.00033188788566463506,2.625228997551222e-05,9.288362123281929e-06,1.0051722713327756e-06,0.005382663711790575,3.079001522393431e-07,9.99777121312968e-08,5.2750039471488325e-06,4.632689164167596e-09,3.9861182561936295e-05,8.745462917962352e-07,0.0003789570149320553,5.088463514893597e-07,1.3773618921388917e-07,4.405210088985136e-07,1.2002264366089559e-09,1.4521232452641772e-08,2.179802770164567e-06,1.5306540007303272e-08,0.01588211227902313,1.2164993477295951e-05,5.558319651931764e-06,0.004914571836947441,9.104308402426751e-06,5.240743608469704e-10,0.026668737616215247,0.02025175308547328,8.130537446952936e-06,2.737162503356246e-05,0.022144262288302987,0.04135890862937593,1.039461637655236e-06,0.0004903506811749209,1.4805708051496758e-08,9.998719969582308e-09,2.8374076854168095e-10,2.829994870762739e-13,3.1337343381886087e-19,7.265202653869578e-20,8.136130981949264e-08,1.3368777296970174e-12,1.3369550536920719e-11,1.7031115190272036e-09,3.4439479437048655e-05,1.7144449940131054e-15,4.1111858634078866e-11,5.059293987070953e-14,1.699396060617393e-09,1.09977133794666e-16,1.1171549692931257e-16,4.339169272781014e-14,5.064831674473955e-10,1.3198440443446677e-08,1.7319912753146967e-13,2.138381478520955e-12,7.53894101241794e-16,5.725819969050716e-05,9.269997855142242e-05,1.4476467541630623e-11,4.135294811978191e-09,7.08053034677007e-09,4.52238279813652e-11,7.3284024708077e-10,1.2541435926325897e-10,2.7028466364809452e-11,1.311984068990062e-18,5.107157694176367e-20,4.685182151395536e-23,5.0409527594036394e-14,9.560321938242275e-14,4.4445722711399955e-15,4.4685348918737875e-10,3.2966242295703524e-10,5.221847861517092e-12,3.4967088717845964e-12,0.0004395192218973242,4.800744130117557e-16,3.100061874916769e-08,1.858778107831384e-11,8.558443072848496e-15,5.783090443495703e-09,6.24786598652681e-20,8.925987403190014e-06,3.4294094374411387e-09,3.698523303630351e-16,2.800704367982956e-10,3.0959472214974177e-19,0.0025007668749911617,1.6307446907254152e-07,1.48605812681759e-10,2.834607531722464e-13,2.8923584653684794e-10,6.610349578520259e-07,4.3625689556576786e-12,2.2133950225315026e-13,1.2359630883129687e-11,0.006065824015082533,3.2386037854349205e-10,2.168362345456591e-09,7.342137719113322e-08,6.739192015434276e-14,3.0463283851346394e-14,2.4946755374600264e-14,4.164371555957183e-09,0.001309495658606893,9.858917141082038e-07,5.6099367577725954e-05,2.497307305798726e-15,9.545505243346191e-11,2.1932524016657926e-10,4.379641767592769e-05,2.6855087241916286e-18,2.6458494379592094e-19,3.0667356224148746e-19,2.4637899945017446e-16,0.0002364823553976369,2.0085170419032475e-09,2.5989985715110454e-07,8.751801643173885e-21,4.1642320930092465e-09,6.334937882552598e-11,8.981675818314101e-09,8.552566716858033e-16,7.708567256402203e-13,2.0003411263003905e-09
0.057562499999999996,0.36941298113961396,1846.719247448608,0.1907331338297908,0.6166197957806084,7.925947093630934e-17,1.2765775573913205e-05,0.0001324426070708354,0.0009886346680158952,0.014333011525800252,0.08596905632907657,2.2023484553845217e-09,4.3319887964121713e-08,1.4226653413280853e-05,4.349133337510873e-06,0.0017470891141966782,0.0,0.0,3.6182868681525273e-06,6.818712076013662e-08,0.05301370655277403,0.07914948828435302,7.43688041802178e-07,1.3150933463490705e-06,0.00028329613437403744,2.3420842957991217e-05,8.719539707483414e-06,1.0920451046757474e-06,0.004904719239095615,3.1371254140711154e-07,1.0860697118571092e-07,4.463930487364529e-06,3.6635840113384437e-09,3.9083910959712264e-05,6.758335100263413e-07,0.00024474839090076644,3.010488217618139e-07,8.644710401571703e-08,4.0946069327598476e-07,9.21089709620374e-10,9.090004776691447e-09,1.6358548493527173e-06,2.0668824279542606e-08,0.01593623460202226,9.74027552277136e-06,3.838465756368825e-06,0.004926594308429879,6.1555001644965976e-06,3.0927858404560495e-10,0.02694553009752888,0.020210427472233363,7.862438872494829e-06,1.4166341565293415e-05,0.02304119407463069,0.04053943413449893,9.365974428019037e-07,0.0004959406792236921,1.1119296582401566e-08,9.608141201562957e-09,2.5356359869107877e-10,2.97632868498871e-13,2.1461297399799744e-19,4.991222159733084e-20,5.934153089535698e-08,1.0768935299152935e-12,1.034229050338147e-11,1.4209522071149647e-09,3.081553082813492e-05,1.2803704344166394e-15,2.3427699044490824e-11,2.9022754636070465e-14,1.6733518598135577e-09,5.872134951539631e-17,6.897651730573531e-17,3.83514433774041e-14,5.225869160665976e-10,1.2605749175778623e-08,1.5303919137406638e-13,9.342620405452481e-13,4.066860425012873e-16,3.0176884128237317e-05,7.87637409942757e-05,8.392998292655885e-12,2.4925312083465674e-09,6.510907822524472e-09,4.1377273087974076e-11,4.611617327791447e-10,1.3272283079879692e-10,1.4112283541993777e-11,8.202102273672411e-19,3.3403591371595503e-20,2.0941877021499542e-23,2.8231573593488938e-14,5.5629086897856945e-14,2.5815035131707235e-15,3.780394109953372e-10,1.5251158807949424e-10,4.696792243298198e-12,1.968969304377695e-12,0.00042689660669543896,2.5064901028641165e-16,1.8037531247954034e-08,1.0223785242784446e-11,4.663256114577746e-15,3.6806626204896906e-09,2.1670421273680808e-20,8.927702539814292e-06,3.092909347943969e-09,2.2529413739411796e-16,1.5748635313701903e-10,1.3271063767285594e-19,0.0022499035808420473,2.1187212255955086e-07,6.436442293972492e-11,2.299987990494211e-13,1.9180913833374198e-10,2.410273227776723e-07,2.1701963025758126e-12,1.1306382797675085e-13,6.558945133631677e-12,0.0059427367339976375,2.250469452618617e-10,1.9515239981827234e-09,5.904357279066408e-08,5.3030106425714716e-14,1.752739626554929e-14,1.0335075360430193e-14,2.901244434496508e-09,0.0013054934983662341,3.39656581135544e-07,4.302039202149384e-05,1.2524161514004893e-15,8.011108465481776e-11,1.7930105424218072e-10,4.378626826952094e-05,1.124205174407673e-18,1.1408522450004742e-19,1.2750538891231296e-19,1.2412102052870695e-16,0.00019678530923069822,1.857816735309828e-09,1.6955568864710783e-07,3.901941108391724e-21,1.554197322345834e-09,3.9473215718279185e-11,8.702276361184553e-09,4.751084789993787e-16,4.96337417055225e-13,1.2405952848415331e-09
0.057624999999999996,0.3744224600323762,1871.7054602165374,0.1881812807713598,0.6165647015903382,7.930979854198478e-17,1.0867366210533972e-05,0.00014715965057867232,0.0007423387055644771,0.011570233401298766,0.08678414952714619,3.4440068374395273e-09,5.1949601975287414e-08,1.5484788786765247e-05,4.32758752097492e-06,0.0017564739672756523,0.0,0.0,2.8494093436392853e-06,5.1128214025673544e-08,0.05358648546764727,0.08153632686498634,6.517804367460579e-07,1.4436833811440466e-06,0.00023714436614210975,2.03709127817209e-05,7.80176464327113e-06,1.1059664407662075e-06,0.0044412185426075754,3.0696049396470973e-07,1.0971020892686682e-07,3.6689695344674226e-06,2.8527224744031334e-09,3.756922037531939e-05,5.013379563473986e-07,0.00015495604272577353,1.8094710527806882e-07,5.357415614695277e-08,3.5768429532581776e-07,6.660556451901037e-10,5.522218699326175e-09,1.1601769388877912e-06,2.634475675594198e-08,0.01598554989395459,8.85176135891445e-06,3.013551894836317e-06,0.004995196264723932,4.9090834208385064e-06,2.126562136420268e-10,0.027177218124479343,0.02009665648814385,8.050114633539605e-06,9.654082873158381e-06,0.02338867300259762,0.04028474131802979,8.54465295482037e-07,0.0005013912847836061,9.325061842288951e-09,9.172011805390369e-09,2.3845823958098725e-10,3.2479750033307905e-13,1.7287464361314677e-19,4.031244847403393e-20,4.677570045190056e-08,9.28807875799742e-13,8.626041095506397e-12,1.154498576973868e-09,2.7001307447215277e-05,1.0118347472978432e-15,1.487386568829266e-11,1.8987864794473833e-14,1.7317065475508536e-09,3.85432110126673e-17,5.138237463371887e-17,3.472628940354892e-14,5.243416909115833e-10,1.1138465519679783e-08,1.2668467806549658e-13,4.123674706750248e-13,2.4020582614042286e-16,1.6223731409625127e-05,6.875157521739294e-05,5.359365758853694e-12,1.5044029156733407e-09,5.835162151135373e-09,3.7143838505439737e-11,3.691897009126434e-10,1.4755484993311202e-10,9.517593873638969e-12,6.194046683543771e-19,2.6101243133417508e-20,1.1482590640566231e-23,2.0056242675841958e-14,4.078720999994726e-14,1.8901246943087204e-15,3.167349813724981e-10,8.544968059893007e-11,4.170522680848751e-12,1.351104435117086e-12,0.0004060775333403763,1.435078002914678e-16,1.2976300270092993e-08,6.375886395262629e-12,2.8887025166677168e-15,2.583475295000237e-09,1.0044326969425752e-20,8.929213723455792e-06,2.731974673885306e-09,1.3830423790847703e-16,9.866081060570339e-11,6.348601520642424e-20,0.00201907684335338,2.5742296604152923e-07,3.8340186958514435e-11,1.7755059852071125e-13,1.3822092770685364e-10,1.1122646701082441e-07,1.1197693309710556e-12,7.714501751778188e-14,4.619507221082116e-12,0.005818265841087693,1.5602113512494127e-10,1.7374530677812812e-09,4.790943063360178e-08,4.4233672907961635e-14,1.0416598743819052e-14,5.398171350961194e-15,2.193373567788248e-09,0.0013013530066262903,1.162222891602251e-07,3.312591219514612e-05,6.936573211433561e-16,6.985282495759707e-11,1.5302521394874616e-10,4.3777116481652e-05,5.802707811498864e-19,6.032232088450525e-20,6.544227517967984e-20,6.901740913939395e-17,0.0001617512338347926,1.656096346598641e-09,1.0975438770065949e-07,2.121471870027249e-21,5.681322643890766e-10,2.4553457682650905e-11,8.324319917863634e-09,2.865575329814497e-16,3.171993858201808e-13,7.621557367354712e-10
0.057687499999999996,0.37862206051177977,1892.6733741989926,0.18609401818937577,0.6165102442800703,7.936084951321068e-17,9.460953345240351e-06,0.00015618827593424635,0.0005761273422056584,0.009335561314993334,0.08737531954574779,4.669187846857087e-09,5.646272165519154e-08,1.6178648118564974e-05,4.105018260452057e-06,0.0017664218603785592,0.0,0.0,2.2361008163249897e-06,3.90722944684293e-08,0.05404183610414427,0.08359002823280028,5.580024423191158e-07,1.4962436538415107e-06,0.00019763794437952206,1.7486838837974927e-05,6.726475411487565e-06,1.0614758481606861e-06,0.004010358038391845,2.9397655298113793e-07,1.0529670751763835e-07,2.9780355923676107e-06,2.2127980753738255e-09,3.555710795872586e-05,3.663319491589467e-07,9.808491524321263e-05,1.1278139025277801e-07,3.361270975286932e-08,3.0050127431587874e-07,4.672167235584085e-10,3.319421714205067e-09,7.962381291922207e-07,3.1939321581432114e-08,0.01603105036655016,8.94095506444697e-06,2.54985676047811e-06,0.00510859420846874,4.270523681168725e-06,1.5829314904133055e-10,0.02737245877741402,0.019926737653038682,8.625788243027405e-06,7.876372444495782e-06,0.02327892477278241,0.040497973157308936,7.880265126206011e-07,0.0005066262666065331,7.984129462172462e-09,8.631176373373873e-09,2.2072318781145182e-10,3.460353359910356e-13,1.4286502732872257e-19,3.338899572457314e-20,3.729037942300314e-08,8.036567588868556e-13,7.260876203549233e-12,9.206466230443039e-10,2.329923047966579e-05,7.955269571761614e-16,9.768379330876244e-12,1.2945249639748747e-14,1.7678125906347477e-09,2.694184623533696e-17,3.9866692229087717e-17,3.033268685687394e-14,5.151508760493254e-10,9.303210832342734e-09,1.0017564454757647e-13,1.8833830580732482e-13,1.4541991928022141e-16,9.034478067520235e-06,6.158420053975785e-05,3.554819765176442e-12,9.22396003368655e-10,5.136673843517091e-09,3.2726465604037625e-11,3.43641861788177e-10,1.6159989860647877e-10,7.570062897632467e-12,4.874128226013058e-19,2.1064217843461433e-20,6.666443209939025e-24,1.6036383077520735e-14,3.349171064593404e-14,1.549652218603254e-15,2.637832853516551e-10,5.353936598295659e-11,3.671925914030646e-12,1.03953381131757e-12,0.0003804705787423627,8.800504766790473e-17,1.0269614749324768e-08,4.1215414114295025e-12,1.8606362749373338e-15,1.8517178333496858e-09,5.351318919025712e-21,8.930497454848861e-06,2.3762974100201026e-09,8.586017938794853e-17,6.46138844114892e-11,3.197425468616013e-20,0.0018097033654003664,2.9570574308155054e-07,2.8338769023764026e-11,1.3266046617930919e-13,1.0682423422831512e-10,6.517486091808651e-08,6.046003013428056e-13,6.371724226116308e-14,3.9165880421182605e-12,0.005694146028438697,1.0849507185728875e-10,1.53509242090953e-09,3.923375895475967e-08,3.6483639568533526e-14,6.393492085259221e-15,3.161125624525898e-15,1.7561471251417578e-09,0.0012970855344997102,4.2835494102143635e-08,2.5800309651089882e-05,4.139735147380837e-16,6.291881167649715e-11,1.35468602864294e-10,4.376860952680471e-05,3.4002244301901076e-19,3.604402050804821e-20,3.8169771937993187e-20,4.132898081990075e-17,0.00013234463441234853,1.4435771612500368e-09,7.113674712639847e-08,1.297197912217219e-21,2.2104678458615187e-10,1.537681896849141e-11,7.88700896602694e-09,1.8349853617568072e-16,2.0309836115206242e-13,4.731450449865977e-10
0.057749999999999996,0.3821181232690707,1910.1319790083123,0.1843914191057596,0.6164582250319118,7.941309205513258e-17,8.277278457573474e-06,0.00015994288926162917,0.00046491053433588204,0.0075454762502680794,0.0877841725327093,5.669818069046251e-09,5.7084803205163375e-08,1.6384182567112596e-05,3.7505088126469973e-06,0.001777511041240291,0.0,0.0,1.7618576742158183e-06,3.045465511301096e-08,0.054407873856168125,0.0853447110700323,4.724345729371202e-07,1.48947940474974e-06,0.0001659324173015648,1.4979751027942578e-05,5.648286416118375e-06,9.802519142905766e-07,0.0036214385397529015,2.7897661984439337e-07,9.785853418546952e-08,2.4212698233918822e-06,1.7270849628584154e-09,3.329820037006698e-05,2.6925205866940215e-07,6.321363118352315e-05,7.3958032722714e-08,2.1773936808485473e-08,2.4773675632244327e-07,3.2699926828633506e-10,2.0122654323149165e-09,5.412823034174598e-07,3.713335668627186e-08,0.016073135415121006,9.722075145777e-06,2.254404418947388e-06,0.005254972501530866,3.816338523620323e-06,1.2070727534294107e-10,0.027537648952917982,0.019715681682713707,9.522722692934692e-06,6.934321394945003e-06,0.022826235010032944,0.04106016400514909,7.333672082058493e-07,0.0005115781558244412,6.802136359303189e-09,8.019872811622643e-09,1.989122222539106e-10,3.566228681523166e-13,1.173442045314155e-19,2.7475473758346006e-20,2.96791367211647e-08,6.886827435202807e-13,6.083330778550054e-12,7.254258430397655e-10,1.9891983458412258e-05,6.158781250137351e-16,6.516932055503857e-12,8.95802321155199e-15,1.7603353398143483e-09,1.9306105648342802e-17,3.1042762319380007e-17,2.541536086114668e-14,4.985350130784746e-10,7.488812876244915e-09,7.699766836889731e-14,9.063581267466895e-14,8.905018059054316e-17,5.239004153793333e-06,5.6431834637429234e-05,2.4270154987473365e-12,5.805556753599697e-10,4.471812400178571e-09,2.8456895826489525e-11,3.3687378021645355e-10,1.7197795471753558e-10,6.425719073731213e-12,3.8420310403347504e-19,1.6939339207899406e-20,3.94577334272377e-24,1.3466124111910355e-14,2.87547647480971e-14,1.328511044798311e-15,2.1910915836431394e-10,3.5253485049585836e-11,3.2147535469832338e-12,8.405602804191882e-13,0.00035291736528178156,5.731995645348627e-17,8.371889946287102e-09,2.68994249286955e-12,1.214109067918677e-15,1.3348158678670118e-09,3.0237282862960877e-21,8.93154018931926e-06,2.0453926596841394e-09,5.404143919656888e-17,4.3727657184462096e-11,1.6795440241717536e-20,0.0016218228895809907,3.244758869322309e-07,2.3252503831123473e-11,9.739980644621434e-14,8.699290379155152e-11,4.5059205656807905e-08,3.4356123152759347e-13,5.723261960832573e-14,3.594362580017667e-12,0.005571836260811449,7.598703777980598e-11,1.348889966872304e-09,3.240390853525571e-08,2.948358698371825e-14,4.050479133639752e-15,1.9410440961178507e-15,1.4764157246699647e-09,0.0012927032428332237,1.8746754683233822e-08,2.0448850575418843e-05,2.6371674752968924e-16,5.8180676809727304e-11,1.235404426490368e-10,4.376042240198535e-05,2.120089212541553e-19,2.283152523517857e-20,2.3709295495551185e-20,2.6403283714498777e-17,0.00010852866496168936,1.2465691980790851e-09,4.651847973369026e-08,8.374296013855249e-22,1.0111406357050253e-10,9.763475491610083e-12,7.423883135290521e-09,1.23864422590886e-16,1.3130934707873932e-13,2.996935957414366e-10
0.057812499999999996,0.3850166752644511,1924.5961043811035,0.1830032560033695,0.6164096060032181,7.94669035726643e-17,7.250889624958692e-06,0.00015950821177305503,0.0003906426961992884,0.006117469544606493,0.08804965369083381,6.346166285650623e-09,5.4896044080750375e-08,1.6223037905772637e-05,3.335200793751792e-06,0.0017898889177909356,0.0,0.0,1.3994113356399394e-06,2.417312596643708e-08,0.05470848392073156,0.08684014673485137,3.9945689557205325e-07,1.4443332650308421e-06,0.00014140652949594474,1.2909697230518983e-05,4.663817498411379e-06,8.821251466703345e-07,0.003276842081226437,2.6396578766846916e-07,8.93685284326553e-08,1.9918538708974743e-06,1.366681941471066e-09,3.0990891968410624e-05,2.0169096635293823e-07,4.206886120808738e-05,5.1390302717570336e-08,1.4742728555003654e-08,2.0348340511587631e-07,2.3354846554102774e-10,1.2494734353279417e-09,3.7164688818042496e-07,4.172211077650962e-08,0.016112058480373042,1.1061528769601011e-05,2.051961077433637e-06,0.00542414139735668,3.4193730522487087e-06,9.244294061884711e-11,0.027677829439103224,0.019476271366592177,1.0685717838096402e-05,6.267523687328028e-06,0.0221424276330158,0.04185573109852841,6.876904544035986e-07,0.0005161978549743342,5.7489750027135455e-09,7.382751756116275e-09,1.7520935017552122e-10,3.567760128696025e-13,9.536795264102623e-20,2.2364172584611848e-20,2.3595492677171424e-08,5.847173160772153e-13,5.070662805259995e-12,5.678057339857926e-10,1.686344856617144e-05,4.704355779082232e-16,4.402890493616115e-12,6.254877937288948e-15,1.7129393968999764e-09,1.4040607789299666e-17,2.410158223615336e-17,2.0594371036209163e-14,4.77502993557562e-10,5.900001477740016e-09,5.831453369581403e-14,4.643625867631373e-14,5.514830033867102e-17,3.1604258266436465e-06,5.2666408538553275e-05,1.7070939918663024e-12,3.772798843046101e-10,3.871073082183718e-09,2.456608222276774e-11,3.323401074250919e-10,1.7801737207076998e-10,5.5570405858759644e-12,3.013029252368841e-19,1.350290315120098e-20,2.362732945600807e-24,1.1550730046364082e-14,2.5120735764682837e-14,1.1591232720809194e-15,1.8204294119845364e-10,2.3750596641226605e-11,2.8036545959426645e-12,6.942589301530137e-13,0.00032535296903924506,3.936700900368166e-17,6.878652997171728e-09,1.7652891038205444e-12,7.990438805512856e-16,9.685636418804782e-10,1.7564405503689455e-21,8.932350739659172e-06,1.7495811689902686e-09,3.453928872614788e-17,3.0566004795555214e-11,9.202172951642232e-21,0.0014545142577760742,3.431933338219646e-07,2.0019725708784043e-11,7.108777111603442e-14,7.346741117751648e-11,3.428899815429817e-08,2.058844899662989e-13,5.3041823378488805e-14,3.390276679583525e-12,0.005452433426422517,5.373238308569697e-11,1.1804766463003566e-09,2.6962603167803716e-08,2.3485238794784025e-14,2.6453773734338355e-15,1.2209212276926153e-15,1.2945038840738014e-09,0.0012882198469445862,1.0308161119833593e-08,1.655331951436628e-05,1.7787481776532537e-16,5.4904648709544873e-11,1.1530037762643866e-10,4.375231389151448e-05,1.366342491531113e-19,1.4903311442499598e-20,1.5232819492987355e-20,1.7851264185932798e-17,8.966898951817842e-05,1.0769267981988789e-09,3.085741990377523e-08,5.552119840657789e-22,5.7640049435784735e-11,6.315662607571467e-12,6.960647040647239e-09,8.760713628042956e-17,8.620023375480961e-14,1.9421835829799872e-10
0.057874999999999996,0.3874149505068433,1936.542171060045,0.18187038731831076,0.6163649233898845,7.952273003904356e-17,6.3559856697872276e-06,0.000156157702022443,0.0003409402172069082,0.004978097383280594,0.08820533305914921,6.701307864958926e-09,5.1106665025654714e-08,1.5820697735735946e-05,2.9143313661405556e-06,0.0018034434682916189,0.0,0.0,1.1219513655126342e-06,1.9485714686182785e-08,0.054962458253558465,0.08811542070847478,3.395676007898864e-07,1.37858616437589e-06,0.0001227447624669772,1.12469243137537e-05,3.817153755706609e-06,7.812966172006159e-07,0.0029746563307379075,2.4955668148851106e-07,8.102827223832653e-08,1.6671816861796512e-06,1.1015311571162966e-09,2.8766749970945425e-05,1.5476151936173942e-07,2.9097509134628286e-05,3.7840965691431036e-08,1.0481171154286136e-08,1.681848012211773e-07,1.725195517385807e-10,8.018781072607029e-10,2.608632936939257e-07,4.561368868003791e-08,0.01614806236690641,1.2902321765970138e-05,1.9082594160769413e-06,0.005607973096427534,3.0531317399097097e-06,7.09461254019253e-11,0.027797119545900754,0.01921876484943804,1.2069662026750466e-05,5.713595667294662e-06,0.021324039847102003,0.042785367750879696,6.490974498928198e-07,0.0005204550967806395,4.832740316059884e-09,6.753604256211001e-09,1.5180671992248491e-10,3.483407149982006e-13,7.678523870205692e-20,1.8029265274102963e-20,1.8792747918403302e-08,4.932782081587508e-13,4.213817205603122e-12,4.4323596293529105e-10,1.4230776043379829e-05,3.558135050681089e-16,3.0126933387280753e-12,4.4014421736418115e-15,1.6353579359627376e-09,1.0327153527699711e-17,1.8662932897221334e-17,1.6300438241244407e-14,4.5434501480786467e-10,4.600091026076041e-09,4.393325559422996e-14,2.5388736528157005e-14,3.459998075318688e-17,1.9684085588054025e-06,4.982899782314387e-05,1.2374476009642488e-12,2.535252138578357e-10,3.3461194822647616e-09,2.1162441059683632e-11,3.253606038076849e-10,1.7997948832021645e-10,4.8244456332108985e-12,2.352653930373366e-19,1.0683469463338334e-20,1.4295197122002614e-24,1.0019426076557984e-14,2.212096676795336e-14,1.0196103574598655e-15,1.5163555358587015e-10,1.6230232418680947e-11,2.438187953896239e-12,5.801540449288539e-13,0.00029894708335788584,2.8267932412387663e-17,5.67031355532763e-09,1.1662851458007147e-12,5.307049115123673e-16,7.098402941313068e-10,1.0385600128659858e-21,8.932953523157584e-06,1.4924284092058122e-09,2.2431496079376372e-17,2.2057215595630975e-11,5.254669962321789e-21,0.0013062862224507913,3.525529315838326e-07,1.767570081766828e-11,5.198015414586927e-14,6.355711888031285e-11,2.758581268234638e-08,1.299551265052556e-13,4.9724827984888237e-14,3.2243299166804636e-12,0.005336672249192877,3.8403275941305056e-11,1.0297990054369674e-09,2.2573849635303793e-08,1.857948465611467e-14,1.7782398160268795e-15,7.816417036939967e-16,1.1747215086921472e-09,0.0012836501550429996,6.8508499597951e-09,1.370023461671816e-05,1.258578880454839e-16,5.260953667250729e-11,1.09511169208909e-10,4.374413099350768e-05,9.005917931548649e-20,9.925150238479953e-21,1.001505188389347e-20,1.2655926314637855e-17,7.489881187618114e-05,9.365633131485401e-10,2.0825491576231585e-08,3.745036249577569e-22,3.945047523460351e-11,4.172517792171817e-12,6.515443040809355e-09,6.44443752446373e-17,5.763699441929479e-14,1.2821128244599334e-10
0.057999999999999996,0.39097025566420673,1954.1614765984714,0.18021654876105767,0.6162883044806596,7.964174342239041e-17,4.911093289831456e-06,0.00014429050517939768,0.00029028199716381005,0.003382413847772892,0.08826987974709465,6.583419270781144e-09,4.190855224201263e-08,1.4619014216362923e-05,2.169897602065114e-06,0.0018333289181905895,0.0,0.0,7.520647167358122e-07,1.3318404587367194e-08,0.05537207737198951,0.09010859950605637,2.543703799930573e-07,1.2276941439394734e-06,9.888828179812323e-05,8.94977228590489e-06,2.554928775409071e-06,5.996946235746407e-07,0.002486259084812436,2.2464804477946054e-07,6.676921569529374e-08,1.252800852546553e-06,7.695583155405701e-10,2.4829512570250213e-05,1.0028670937782953e-07,1.7080963463614268e-05,2.4616435942613485e-08,6.26512420776951e-09,1.202498609707222e-07,1.1057657092772124e-10,3.9206869058542346e-10,1.524841662432497e-07,5.112639026596403e-08,0.016211980830453065,1.80252911703376e-05,1.735826023193492e-06,0.006000380647367532,2.412888818056516e-06,4.314510854374988e-11,0.027983054631183148,0.018674033289918627,1.5363502205491553e-05,4.7958075661453945e-06,0.019512615860384216,0.044811782166820344,5.880463063130902e-07,0.0005278295191744484,3.403087143880627e-09,5.59639464293094e-09,1.1074104040841653e-10,3.146195253803664e-13,4.905659100436511e-20,1.154003053807379e-20,1.2115762680518027e-08,3.4843027528871857e-13,2.9119386801880056e-12,2.73993601013264e-10,1.0193643237954626e-05,2.0312976762357316e-16,1.4844899024194488e-12,2.2627397654758234e-15,1.4298743500280988e-09,5.786080690780818e-18,1.1222449056510229e-17,9.853030587225198e-15,4.077831021031822e-10,2.8182825947251126e-09,2.5428341526524117e-14,9.503795238087057e-15,1.445952268680394e-17,8.851607499709023e-07,4.595166739159473e-05,7.179350271134815e-13,1.2908665388041136e-10,2.5172302478425844e-09,1.5822164182083176e-11,3.0289414662411416e-10,1.7414870145200838e-10,3.645744636990638e-12,1.4338077618390576e-19,6.6290715321422714e-21,5.506014921987528e-25,7.738446673898619e-15,1.7467265955182e-14,8.037998182110259e-16,1.0679585829405801e-10,7.972471985685203e-12,1.858282905242214e-12,4.1641533203443206e-13,0.0002515761006652342,1.6413742866474235e-17,3.903047663098459e-09,5.310285402719065e-13,2.454365872413331e-16,3.974960535025421e-10,3.8674579922404514e-22,8.933629246327355e-06,1.0881972412345904e-09,1.0087816004689848e-17,1.272783764267632e-11,1.9762378095218793e-21,0.0010621211373714014,3.484520610248114e-07,1.4438802283931394e-11,2.8822203131330174e-14,5.0339557910383344e-11,2.0140935714432345e-08,6.053632054117025e-14,4.431106132290626e-14,2.9342724178450997e-12,0.005117694686001137,2.0565710587649158e-11,7.887419149026054e-10,1.6287736391169548e-08,1.1654627596147488e-14,8.729012025600946e-16,3.4161432960085226e-16,1.0455123384021213e-09,0.0012743129447631188,4.460065739940015e-09,1.0163645506382391e-05,7.153232376350891e-17,4.9903268544570966e-11,1.0261308631187256e-10,4.372732553284737e-05,4.1975226660759936e-20,4.6953741493276985e-21,4.650783313088493e-21,7.214209200898672e-18,5.506353115841706e-05,7.411647755709339e-10,1.032101377097138e-08,1.8050803784099255e-22,2.6804641513502584e-11,1.9999802154900538e-12,5.708309062009124e-09,3.87671120407074e-17,2.8112745009726334e-14,6.271897809292394e-11
0.058124999999999996,0.39341596971875187,1966.1369546864485,0.1790962181689391,0.6162272400527693,7.977371582987257e-17,3.8132872152861085e-06,0.00013125188789867175,0.00026866699817318205,0.00233456698820186,0.08815781970614878,6.019477656776167e-09,3.3757363876207524e-08,1.338673538195026e-05,1.6193789087854283e-06,0.001865065564343065,0.0,0.0,5.191970471335868e-07,9.422189234059879e-09,0.05572009441525976,0.0916003765941617,1.991462373287517e-07,1.087389711457377e-06,8.456126609679185e-05,7.464107926195654e-06,1.745460142213396e-06,4.5998818861751626e-07,0.0021084365590905187,2.0173330271621954e-07,5.6023671371884466e-08,1.0079050912356156e-06,5.789276767075586e-10,2.158344667255081e-05,7.046171342665721e-08,1.1783980601580492e-05,1.8606408518713003e-08,4.336773301429658e-09,9.102625959086885e-08,8.137854625515231e-11,2.239490529793682e-10,1.0280293239267217e-07,5.44103471576139e-08,0.016267483784699152,2.4809972657076557e-05,1.6496880571301011e-06,0.006397741961019536,1.9042340107643221e-06,2.7740258630269566e-11,0.028121281543487083,0.01812573282558432,1.9093258838589134e-05,4.025446766267783e-06,0.01781989729843121,0.04670281426019564,5.435620581750708e-07,0.0005338089501409961,2.420704664363032e-09,4.622864973544778e-09,7.992622475575713e-11,2.7117732561311495e-13,3.094489549704505e-20,7.288657007209027e-21,8.049783113944066e-09,2.469057194851399e-13,2.033336483322538e-12,1.7202572477732112e-10,7.2889454400579365e-06,1.1503462208837405e-16,7.738302903250453e-13,1.1962554425661297e-15,1.2057496887688454e-09,3.3429900836889393e-18,6.786003050105413e-18,5.898238045262027e-15,3.642153200810774e-10,1.7580701230693509e-09,1.5087411157420833e-14,4.3002348212400625e-15,6.425288626331701e-18,4.3812157865434377e-07,4.3019453263266665e-05,4.547229797823391e-13,7.258028170411749e-11,1.927890498930979e-09,1.20905990189937e-11,2.7248552429665295e-10,1.6037326206776568e-10,2.764251319068843e-12,8.785962537838918e-20,4.094100226032254e-21,2.208919331538413e-25,6.096580205234704e-15,1.3968792727777412e-14,6.420916866383586e-16,7.695904949827159e-11,4.091044916124512e-12,1.4106119623114564e-12,3.080827255951977e-13,0.00021249851792237912,1.0382327069042571e-17,2.747509813082744e-09,2.5246916048660463e-13,1.1879111446924314e-16,2.369146844605326e-10,1.5211833929946133e-22,8.933871321586265e-06,8.026590659374695e-10,4.8128619082814545e-18,8.03696559761529e-12,8.371970804245745e-22,0.0008696147089131498,3.2512814970689813e-07,1.2127660630297097e-11,1.662244683862844e-14,4.070849862635345e-11,1.576118182563375e-08,3.26877450770985e-14,3.944829381837514e-14,2.649434863205498e-12,0.0049145704684885735,1.1474622424966378e-11,6.008466691353033e-10,1.1921622856199476e-08,7.525937931496082e-15,4.683323236504197e-16,1.58613851143772e-16,9.84582535845066e-10,0.0012648048009561465,3.3366386673345174e-09,8.05040265422788e-06,4.4603433711896315e-17,4.8444747193629045e-11,9.88437465994107e-11,4.3709809376395445e-05,2.0792832927024035e-20,2.3490272077098036e-21,2.298161587072949e-21,4.5073677942017396e-18,4.2490404028609005e-05,6.107300400895495e-10,5.476217603238712e-09,9.14492343801718e-23,2.0635481932041383e-11,1.0361382380644715e-12,5.0500762547820925e-09,2.5114774873829192e-17,1.473558031922767e-14,3.28365458214165e-11
0.058249999999999996,0.39510757508282485,1974.255814514166,0.1783294433243718,0.6161803464018801,7.992135183899096e-17,2.9862835059116043e-06,0.00011955442153780703,0.0002601437063384562,0.0016277704664391212,0.08795506605995215,5.362973392184464e-09,2.744555804080368e-08,1.2324875041300528e-05,1.2369899806630316e-06,0.0018972433781560432,0.0,0.0,3.646211353789244e-07,6.805052498394292e-09,0.056038574296994666,0.09273781447980228,1.623581734756426e-07,9.68669690327412e-07,7.531721936153637e-05,6.452505123531525e-06,1.2337306610609051e-06,3.580014901268125e-07,0.001810350063067682,1.8071863296640195e-07,4.806328453621411e-08,8.531704008732858e-07,4.6203003918991455e-10,1.893614625976474e-05,5.263986555459146e-08,9.088247657165563e-06,1.544499924134642e-08,3.3163317940129296e-09,7.249767870489054e-08,6.576952912983892e-11,1.4467857075043611e-10,7.701568187283466e-08,5.614680467608414e-08,0.016316285402156277,3.290949891157488e-05,1.6144607725029137e-06,0.00678634828768976,1.5154993740608233e-06,1.924464039320664e-11,0.0282252137290621,0.01759165516796318,2.3008771524945806e-05,3.376020021333947e-06,0.016384583084368493,0.048317800398705396,5.119034638101864e-07,0.0005385233875727995,1.7585021972574804e-09,3.839531212691163e-09,5.819637989222078e-11,2.2785961719327096e-13,1.9560980647643756e-20,4.6112735655289935e-21,5.547952733995727e-09,1.776906847634675e-13,1.4489323974020912e-12,1.0998151463117841e-10,5.204226077210732e-06,6.514994232964823e-17,4.2664093582061603e-13,6.472952363290569e-16,9.979444009338519e-10,1.9922996309495583e-18,4.168541549564539e-18,3.596801135136314e-15,3.2534988093564834e-10,1.1256070545486605e-09,9.1840200804842e-15,2.211225304160974e-15,3.0229782727416888e-18,2.3278248204194624e-07,4.045912617243708e-05,3.0727409244445797e-13,4.362759652646151e-11,1.5105059919478734e-09,9.497047017479442e-12,2.39403210427925e-10,1.4311306019600938e-10,2.1158118309886696e-12,5.481101440460586e-20,2.5511674679897027e-21,9.212802217941896e-26,4.892735967959616e-15,1.1324768783552328e-14,5.201531683942552e-16,5.689649909650127e-11,2.1808599114581636e-12,1.0648899515861878e-12,2.347489614531278e-13,0.00018118714572725697,6.872448886891551e-18,1.9889119338126703e-09,1.2527851365230722e-13,5.995099425062544e-17,1.5062633173739927e-10,6.2948922940982e-23,8.933855361631475e-06,6.027867198903023e-10,2.412421198207088e-18,5.421298929145353e-12,3.86206706521917e-22,0.0007168798472813172,2.9259198566516534e-07,1.0338748605743523e-11,9.929104878617042e-15,3.287639505728685e-11,1.276351782214874e-08,1.9697630413282986e-14,3.4967576123085944e-14,2.3709500059793527e-12,0.004726125274926619,6.623206336055021e-12,4.5470621797404266e-10,8.78332549666591e-09,5.075156169415846e-15,2.7123791351853073e-16,7.765186545501867e-17,9.519944344282142e-10,0.0012552165717935927,2.6356515525185046e-09,6.6563695749038005e-06,2.92421968833164e-17,4.75956107153136e-11,9.663516349151077e-11,4.3691778287332055e-05,1.0822951210594426e-20,1.2308032236158634e-21,1.1942551859683838e-21,2.959064201155978e-18,3.403013023086425e-05,5.177129914871851e-10,3.0530899919236317e-09,4.8324360754447656e-23,1.6616665401410347e-11,5.679185833961522e-13,4.5332635051066065e-09,1.6894921298079248e-17,8.140288300871411e-15,1.8114865509135095e-11
0.058499999999999996,0.39695602542914804,1982.611952396994,0.17749904577924366,0.6161236362054021,8.026937341038457e-17,1.9293729850117355e-06,0.00010237892271494444,0.0002591603798723078,0.0008585497013983176,0.08742690403289194,4.199500467470442e-09,1.946074101081368e-08,1.0857849151596436e-05,8.11845100203993e-07,0.0019602210114180985,0.0,0.0,1.9580029120045653e-07,3.887496258454525e-09,0.05663323164466926,0.09424739945110383,1.2067999732444047e-07,7.94894531094461e-07,6.490976860133577e-05,5.242774319969503e-06,7.084592104395523e-07,2.3357350729418157e-07,0.0013877647049936475,1.4566639373721428e-07,3.781048850291673e-08,6.842140403821361e-07,3.397191641841969e-10,1.5078438491456956e-05,3.421609892474177e-08,6.741911598217569e-06,1.2575963113796757e-08,2.37102192941663e-09,5.2480820057594224e-08,5.1299473101081806e-11,8.124592269835501e-11,5.414919581252471e-08,5.674665500440542e-08,0.016397869745823423,5.139861048048982e-05,1.6374321260026451e-06,0.007518729910668067,1.0171698304463919e-06,1.2009162062807394e-11,0.028358921945438573,0.016590609564140543,3.075939435375036e-05,2.4057072577109538e-06,0.014367994279221126,0.050639615514423156,4.797628742901781e-07,0.0005446218903082872,1.0221118180650433e-09,2.774033737284639e-09,3.3383494566405946e-11,1.5849934892572542e-13,8.418673456851906e-21,1.986357927536455e-21,3.018097094289843e-09,1.0059255127554914e-13,8.120058964346217e-13,5.0713330548175237e-11,2.8121999549909557e-06,2.3032781035805014e-17,1.608299596950105e-13,2.179341472056107e-16,6.82269586982322e-10,8.074357339065231e-19,1.744663274594991e-18,1.542241547841285e-15,2.6326927084129523e-10,5.3517067276824e-10,3.8928817853888295e-15,8.040377057890349e-16,8.486397889587666e-19,8.355248830585144e-08,3.598787061663982e-05,1.656006664993964e-13,1.917729055084935e-11,1.0072909341973609e-09,6.440751133647103e-12,1.7888669856747494e-10,1.0888773560437125e-10,1.3118140670136895e-12,2.3875736225496836e-20,1.0838244612771148e-21,1.9787784353704247e-26,3.381105704518711e-15,7.909626293948308e-15,3.6295393297304453e-16,3.4119641897942754e-11,7.408673089422234e-13,6.351444442067839e-13,1.506138684667789e-13,0.00013772347054015813,3.436128369120085e-18,1.1586541153541398e-09,3.771689168644007e-14,1.8493786824639772e-17,7.453507386540257e-11,1.368845471619629e-23,8.933400900019232e-06,3.6732115573571057e-10,7.413384493911874e-19,2.917316644199512e-12,1.0741581715979512e-22,0.0005030288680108279,2.2453523705029002e-07,7.813031284801421e-12,4.129006234885749e-15,2.2257360894127632e-11,8.863229852706895e-09,9.296622113162297e-15,2.7498180503962185e-14,1.8827372365274385e-12,0.00438845395493504,2.5758241253926493e-12,2.719042250535552e-10,5.110455340699796e-09,2.709979788142239e-15,1.1336507365588878e-16,2.3122103471890352e-17,9.196923375260535e-10,0.0012360186248829106,1.7865939439182302e-09,4.981536472230866e-06,1.44779166863206e-17,4.678238462078564e-11,9.4567306826495e-11,4.365497856200463e-05,3.585821547029978e-21,4.1053166224651926e-22,3.9501166978343655e-22,1.4670941042448715e-18,2.4022525613617803e-05,3.961843895067166e-10,1.137290696592104e-09,1.625926026305781e-23,1.1487054922309982e-11,2.074173565482534e-13,3.848603258594283e-09,8.588533418850812e-18,2.9969082097120247e-15,6.755727954593089e-12
0.05875,0.3978335636233383,1985.9729276761414,0.17710752214044745,0.6160968280338411,8.069475573833264e-17,1.2966446858696273e-06,9.146386720310697e-05,0.00025923437106496,0.00046316688785921116,0.08689430572652816,3.398667221734366e-09,1.495760076027249e-08,1.000199715022124e-05,6.005606296600364e-07,0.002018608476371149,0.0,0.0,1.0705797141665284e-07,2.3147083235825806e-09,0.057210337304912734,0.09520247708764733,9.766502180911854e-08,6.759183807159991e-07,5.836975988527376e-05,4.488318866283592e-06,4.6069308080721846e-07,1.633451334241225e-07,0.0010906858954945874,1.1736012297504774e-07,3.143634627336061e-08,5.868635836089429e-07,2.74948944233612e-10,1.2339400789589218e-05,2.4678919944027705e-08,5.494541761128109e-06,1.0953077594074325e-08,1.885235315475423e-09,4.182767622210887e-08,4.3847860249151914e-11,5.4978099980866694e-11,4.221068203056668e-08,5.5934614686985364e-08,0.016465709778327477,7.041126411132923e-05,1.713518220520488e-06,0.008188804031900013,7.234506503933924e-07,9.210732838583182e-12,0.028440106486577698,0.015679169290723403,3.7794606544631e-05,1.7202245863695978e-06,0.013129617773502219,0.0521332797282603,4.7050382170788907e-07,0.000547646133042596,6.450966066039885e-10,2.109934564007965e-09,2.0655606100663347e-11,1.1013010202768819e-13,3.847811119618648e-21,9.082076103945467e-22,1.8359615850247642e-09,6.17367367777002e-14,4.963405785504959e-13,2.496179315489639e-11,1.531876950019171e-06,8.472768226453723e-18,7.217656781692535e-14,7.838517600383064e-17,4.69194023091076e-10,3.6028394877405976e-19,7.929510963704114e-19,7.603537419367817e-16,2.159223529551599e-10,2.897599068630186e-10,1.7703390024708296e-15,3.3992409286732244e-16,2.759881491178767e-19,3.298594167785191e-08,3.2059221011094983e-05,9.87511480207256e-14,9.176311486933488e-12,7.208667546834475e-10,4.749698477326133e-12,1.3036487380157047e-10,8.003829300290363e-11,8.542084211576916e-13,1.1519702363656882e-20,4.958654685641733e-22,4.797363153433514e-27,2.4736473050289807e-15,5.813109328376448e-15,2.666045868619056e-16,2.1957823545134776e-11,2.795256408187954e-13,3.7610311549042196e-13,1.0512156527356982e-13,0.00010990113032087141,1.7777706427328776e-18,7.354102888756374e-10,1.2815796071896998e-14,6.3540882039869574e-18,4.334546046381436e-11,3.4568096356681676e-24,8.932802815221462e-06,2.379149331918318e-10,2.5434197098350446e-19,1.7387102779998952e-12,3.4244924840148424e-23,0.0003580558698313518,1.6564815115773214e-07,5.9772458325331845e-12,1.8635014005363025e-15,1.4510803932385724e-11,6.162210944694422e-09,5.1865725276063354e-15,2.137444360901738e-14,1.4691793322599146e-12,0.004087827653411142,1.0951050438030736e-12,1.6118072031207943e-10,2.9964411610994445e-09,1.6619496375911095e-15,5.62149046356095e-17,7.815884808349686e-18,8.890119554947959e-10,0.001217078880794171,1.2279190027686644e-09,3.830024967376974e-06,7.461191885685477e-18,4.634304514305613e-11,9.356379117282196e-11,4.3618457209146426e-05,1.338338107012411e-21,1.5363343919369643e-22,1.4733135009897903e-22,7.564924391781162e-19,1.7637493639068865e-05,3.064610737790496e-10,4.5128393706630153e-10,6.105964276458362e-24,7.957253075155701e-12,8.14975685457841e-14,3.4384156792159283e-09,4.473514476221053e-18,1.1813064417740881e-15,2.7082619178937393e-12
0.059,0.3982247541154777,1986.8459133645129,0.17693354433518405,0.6160891863618265,8.120919912297701e-17,8.982569963657152e-07,8.435844526178771e-05,0.00025607033972043836,0.000248977259384832,0.08640896366604127,2.838924680469596e-09,1.218220706145766e-08,9.503859628842673e-06,4.857500839155279e-07,0.002071524657543491,0.0,0.0,5.799305317032457e-08,1.4242727304262142e-09,0.057774672467048,0.09581376838760516,8.325833538507988e-08,5.894565859234615e-07,5.346101623056899e-05,3.952296683968482e-06,3.2746411097659773e-07,1.2011082839942238e-07,0.0008718410480622336,9.488860071708829e-08,2.706065727404584e-08,5.208008828276811e-07,2.346262040413677e-10,1.0315091306898285e-05,1.8935892790721843e-08,4.6499431748533165e-06,9.721466938382861e-09,1.5717407325062606e-09,3.52622158769229e-08,3.905953509863055e-11,4.1282171879760676e-11,3.4481033242610244e-08,5.465676219834398e-08,0.016523814449587677,8.819109348281542e-05,1.813688791549357e-06,0.008801098296457983,5.423101542054939e-07,7.846284933642676e-12,0.02849093055519746,0.01484990860374869,4.3911800153956446e-05,1.238648425427838e-06,0.012361015862853354,0.05312207263340094,4.7407406016796e-07,0.0005483407241894584,4.315484810336579e-10,1.6837585200508276e-09,1.3535127602019567e-11,7.743904823567592e-14,1.85152788551821e-21,4.370675752247832e-22,1.203626041837437e-09,4.0241466156249265e-14,3.231872653830632e-13,1.2622694892561393e-11,8.255365213779944e-07,3.1670654206739814e-18,3.711874595056244e-14,2.9012932592257065e-17,3.2720862241205195e-10,1.7228883277256977e-19,3.8532684245388104e-19,4.195628104451029e-16,1.796346647622746e-10,1.78426576579505e-10,8.27734005264398e-16,1.5175373407694803e-16,9.699320538412365e-20,1.3541715922146042e-08,2.869753730261933e-05,6.241601644803129e-14,4.500000874179477e-12,5.417728600062605e-10,3.71476316798084e-12,9.433204618997484e-11,5.796041990271586e-11,5.78308963500647e-13,6.104664073380443e-21,2.4163709665289265e-22,1.2489867637381142e-27,1.901737199930534e-15,4.475927184700859e-15,2.0520521214943367e-16,1.4804129317908236e-11,1.1210026064445321e-13,2.1764347620973522e-13,7.833732813896208e-14,9.11595397926315e-05,9.162991198799084e-19,4.948947177925968e-10,4.65344235141062e-15,2.302127023394912e-18,2.7909331536037463e-11,9.589642868950057e-25,8.932210020765812e-06,1.6067275581187526e-10,9.185828919426562e-20,1.0988100131029487e-12,1.160315718515325e-23,0.0002572315478675122,1.201127473081073e-07,4.602540125784577e-12,8.695934125992605e-16,9.020311171327823e-12,4.2605607937841156e-09,3.171187105524279e-15,1.6526538408055187e-14,1.1371071073902191e-12,0.0038167875980423187,4.865097591333202e-13,9.330240112494358e-11,1.729639284572369e-09,1.1185791151317872e-15,3.114044118345279e-17,2.8167820701094346e-18,8.545036512294972e-10,0.0011985578658732928,8.441090820839754e-10,2.9582284056567774e-06,3.841739569114553e-18,4.603584306253462e-11,9.296639954000448e-11,4.358293671649165e-05,5.346809230486733e-22,6.142079697826779e-23,5.885025433615226e-23,3.895720758537939e-19,1.3142352847468524e-05,2.3622301996774864e-10,1.8117218904811748e-10,2.443300657002653e-24,5.481206736512077e-12,3.2562653264093223e-14,3.1806873209578124e-09,2.3101076085415832e-18,4.723871011388282e-16,1.1163000334703547e-12
0.0595,0.39829679314853617,1985.0243945115394,0.1769015436835107,0.6161094949469856,8.255008297902944e-17,4.858592103360932e-07,7.646101316150689e-05,0.00023977549196640727,8.691552666528466e-05,0.08562632281466111,2.1235212423389407e-09,9.034176702429937e-09,9.082818243468536e-06,3.8401691459390964e-07,0.002160877056753463,0.0,0.0,2.030451805774028e-08,7.135513897255831e-10,0.05885653146276418,0.09636509033788493,6.624035525539504e-08,4.7069103421566913e-07,4.584351515509551e-05,3.2070464515302443e-06,2.008877850208142e-07,7.350543245978137e-08,0.0005902469464796562,6.42550725540193e-08,2.134008346847553e-08,4.315063890473188e-07,1.859560421432458e-10,7.644307606143634e-06,1.261981841504863e-08,3.482970496967352e-06,7.689573257069468e-09,1.1600034299799989e-09,2.754687545078426e-08,3.2724116443889404e-11,2.7725016768428422e-11,2.4589472938317338e-08,5.185569335124549e-08,0.016618333403234705,0.00011688479480046332,2.044451870754157e-06,0.009870225693655357,3.632960736739158e-07,6.422063350316621e-12,0.02854161334590736,0.013410692309832366,5.340675926222953e-05,6.968377669066051e-07,0.011607844541544296,0.05424082386439571,5.025703406092811e-07,0.0005442687916854496,2.289822206193269e-10,1.2347476017099339e-09,6.904726711067888e-12,4.222438159016694e-14,5.374689328585006e-22,1.2685636430623875e-22,6.289663194522935e-10,2.0419034978498687e-14,1.6434877098723775e-13,4.135893402236465e-12,2.86681096377128e-07,5.935537339571892e-19,1.469062738020351e-14,5.432907472627054e-18,1.7531293043397254e-10,5.066681921997867e-20,1.1881087750364473e-19,1.7480788120645967e-16,1.3052888232387063e-10,1.0649802684589864e-10,2.315379470856926e-16,3.938559933336666e-17,1.7755840599641294e-20,3.105089152080841e-09,2.3473692452479708e-05,2.912129746044656e-14,1.3552449454596066e-12,3.446245776890487e-10,2.5822500864862157e-12,5.252726583584244e-11,3.161974151063605e-11,3.0567316857344633e-13,2.4277220636050946e-21,7.461170506177974e-23,1.3507413249108237e-28,1.3291164846269233e-15,3.1241103825740296e-15,1.4316928479886e-16,7.760818260175011e-12,2.641830699296297e-14,8.473359749646644e-14,5.2837373564214125e-14,6.835832464845612e-05,2.953733667813143e-19,2.6551000084885693e-10,9.06574852052846e-16,4.300458609436008e-19,1.4643290272230506e-11,1.2233903525495597e-25,8.931207105220041e-06,8.393951788877063e-11,1.6895409222667942e-20,5.128195517536921e-13,1.8964824741161182e-24,0.00014297325346509802,6.548019371737028e-08,2.9279213467523753e-12,2.4427358364348516e-16,3.8590374322600756e-12,2.137085540316585e-09,1.4520896218146778e-15,1.0423314822575797e-14,7.156626055522055e-13,0.0033489369835759306,1.2804197254193717e-13,3.631083466616258e-11,6.771316183193627e-10,6.326970230881715e-16,1.2458474809043196e-17,5.304992714133007e-19,7.867784565471614e-10,0.001162992383150199,4.219276253715805e-10,1.802101527760309e-06,1.2410341565257024e-18,4.5560186718092886e-11,9.223364085810858e-11,4.351588375392622e-05,1.2631924309753506e-22,1.448979703756547e-23,1.3908525164418303e-23,1.258088322746612e-19,7.617182475720428e-06,1.4166267775486165e-10,3.6839854307043426e-11,5.753126300187803e-25,2.72816266495324e-12,6.607958197848616e-15,2.905451129301749e-09,7.424293843626541e-19,9.569601123680451e-17,2.53922364664792e-13
0.06,0.39811301201734234,1982.0652214774157,0.17698320710100374,0.6161471486323505,8.278044327721072e-17,2.7470053384727246e-07,7.169847676800962e-05,0.0002185660326694185,3.13242235779645e-05,0.08504590525005576,1.6560665202848939e-09,7.096127984492721e-09,8.894155405356003e-06,3.3485085674009847e-07,0.002232739181713954,0.0,0.0,7.313182953653595e-09,4.505474848954506e-10,0.05985349554450383,0.09651174351073663,5.509679667469606e-08,3.860118848175116e-07,3.957369646241065e-05,2.6605212473529322e-06,1.371211087316195e-07,4.7998239279949846e-08,0.0004118410036900388,4.446962425982526e-08,1.7378221832672787e-08,3.652093384769985e-07,1.529627553629164e-10,5.907309892278941e-06,8.882859567273867e-09,2.6406660363203784e-06,6.026008228670706e-09,8.724759725056171e-10,2.2484503151823307e-08,2.799640710697263e-11,2.0174986331176834e-11,1.7985689298601223e-08,4.936205954301887e-08,0.016695269451910105,0.00014010631090394357,2.276290112654786e-06,0.010788620530277805,2.7855394141012924e-07,5.472410585296888e-12,0.02856849294512472,0.012174464967019471,6.0791588774431175e-05,4.1019487195273115e-07,0.011215184643599597,0.05494064248883148,5.368857485771721e-07,0.0005359196872658842,1.311486215203782e-10,1.0034691735461016e-09,3.789963025072977e-12,2.4263054579590415e-14,1.697654306657307e-22,4.0060621131623703e-23,3.541136454436686e-10,1.1144066029137596e-14,9.00165869801608e-14,1.4400315586907048e-12,1.024417469729691e-07,1.1960569319317207e-19,7.183403056921797e-15,1.1042706854946558e-18,9.764952903597446e-11,1.6345985083720916e-20,4.339848689388157e-20,8.463281093482187e-17,9.867305252996433e-11,8.595365054784324e-11,6.889152620960648e-17,1.0807029222960214e-17,3.6262562968134085e-21,8.55405967833262e-10,1.9597924636162465e-05,1.4360881498250405e-14,4.2612548213076205e-13,2.3270693544146734e-10,1.933742670152357e-12,3.040765747227816e-11,1.732773961585114e-11,1.7412181669214978e-13,1.3082117429534055e-21,2.7375457224986847e-23,1.7932582716488636e-29,1.0605899557457165e-15,2.4858604137502598e-15,1.138923068127703e-16,4.265660001090206e-12,7.398068502893226e-15,3.3102399334447106e-14,4.1040264753910604e-14,5.4112206432646354e-05,9.827025988254631e-20,1.5394243117387422e-10,2.1370077825364212e-16,8.896758386444005e-20,8.448578447143355e-12,1.941039999383385e-26,8.930446437512659e-06,4.587718982576364e-11,3.376953275390419e-21,2.530153711623097e-13,3.3924323729982587e-25,8.069674267167728e-05,3.5810931397767615e-08,1.9108660467144076e-12,7.319460712065968e-17,1.6040543106614633e-12,1.1036373691807868e-09,7.10509545052485e-16,6.707931774833174e-15,4.589853427258341e-13,0.0029493262718023757,3.687832963173037e-14,1.4179047042592102e-11,2.6698119562310584e-10,4.0019773317167107e-16,5.582112549863995e-18,1.1195097718327318e-19,7.223403635908881e-10,0.0011292240906302777,2.1673562198667483e-10,1.103813466492516e-06,4.1431983172021755e-19,4.507475515581099e-11,9.152203641668278e-11,4.34534583359713e-05,3.558271603074371e-23,4.0720007395466105e-24,3.920196594155507e-24,4.1980528435376735e-20,4.490451319166601e-06,8.514356937912107e-11,7.865100255518072e-12,1.6118172220059904e-25,1.3917387435833532e-12,1.4118040681532563e-15,2.7387657774046657e-09,2.45888930794142e-19,2.0388114690429047e-17,6.905586384302555e-14
0.0605,0.39787078776206986,1978.9960060682183,0.17709095475235195,0.6161906605744638,8.291497527250657e-17,1.6046964922329944e-07,6.836283029684844e-05,0.00019722578140905021,1.1744823392594405e-05,0.0846141094369214,1.3275726322398787e-09,5.751032901443517e-09,8.785420556509652e-06,3.054432671202901e-07,0.002291210134844926,0.0,0.0,2.7524143716777504e-09,3.462869573162678e-10,0.060754489447160456,0.09645288200923194,4.697233783316689e-08,3.2223589122970366e-07,3.435745273030225e-05,2.2400012527957676e-06,9.966095377500133e-08,3.266394398017381e-08,0.0002944913097648123,3.147750006554061e-08,1.4435054843581729e-08,3.1296446222741173e-07,1.2827074144075354e-10,4.717163944350163e-06,6.44697646874378e-09,2.022609084506638e-06,4.72127038429592e-09,6.644828279431716e-10,1.8777583298039257e-08,2.42339036431755e-11,1.5315845774016255e-11,1.3391826577309489e-08,4.724811354719622e-08,0.016759758272470324,0.0001597395557670092,2.4970597532504988e-06,0.011584821172605595,2.3771436387367777e-07,4.733095911069056e-12,0.028586053713987376,0.011100878901585166,6.684423769886756e-05,2.553422203235438e-07,0.010969515333473909,0.055450028276317835,5.707369452156046e-07,0.0005246171957999384,7.970925715212864e-11,8.756219665309653e-10,2.188453449533563e-12,1.4773019340965896e-14,5.722098772568833e-23,1.350089196571089e-23,2.0788836949654424e-10,6.362161988705557e-15,5.158133339206212e-14,5.28125553230428e-13,3.807049643684924e-08,2.5947520089678252e-20,3.954014733220395e-15,2.4324001182842044e-19,5.6347161164363625e-11,5.632240517687485e-21,1.9815429533733977e-20,4.453267177813661e-17,7.714429995325465e-11,7.919821721500617e-11,2.17372831535275e-17,3.1259547038693513e-18,8.037194618714771e-22,3.033091623233445e-10,1.6657923415411047e-05,7.36306474524026e-15,1.4027166110960306e-13,1.630539371843532e-10,1.5164039857452211e-12,1.860208498959313e-11,9.586519429457905e-12,1.0620231761112786e-13,9.27482170228268e-22,1.263613701588781e-23,3.0974973552157863e-30,9.398681038238439e-16,2.1960465113873804e-15,1.0059901173111403e-16,2.3991102100320703e-12,2.4005188623598096e-15,1.3214138137979768e-14,3.550812650840252e-14,4.4298271841309894e-05,3.420470195314011e-20,9.497451198743064e-11,6.659377550585709e-17,2.019624147525847e-20,5.149119342443802e-12,3.687693350350203e-27,8.929881787819712e-06,2.565155936586249e-11,7.188937591675107e-22,1.2979650927162127e-13,6.566545437867916e-26,4.601742547149052e-05,1.9762125173143952e-08,1.2964845807750561e-12,2.3281320022626862e-17,6.705062025980484e-13,6.016598424176787e-10,3.5827363932525614e-16,4.4852917595629604e-15,3.0580875153463094e-13,0.002605540197346787,1.1433679086829295e-14,5.6610876128064756e-12,1.076746651848541e-10,2.7431123452928817e-16,2.6501973472180267e-18,2.6167159528540707e-20,6.6666368863989e-10,0.0010971482853694178,1.1699054531965937e-10,6.887798215687559e-07,1.4473088218557816e-19,4.45401981592644e-11,9.069681075847992e-11,4.339504097262633e-05,1.16200614862763e-23,1.3265086517420307e-24,1.2809871189373787e-24,1.4657173405841898e-20,2.7156198125506474e-06,5.215515374722921e-11,1.792374732031839e-12,5.233986158013154e-26,7.458517456456254e-13,3.2203531776600248e-16,2.6160456421755374e-09,8.531716462964579e-20,4.6369550603346956e-18,2.41681203194867e-14
0.061,0.3976325583392961,1976.132407384015,0.17719705337430422,0.6162339163367725,8.295556257853954e-17,9.638045169341775e-08,6.57952287905395e-05,0.00017781196848176418,4.534440316099047e-06,0.084286404027557,1.0874314400248326e-09,4.763267515041457e-09,8.705896906632642e-06,2.848948295291126e-07,0.0023396421563449603,0.0,0.0,1.0822399321445353e-09,2.9932173388951823e-10,0.06155941308367111,0.0962931877924285,4.078483897820818e-08,2.73066763652462e-07,3.005323521535118e-05,1.9111261569978825e-06,7.563434573351971e-08,2.2922277921064034e-08,0.00021512970575350435,2.2773280192966763e-08,1.2183591807708727e-08,2.711376932414158e-07,1.0913298766694172e-10,3.8690113426579654e-06,4.7854026863351124e-09,1.5699176193909875e-06,3.729196298496938e-09,5.134932592771775e-10,1.5941385153654e-08,2.119697447557785e-11,1.1980721416367518e-11,1.0153402730993482e-08,4.5468935593237674e-08,0.016814837767635833,0.00017698203988415778,2.7023595919463186e-06,0.012279214768077817,2.1854413688894347e-07,4.1334355090300355e-12,0.028599991204687727,0.010163001269045065,7.19958096062841e-05,1.6951232403033815e-07,0.01079149625510215,0.05585650609858894,6.019189920341069e-07,0.0005112419435369857,5.13282337286073e-11,7.999347414820813e-10,1.320739919600441e-12,9.59501780126053e-15,2.040499255701156e-23,4.814451469153189e-24,1.2573750227952386e-10,3.7564632239905954e-15,3.056128433278587e-14,2.0060330016242157e-13,1.45766752296478e-08,5.9839106557070885e-21,2.3423713959079367e-15,5.737736054329493e-20,3.36523603696585e-11,2.0502823052147494e-21,1.1941501365660485e-20,2.4712682155487315e-17,6.206281620043127e-11,7.637558123029467e-11,7.187218068566052e-18,9.442526421124943e-19,1.88899983420841e-22,1.3702295138973539e-10,1.4378661045393565e-05,3.908105629190247e-15,4.787086583327879e-14,1.1738541299579175e-10,1.2285351078300494e-12,1.2149853268859979e-11,5.3231288762908734e-12,6.947668781649052e-14,7.926203677905766e-22,7.72014013407421e-24,7.267415097500828e-31,8.944106151596402e-16,2.083615340814448e-15,9.543896197961765e-17,1.3580214263974428e-12,8.63308436083617e-16,5.364750205285765e-15,3.306826089321338e-14,3.7131171887506765e-05,1.2350251899817084e-20,6.231029089350608e-11,2.99682194344734e-17,4.969123656106179e-21,3.2749480632700183e-12,7.982921889302893e-28,8.929461710016618e-06,1.4440674477018831e-11,1.5851043056301333e-22,6.893080944503867e-14,1.3543405074666935e-26,2.6271683393456716e-05,1.0941212921744707e-08,9.25141221067966e-13,7.771730975213287e-18,2.824552296315896e-13,3.5144773277862994e-10,1.8282116504315584e-16,3.157197459411299e-15,2.1454132942455516e-13,0.002309041484116857,3.735138222923916e-15,2.302252957721771e-12,4.4207916655193175e-11,2.0131930599422414e-16,1.294107613698505e-18,6.693062313127915e-21,6.20060795940795e-10,0.0010666564767537238,6.726775516168488e-11,4.401043236660537e-07,5.2433968682006414e-20,4.395372832345261e-11,8.973699868913898e-11,4.3340009242535524e-05,4.20421105202307e-24,4.788351025896197e-25,4.637364885818905e-25,5.3075439629878e-21,1.6889888867417543e-06,3.276268217639384e-11,4.3302811073470357e-13,1.883708887328167e-26,4.259749445905462e-13,7.776247804873199e-17,2.514167000504826e-09,3.082949782534271e-20,1.11662682680177e-18,1.078844447736559e-14
0.062,0.3972266652489569,1971.290196052464,0.17737811630662415,0.6163073585964711,8.292417954491732e-17,4.522354064035244e-08,6.204257310823485e-05,0.0001469038992355901,1.4839707980591774e-06,0.08384636869188183,7.752847690655257e-10,3.462758013045204e-09,8.582458370787243e-06,2.570587843420749e-07,0.0024138971480011113,0.0,0.0,3.7560439196445696e-10,2.63111233129613e-10,0.06289540829231455,0.09584809618232687,3.2331163051944404e-08,2.0542330598537304e-07,2.3725970047278717e-05,1.45273182366105e-06,4.926481955895651e-08,1.2887660114708363e-08,0.00012874050822445941,1.335596959752109e-08,9.107920289218658e-09,2.1120277972707652e-07,8.254034990176967e-11,2.819678390252876e-06,2.9168424372559993e-09,1.004886315677852e-06,2.4432425662456005e-09,3.255880851713394e-10,1.2041150186458334e-08,1.6808314392603148e-11,7.99481576430991e-12,6.2667874910168666e-09,4.2717512125231944e-08,0.016902561222976266,0.00020600880562600545,3.0591364586197257e-06,0.013406110657555217,2.1091096830789377e-07,3.245504703416286e-12,0.028624144857541417,0.008640808513487575,8.029881316923252e-05,1.0200267523167315e-07,0.010538427218680297,0.056475982217944636,6.542323637270278e-07,0.00048012469369894015,2.89349360680358e-11,7.246968422210131e-10,6.456274048913107e-13,5.55900239742321e-15,4.405255182334228e-24,1.0398637181841213e-24,5.976809830982314e-11,1.7191715198948415e-15,1.4069006337577463e-14,6.411893397190089e-14,4.703665605669382e-09,9.190595533722054e-22,1.123387671604394e-15,9.345104093892041e-21,1.58894690008163e-11,4.584025194895231e-22,8.72662536492603e-21,1.0320120029062217e-17,4.378594127280537e-11,7.376330237406305e-11,1.822043145124728e-18,2.0025474082583116e-19,2.971158007244156e-23,5.073283813475618e-11,1.1198753605533337e-05,1.4730701950093023e-15,1.2590463360341189e-14,6.880486321228318e-11,8.806784536295535e-13,7.1118080117165015e-12,1.9981003430308005e-12,4.094411521852682e-14,7.562261076819222e-22,5.701805374896811e-24,1.7630004581563423e-31,9.140311768210666e-16,2.1184548604916018e-15,9.702211207842095e-17,5.278061786748696e-13,2.788116729912646e-16,1.89124136346579e-15,3.261401404732509e-14,2.766910375328593e-05,3.647404064018824e-21,3.65167487623148e-11,1.5927667953411048e-17,8.921043047631563e-22,1.7427651346692184e-12,1.2142268874227547e-28,8.928924230349686e-06,5.560479290435251e-12,2.0468362902668766e-23,2.6009744905255413e-14,1.689111446989632e-27,1.0317989359014842e-05,4.078848647506578e-09,6.224164047369588e-13,2.0174090110421656e-18,1.0539216658540999e-13,1.6822417252838604e-10,5.903996545109469e-17,2.075420658327886e-15,1.4023520588094966e-13,0.0018401822234473163,9.255845306775433e-16,8.162110002195238e-13,1.5930326065623024e-11,1.3736369520841848e-16,3.935444553621052e-19,1.305149364886519e-21,5.543491320191433e-10,0.0010101865142275314,3.118716576708474e-11,2.087985035146711e-07,1.5574058167288785e-20,4.265454869390852e-11,8.746534378952924e-11,4.323858953481713e-05,1.3714986896893732e-24,1.5559494426741473e-25,1.5142838463434677e-25,1.5751824687525307e-21,7.695131475393852e-07,1.510667496410511e-11,6.548287176305287e-14,6.090172053943693e-27,1.9524924222242593e-13,1.1705592113099026e-17,2.3443729628655764e-09,9.165006235465066e-21,1.6730495491927114e-19,3.91370237390731e-15
0.063,0.39689845026628473,1967.357685938265,0.17752479897617193,0.6163677096216263,8.308432977252606e-17,2.549049807192131e-08,5.924358680113339e-05,0.00012342223079774795,8.630106323331445e-07,0.08354296390653675,5.795276598071513e-10,2.6313255023319215e-09,8.47609215304369e-06,2.3723970606984262e-07,0.00247070684105172,0.0,0.0,2.294751168661538e-10,2.4366046504970597e-10,0.06397420490016115,0.09540563781661097,2.6731057131897437e-08,1.6036796974769614e-07,1.9236307771659758e-05,1.1439828110568024e-06,3.484425855789925e-08,7.890144871113399e-09,8.281736686331042e-05,8.441556676015383e-09,7.0747142804620274e-09,1.6954518702732395e-07,6.468442281026687e-11,2.1692873675432515e-06,1.8975757230518365e-09,6.753451766007088e-07,1.6712374617538092e-09,2.1707143065933291e-10,9.434891481654436e-09,1.3714046041793383e-11,5.696694890308898e-12,4.092647866043103e-09,4.063643161311481e-08,0.01697163743435575,0.00023098105517343532,3.3642269351206525e-06,0.01431013794883122,2.1378073949893838e-07,2.6038823932669596e-12,0.028647389851258056,0.007416322503983943,8.706532022781922e-05,7.596190881507873e-08,0.010345736101465944,0.05695863745897511,6.964405621931185e-07,0.00044685679508930443,2.0275693361726704e-11,6.774572641521801e-10,3.912527076510147e-13,4.016645315489368e-15,1.37735693858003e-24,3.254981237017619e-25,3.40181669855432e-11,9.50359844589261e-16,7.814683771240105e-15,3.6610306829330874e-14,2.704156252503369e-09,3.055239432639031e-22,6.617864084555689e-16,3.3430983870762318e-21,9.206717609996904e-12,1.4747667920999615e-22,8.465755008303627e-21,5.3135452560975976e-18,3.280805576811462e-11,7.193537475882938e-11,8.576452317138205e-19,7.904331130037631e-20,9.923551272900014e-24,2.3816949435547898e-11,9.007121140776367e-06,6.828099968821813e-16,6.023391359842913e-15,4.355807207073371e-11,6.691540481713276e-13,5.1781365280224966e-12,7.734088980928314e-13,3.0004011909941943e-14,7.827464505054324e-22,5.523238306240673e-24,1.00626790910151e-31,9.701624912373679e-16,2.2391344737641833e-15,1.0254001909574606e-16,2.0924627345674915e-13,1.6736752711645792e-16,1.1611641189414182e-15,3.3639806313304445e-14,2.1495699665249443e-05,1.951528727925795e-21,2.651901107764825e-11,1.1799597229272586e-17,3.5359444306630363e-22,1.1238880722995454e-12,4.12090790568365e-29,8.928571634064716e-06,2.187747169170615e-12,4.777545825672716e-24,1.2068351658250257e-14,4.5943341536263725e-28,4.121839349734869e-06,1.5615965082241884e-09,5.044711318353324e-13,9.751582161018732e-19,6.76597259498867e-14,1.0203025590743349e-10,1.978580193576885e-17,1.6506139628623292e-15,1.1101814525494633e-13,0.0014755755117194836,4.236765952817443e-16,5.034741466556859e-13,9.95798056157541e-12,1.081097982160176e-16,1.2613294543972737e-19,5.587187323331171e-22,5.061410128233667e-10,0.0009580969538225333,1.8370997648259573e-11,1.0894883262173002e-07,8.371758445302475e-21,4.1252124163738e-11,8.488860011426739e-11,4.314427408187192e-05,8.29854389038676e-25,9.384493653366624e-26,9.169815607305452e-26,8.461751119632552e-22,3.88373085984775e-07,7.70071457493454e-12,1.9469465653255816e-14,3.6581302144337514e-27,1.1394570572045916e-13,3.462496971569262e-18,2.1974801462533406e-09,4.920001036542941e-21,4.93009438801381e-20,1.807453862114897e-15
0.064,0.3966324244235211,1964.140235719711,0.1776438667995692,0.6164158298281213,8.283164427986991e-17,1.747175730713845e-08,5.706366092380444e-05,0.00010528642921487841,6.985982076132137e-07,0.08331740552868047,4.49293699097026e-10,2.0686222877932868e-09,8.384654240630805e-06,2.2225609373991406e-07,0.00251611863847782,0.0,0.0,1.883567000988371e-10,2.3015716077342731e-10,0.06485499041666042,0.09500825512611018,2.283550374207392e-08,1.288790461551695e-07,1.5941567474766337e-05,9.262580310862655e-07,2.617580017783895e-08,5.214257100829006e-09,5.698585017238455e-05,5.712119017464606e-09,5.662432753682441e-09,1.3941613422038799e-07,5.2140174500658824e-11,1.7351046984877601e-06,1.30962989448903e-09,4.7278642525700466e-07,1.185780774201317e-09,1.5083342112823521e-10,7.606563508941098e-09,1.1441415630643639e-11,4.268588124568687e-12,2.799639890354798e-09,3.9013973892340577e-08,0.017026919104018906,0.00025268343661754883,3.6248169210774043e-06,0.015045214879014205,2.1914889716324053e-07,2.129843361215518e-12,0.028670371434806434,0.006418982542423746,9.268285202936148e-05,6.46047649532128e-08,0.010190681206695798,0.0573452855339403,7.306057232741244e-07,0.0004132514923196074,1.657143158408017e-11,6.379038654172066e-10,2.867952627486099e-13,3.3435538881593514e-15,6.386624688321999e-25,1.5114908902691525e-25,2.348953573127484e-11,6.411117592377335e-16,5.292525317758875e-15,2.91935538730385e-14,2.16840919956774e-09,1.7233921405724695e-22,4.649332373830782e-16,2.013303235621735e-21,6.502669834495447e-12,7.000567215163031e-23,8.739295883107296e-21,3.383201329209333e-18,2.5678743233101038e-11,7.045195588809471e-11,5.758925521150218e-19,4.508725832547406e-20,5.58796927845564e-24,1.277659115887516e-11,7.4195667972081006e-06,3.9240157391013905e-16,4.0892676191338874e-15,2.9581745807723685e-11,5.298277604928224e-13,4.323166918745291e-12,3.0268184677838585e-13,2.5183957766715034e-14,8.207889050527318e-22,5.677452137841368e-24,8.489532492784385e-32,1.0325104997468212e-15,2.3748147303514055e-15,1.0874648806463e-16,8.248432184636435e-14,1.4097421723492075e-16,9.79205409867813e-16,3.497295664452586e-14,1.7213567422676685e-05,1.47338472003187e-21,2.2221909518551705e-11,9.628224334643896e-18,2.3006873360490375e-22,8.597726376819333e-13,2.385056720509994e-29,8.928327164349494e-06,8.570305078658384e-13,1.5400018084748477e-24,6.941728650323888e-15,2.1531201489611457e-28,1.6349312106019983e-06,5.981566774439501e-10,4.583338969812262e-13,6.695233059715251e-19,5.916921394284046e-14,7.217353012699762e-11,6.688987666692328e-18,1.4765329467751495e-15,9.893483110841903e-14,0.0011901365874228515,2.776015834314843e-16,4.2499380555702915e-13,8.49676814580309e-12,9.281109337450828e-17,4.113984731674508e-20,3.832262187379631e-22,4.691186568118805e-10,0.0009098927118554451,1.2768840214302485e-11,6.214308546535113e-08,6.344825429312841e-21,3.9800902956546314e-11,8.213888248832635e-11,4.305543625232087e-05,7.033682060891426e-25,7.933178478248167e-26,7.777252978769323e-26,6.409582692512748e-22,2.1555120959517187e-07,4.3088702443945756e-12,8.817716613183544e-15,3.081993332750577e-27,7.859468261840442e-14,1.5655689761560978e-18,2.0669534641813346e-09,3.696629145334088e-21,2.222201443569973e-20,9.570205877817644e-16
0.066,0.3962485310955909,1959.4087508286852,0.17781597157022933,0.6164754175925582,8.255940286624374e-17,1.2842650761574917e-08,5.3990484778841097e-05,8.063057057756323e-05,5.969097050674698e-07,0.08301051117314914,2.98387262222861e-10,1.4037225076178995e-09,8.245013734799161e-06,2.0175995994066914e-07,0.0025830835437811337,0.0,0.0,1.6004474072897436e-10,2.120511461243001e-10,0.0661527660715048,0.09437617362406453,1.8097692265304687e-08,9.034789165098619e-08,1.1695769956369101e-05,6.571567451803488e-07,1.722044250538729e-08,2.97711111867411e-09,3.454197620937295e-05,3.333782939796146e-09,3.94593950579473e-09,1.0115470272095594e-07,3.67183839350208e-11,1.2275281530437667e-06,7.711731231136884e-10,2.6343643836626036e-07,6.700485721183345e-10,8.262789522766033e-11,5.359056315800283e-09,8.49740693191563e-12,2.7377630213526e-12,1.5086415919917288e-09,3.6733357413058926e-08,0.017105349647848534,0.0002870077654458415,4.024300395869407e-06,0.016111517147356934,2.2880131265827428e-07,1.5300427211924555e-12,0.02871575158972443,0.0049740648495720016,0.00010109548309280315,5.5038736876622114e-08,0.009960467469300448,0.05789838151128982,7.794050866247349e-07,0.0003492460498141443,1.3753951468328992e-11,5.625680799300393e-10,2.1804064382584252e-13,2.7771955616624114e-15,3.384550500378569e-25,8.021581127576964e-26,1.744141093455666e-11,4.600427455950081e-16,3.8198440755491815e-15,2.438266478635321e-14,1.827115445208256e-09,1.086921618070576e-22,3.2611661187550475e-16,1.3445571115086378e-21,4.8340657382319e-12,3.8406491945689646e-23,9.403435004686386e-21,2.226065812187621e-18,1.7594625226099576e-11,6.824849095346e-11,3.6367848142291597e-19,2.1532963580228338e-20,3.584131219983709e-24,5.338112823091343e-12,5.385693383998691e-06,2.1528115846510412e-16,2.609013071741217e-15,1.7577413531183797e-11,3.6908001297643804e-13,3.5837156176253548e-12,7.682485361405141e-14,2.1029538782054873e-14,8.874553180462833e-22,6.061135368641691e-24,7.915802274049312e-32,1.1387109921446368e-15,2.6057219610655055e-15,1.1931033407011177e-16,2.0035591080814986e-14,1.2856197698079591e-16,8.837721454254676e-16,3.72504482343013e-14,1.1979609419516688e-05,1.1290584214953403e-21,1.88431216739255e-11,7.203329701167738e-18,1.6280751325493516e-22,6.939198926694813e-13,1.6045805550957506e-29,8.928034649617817e-06,2.0624319898761667e-13,3.2442417365519304e-25,3.8133178043130944e-15,1.020364464360984e-28,4.009766067338486e-07,1.3933068608892075e-10,4.280967507685391e-13,4.377938719850902e-19,5.63578411291825e-14,4.547565467884278e-11,1.2538934459592827e-18,1.3478353149598672e-15,8.980924652062758e-14,0.0008074378375591664,1.6770522023835794e-16,3.830877358058314e-13,7.780657763298886e-12,7.811108777436335e-17,7.298428329914657e-21,2.8224806572173738e-22,4.1686230640426774e-10,0.0008245818411632899,7.97739127859957e-12,2.7812692855732088e-08,4.889602047402821e-21,3.6904852185641986e-11,7.648633776861167e-11,4.289138105654226e-05,6.468739041249419e-25,7.267596186380851e-26,7.15951515458118e-26,4.935605951136467e-22,9.283637209128817e-08,1.8746829396051192e-12,3.2745276981549557e-15,2.8094282969711594e-27,4.855080863014011e-14,5.815780045829105e-19,1.845707136301978e-09,2.794982778386914e-21,8.217108801953947e-21,3.926162772130181e-16
0.068,0.39596878051709,1955.9237827018196,0.17794159788502564,0.6165159223685999,8.328798326041944e-17,1.079186177321148e-08,5.181780893194319e-05,6.326669263011316e-05,5.399662038677932e-07,0.0827908854061814,2.104527664218181e-10,1.0065469851931375e-09,8.139284595846644e-06,1.8774958742381853e-07,0.0026328590027422704,0.0,0.0,1.4375134419815393e-10,1.995768853314676e-10,0.06711360413708121,0.09389234213657784,1.5169280420938243e-08,6.637463985297836e-08,8.888688739698403e-06,4.874636749209146e-07,1.2264352117985313e-08,1.9691918273965615e-09,2.388487361902692e-05,2.2229384410167095e-09,2.886282465662949e-09,7.625933789442807e-08,2.707243301202004e-11,9.139083843089034e-07,5.10954319862236e-10,1.5688799333106616e-07,4.0133534709889447e-10,4.83620013866576e-11,3.952328451623054e-09,6.52470845245935e-12,1.8952484830354328e-12,8.76820973695441e-10,3.512833356334251e-08,0.01716045159049187,0.00031428833913039946,4.3315733603775904e-06,0.016888041957976278,2.3552931937415072e-07,1.1547663307104075e-12,0.028760551099913146,0.003917752468082331,0.00010742264360585813,4.794865969061958e-08,0.00978925247655942,0.05829397444417349,8.143050381399595e-07,0.00029210728107702434,1.1889720944747871e-11,4.874989247638153e-10,1.8168292603828778e-13,2.3778488045131785e-15,2.3557612299591716e-25,5.587177894229103e-26,1.475902680190585e-11,3.795905969909461e-16,3.1653727202241267e-15,2.1678648598674117e-14,1.6358532835715736e-09,8.19176042448372e-23,2.562323150318678e-16,1.036867693983858e-21,4.021276558236769e-12,2.7426015595749253e-23,9.92067146530605e-21,1.7216564665107471e-18,1.2792967046864711e-11,6.662158501252644e-11,2.557934141628822e-19,1.157233001417404e-20,2.7658349656834725e-24,2.7198015688133557e-12,4.0550979653662855e-06,1.392405984253591e-16,1.817197076051556e-15,1.1971282195904377e-11,2.7154091779817164e-13,3.0595646699137082e-12,2.3218082784382153e-14,1.804312893168051e-14,9.368944994714924e-22,6.355931425937304e-24,7.633665418972928e-32,1.2199326004970792e-15,2.7810202273789473e-15,1.2733031337584424e-16,4.84628889043093e-15,1.2168465016773916e-16,8.294957225676066e-16,3.888702816564984e-14,8.74052691680624e-06,9.262767132557519e-22,1.645506277269318e-11,5.593279818884453e-18,1.2812576295398525e-22,6.104313479364797e-13,1.279611847031263e-29,8.927845775268529e-06,4.9523162526435305e-14,7.177446328932249e-26,2.4687181640514815e-15,6.018305044258583e-29,9.768639085952468e-08,3.267404100546082e-11,3.9778731196974045e-13,3.184172319095257e-19,5.5050476108051356e-14,3.0340140184680446e-11,2.392913634395352e-19,1.2313240870301372e-15,8.170859061283909e-14,0.0005527270956824479,1.1199042451682338e-16,3.591423659819584e-13,7.379789984535772e-12,6.845984082727795e-17,1.3348637699661076e-21,2.2568554959866964e-22,3.7548643864410464e-10,0.000749248967446053,5.318104606095862e-12,1.4672163254751463e-08,4.028214230501972e-21,3.409515551297864e-11,7.088484539925911e-11,4.2737559746842506e-05,6.15628937920733e-25,6.89660011493192e-26,6.818581070932876e-26,4.063750293342203e-22,4.7576898500658984e-08,9.68420610725391e-13,1.5287187087672267e-15,2.6562545512500405e-27,3.2097002409708625e-14,2.714974836340106e-19,1.6581362356303103e-09,2.2681702359391398e-21,3.822940630282078e-21,1.9766414560263874e-16
0.07200000000000001,0.3956275630598976,1951.5224854360983,0.17809506736148661,0.6165543493939731,8.31545348066017e-17,8.149994844337083e-09,4.915901050547594e-05,4.2361966733324716e-05,4.7594810405456277e-07,0.08251495737300324,1.22784436920557e-10,6.002949539406599e-10,8.006464578835487e-06,1.7115332013179663e-07,0.002698671393469899,0.0,0.0,1.2558439952700262e-10,1.8459836777453802e-10,0.06835365467774865,0.09324234987299586,1.2074370878777828e-08,4.083453079027352e-08,5.712097216551043e-06,3.0402248372577515e-07,7.429412191668181e-09,1.1770275730581131e-09,1.5112006153335896e-05,1.3291190531328028e-09,1.765952981985654e-09,4.851394990246955e-08,1.6736445302276642e-11,5.775842802810885e-07,2.9784521939933403e-10,6.859783927251215e-08,1.737468574269427e-10,2.0328009056781778e-11,2.443656609359398e-09,4.255024478676276e-12,1.0946686192365432e-12,3.720829384502501e-10,3.316955032356138e-08,0.017224102048449933,0.00035129927749504155,4.730067092212747e-06,0.017839405889348223,2.422685781572684e-07,7.841973803307123e-13,0.028848022256712607,0.002615424636497751,0.00011550972284557954,3.602913874418005e-08,0.009565847978463427,0.05876882132858615,8.55656150044137e-07,0.0002049299227268739,8.931293000168701e-12,3.5837578695503853e-10,1.324029904927984e-13,1.7480393485937598e-15,1.3189327345872196e-25,3.132539558490872e-26,1.1243888659737307e-11,2.7979433522541056e-16,2.3458933431603375e-15,1.867303423569806e-14,1.4231710022790915e-09,5.343012202886801e-23,1.7597332105879895e-16,6.869461475799929e-22,2.9542395645739626e-12,1.5862335069539788e-23,1.0508789953245994e-20,1.1686353957445483e-18,7.846019967684187e-12,6.458239248866353e-11,1.5640382404361168e-19,4.371362301436989e-21,1.8763721081858786e-24,1.1125131038495789e-12,2.5691263687390066e-06,6.866802605717232e-17,1.0464501510530903e-15,7.421443396095347e-12,1.6885790510676165e-13,2.240786490456278e-12,7.34245844417719e-15,1.3283059422346242e-14,9.924650845075206e-22,6.680804451311207e-24,7.222147391143445e-32,1.317931862095738e-15,2.9899870436536357e-15,1.3689052468706738e-16,6.553901151506177e-16,1.1262796985234552e-16,7.623610837209861e-16,4.063032310626154e-14,5.3171671307923405e-06,6.8569274676063605e-22,1.246272928026403e-11,3.6967306684560134e-18,8.590833144888152e-23,4.909379586998403e-13,8.974088621937088e-30,8.927657428164575e-06,6.61613371278325e-15,8.675981405284575e-27,1.2189400207274185e-15,2.6429475045488664e-29,1.3307390156082594e-08,4.240960571289205e-12,3.227786020718687e-13,2.0686904798922024e-19,5.325040011537393e-14,1.482214040625655e-11,2.1805774976050098e-20,9.778538141555195e-16,6.455113225996236e-14,0.00028892172303134967,6.094657037792924e-17,3.29620279042792e-13,6.87398591629233e-12,5.4953834387359384e-17,1.14900524353799e-22,1.529962518099758e-22,3.126370527370823e-10,0.0006264514118160363,2.604765969507249e-12,6.017295893658873e-09,2.9977984341034003e-21,2.9095729074455285e-11,6.07313958666564e-11,4.245360993113535e-05,5.725546618650886e-25,6.390548910082047e-26,6.347259873995805e-26,3.0220264549633124e-22,1.8828998257834727e-08,3.867529589768189e-13,5.390254775893272e-16,2.4499499062441675e-27,1.5555245726451632e-14,9.55457448372857e-20,1.3650044446269279e-09,1.6555066089507632e-21,1.339575944808345e-21,7.99163714152251e-17
0.08,0.3953163281606001,1947.232175829398,0.17823528261343063,0.6165827953275899,7.735121914840482e-17,4.652710282645753e-09,4.663855458495074e-05,2.2593331910092335e-05,4.1912780562159063e-07,0.08223227995223742,5.70287691015832e-11,2.852301470683491e-10,7.88086813972862e-06,1.5601397673215974e-07,0.002767925527071019,0.0,0.0,1.0977636019778023e-10,1.7065909299810182e-10,0.06963170751735188,0.0925393425289694,9.58079067990526e-09,2.0010315179833293e-08,2.923751963024774e-06,1.5151709263908708e-07,3.6679086525933154e-09,6.261580943069439e-10,8.506658441674332e-06,7.057598011043957e-10,8.607729462669542e-10,2.458576202429219e-08,8.242279943448243e-12,2.934811214140954e-07,1.5325459045875896e-10,2.0233325253849628e-08,4.7766831620848726e-11,5.435247012417534e-12,1.2031443313344134e-09,2.2139010862882086e-12,5.111074946475012e-13,1.0684991884316901e-10,3.131915666667451e-08,0.017276924439388275,0.0003900369249915879,5.121575619937316e-06,0.018709737291221513,2.462584658017175e-07,5.349158465013434e-13,0.029017002470340395,0.0013777639733724932,0.00012336649156980905,2.0252034705750385e-08,0.00933774963567707,0.059198362554536935,8.913715443118329e-07,0.00010745542345829998,5.076698565210985e-12,1.9653209426922415e-10,7.253987040500992e-14,9.589257179964321e-16,4.218280420920642e-26,1.01085630341182e-26,6.475758734617798e-12,1.5573438502143103e-16,1.3126921824740004e-15,1.6051360145176123e-14,1.2373204688142575e-09,2.6259523489610193e-23,9.287205338091074e-17,3.4349643720515687e-22,1.634967685821625e-12,5.237214046599904e-24,1.0927019434120177e-20,5.999567053408323e-19,3.871259975506159e-12,6.261622087417554e-11,8.808988897411198e-20,1.050766416641363e-21,9.611929020866116e-25,3.6690050062105655e-13,1.2926864960877323e-06,2.0382158741568846e-17,4.793427923208998e-16,4.088481790354974e-12,8.431671956155622e-14,1.228316456073016e-12,3.1501575768559108e-15,7.306695929272488e-15,1.0315212190368174e-21,6.894004509206951e-24,6.698708998612457e-32,1.3985366905935532e-15,3.1578910202468594e-15,1.4457167431764322e-16,4.98504047742218e-17,1.0286899228626609e-16,6.951213056104227e-16,4.1691630592269504e-14,2.5684879652450444e-06,4.395743994563523e-22,7.102698153126573e-12,1.9344939160899585e-18,4.351463170556677e-23,3.1687778037261783e-13,4.69419293048009e-30,8.927512275126911e-06,4.843255296195647e-16,5.891037141403447e-28,3.622529830209699e-16,6.977415084691644e-30,9.944908203754077e-10,3.022823785196865e-13,1.9443024763643472e-13,1.2881860675217002e-19,5.108919696769662e-14,4.319289711986305e-12,8.892653248488746e-22,5.767310467835371e-16,3.7878110225670346e-14,0.00010373749773165602,2.6303345368963214e-17,3.002108265996471e-13,6.351983004536734e-12,3.753090378190115e-17,4.412756499094023e-24,7.794518896573568e-23,2.256860804363182e-10,0.0004531192555399821,7.615865300994844e-13,1.7491270063741074e-09,1.9317824557767216e-21,2.1452650996235995e-11,4.4952348243668095e-11,4.193251588302772e-05,5.223375840993821e-25,5.809081419581106e-26,5.795710493510475e-26,1.9460043162818665e-22,5.284436729470031e-09,1.0953529318090672e-13,1.355604163396955e-16,2.2169556553692414e-27,4.5011658012721065e-15,2.3817208954648704e-20,9.708808208131599e-10,1.0458979894332665e-21,3.3251431679595915e-22,2.6294623644253246e-17
0.088,0.39517379030482924,1945.0581422425253,0.1782995714511664,0.6165967273564591,1.4227629446747734e-16,2.5263097129728485e-09,4.537182596209344e-05,1.2530247575093854e-05,3.919487770855184e-07,0.0820706658262041,2.94292546182503e-11,1.4899702218969917e-10,7.820999372458899e-06,1.4863933214232162e-07,0.0028065060015557168,0.0,0.0,1.0237557804512024e-10,1.637237736768789e-10,0.070336914703027,0.0921337332214479,8.47215593813572e-09,1.0619093831779967e-08,1.5870999694408421e-06,8.156202608477671e-08,1.9936286643276296e-09,3.7915771775109257e-10,5.303518687343676e-06,4.275356844173151e-10,4.555623660318958e-10,1.3274812375830029e-08,4.384787689603573e-12,1.6004882713836697e-07,9.148059109701358e-11,7.140792246382142e-09,1.445580188307673e-11,1.6290561829573534e-12,6.398486127408079e-10,1.2131892760680057e-12,2.6717214334564473e-13,3.7318499576458414e-11,3.0395948187192646e-08,0.017299564630728497,0.0004104669217521769,5.314422962082891e-06,0.0191074477194284,2.470820784058996e-07,4.4807538619157436e-13,0.02918202385615364,0.0007538880704076226,0.0001272231445732866,1.0967916378455901e-08,0.009216515609596474,0.059403052003858925,9.064469553799261e-07,5.597139904173501e-05,2.817579530030061e-12,1.0478535544040406e-10,3.856893475018786e-14,5.096542632723367e-16,1.2298995760202556e-26,3.049769015159973e-27,3.5332890328282463e-12,8.340817700918556e-17,7.049532256139384e-16,1.4814872583583223e-14,1.1495751137669168e-09,1.3177384153845517e-23,4.9163031435076866e-17,1.759066885255505e-22,8.735478194196491e-13,1.5518845569451241e-24,1.102969080386044e-20,3.0831504233299614e-19,2.0798729770277277e-12,6.1629905257434e-11,6.149686651966541e-20,2.987482890779105e-22,4.929117962582202e-25,1.6007236197578993e-13,6.936783480671807e-07,6.05531782761014e-18,2.453206733478641e-16,2.519049437697328e-12,4.5537237201943305e-14,6.567819031206033e-13,1.7240909083757563e-15,3.910559197363902e-15,1.0406099368113803e-21,6.931699749995575e-24,6.364461559793118e-32,1.4269547613856067e-15,3.214310796614031e-15,1.4715217897755254e-16,4.6153194564705444e-18,9.751109457249556e-17,6.595084033894555e-16,4.179596738885522e-14,1.3490674567448255e-06,2.993185395937971e-22,3.91267437183158e-12,1.062944456159769e-18,2.2649007236543048e-23,1.9996216331596665e-13,2.4198972492874647e-30,8.927439829253092e-06,3.6964281904258074e-17,5.135709309069016e-29,1.0769194111331355e-16,1.9482660258273866e-30,7.676608037793217e-11,2.277869178672876e-14,1.0871682589688022e-13,9.797059725421205e-20,4.976892102163883e-14,1.2792162530467677e-12,4.5756732448283045e-23,3.1904237282615343e-16,2.0899621610628187e-14,3.7707942391467796e-05,1.3014453623293843e-17,2.847094941272817e-13,6.068552532697277e-12,2.599772678515055e-17,2.1946053843460323e-25,4.0459245740524234e-23,1.6363712073295433e-10,0.00032922810187530256,2.2580345876252946e-13,5.936630906808508e-10,1.3188786534437623e-21,1.5734181246976117e-11,3.303502762063357e-11,4.143689169048246e-05,4.920542542551263e-25,5.462257697355222e-26,5.462163227801912e-26,1.3281078469634873e-22,1.7604909001143994e-09,3.66874633663833e-14,4.316534709666714e-17,2.079801695228992e-27,1.3275400687528049e-15,7.45221061249523e-21,6.988427411221375e-10,7.060215060448241e-22,1.0381758948882131e-22,1.1564385167349537e-17
0.096,0.3951159792404392,1943.932943829454,0.17832565918698973,0.6166036039917868,1.4913097324409915e-16,1.3434239672917021e-09,4.469609983184821e-05,7.170782915753527e-06,3.777571656105553e-07,0.08196996443242013,1.620222393124132e-11,8.259047293156168e-11,7.794345187113245e-06,1.4477341004225178e-07,0.002829719316569783,0.0,0.0,9.862545524615906e-11,1.6000257495434838e-10,0.0707572573340875,0.09187543956139908,7.930012260224743e-09,5.934540586186269e-09,8.977781449704661e-07,4.633711315965742e-08,1.151492027825378e-09,2.455617305522556e-10,3.4884833389398517e-06,2.7727650932056544e-10,2.542348047921779e-10,7.485673118620218e-09,2.4531283801673706e-12,9.157108216814573e-08,5.898849608729976e-11,3.010758069006525e-09,4.706449576760327e-12,5.327545870871034e-13,3.5786233115265967e-10,6.902637475649207e-13,1.4947041061667633e-13,1.568641099069009e-11,2.991015487372219e-08,0.01730982536818615,0.00042097010371715737,5.40446272493772e-06,0.01927378784717267,2.467695644774389e-07,4.166157064109765e-13,0.02934439768945154,0.0004252782029368899,0.00012904716864460685,5.8942308467901725e-09,0.009149067625806754,0.05950655183082119,9.117631396781207e-07,2.9195658931974662e-05,1.583951265486972e-12,5.5442826902196156e-11,2.0300803242982292e-14,2.680254602738127e-16,3.447807112411272e-27,9.612488137081445e-28,1.8845849721841282e-12,4.401312951470933e-17,3.7251350683301403e-16,1.4173031718910976e-14,1.1042178512979738e-09,6.712165669126131e-24,2.624693428576217e-17,9.251529836655968e-23,4.606586658620486e-13,4.38701684962777e-25,1.0989906432166935e-20,1.591928756288553e-19,1.1808086144076597e-12,6.112295433377704e-11,4.9305623097068757e-20,9.554381844430548e-23,2.540424119666126e-25,8.359511592124901e-14,3.8906863560443313e-07,1.828923903778762e-18,1.343077447559756e-16,1.6458093618419785e-12,2.5906789205669068e-14,3.5063041461263496e-13,1.0002000420686624e-15,2.087437152199043e-15,1.0364032614071493e-21,6.892671890694067e-24,6.132304227491797e-32,1.4304143789812724e-15,3.2180809609034034e-15,1.473236763296779e-16,7.996192338224407e-19,9.435624180471404e-17,6.389513606170628e-16,4.1494776777577967e-14,7.478137863421158e-07,2.1017011956400319e-22,2.158708395719907e-12,6.075792626012836e-19,1.2222533667778456e-23,1.2704382199730236e-13,1.2461717043876798e-30,8.927402668236102e-06,3.0661771455818014e-18,8.605961483052031e-30,3.2538617890907046e-17,5.685986559315443e-31,6.408909453944694e-12,1.878124773822883e-15,5.926602958633702e-14,8.372153669948093e-20,4.8907576402290705e-14,3.9079204642540554e-13,4.539265255613964e-24,1.7295866865806366e-16,1.1314868374629254e-14,1.3713216545601694e-05,6.979084034149932e-18,2.758066277813022e-13,5.901324935701602e-12,1.8249849464117743e-17,2.1322532660303747e-26,2.159795866107337e-23,1.1895927406989397e-10,0.00023982174952746554,6.895744586422857e-14,2.210165164709803e-10,9.273336087363138e-22,1.1515675161015498e-11,2.4202915297531626e-11,4.0956682703993014e-05,4.719797707589106e-25,5.234425691144791e-26,5.240549422091599e-26,9.336481555123566e-23,6.487839858052918e-10,1.3564939547098964e-14,1.5832600854891814e-17,1.9906772155893936e-27,4.0430746033396783e-16,2.6527136459874064e-21,5.06285734901089e-10,4.930739213216006e-22,3.69140890750972e-23,6.1019204935280186e-18
0.112,0.39512417821465856,1943.228948455605,0.1783219588422863,0.6166080040305386,1.621038625248654e-16,4.853857792058401e-10,4.419207905091964e-05,3.0672678470870053e-06,3.6706932212314323e-07,0.0818609687460274,6.739841274279197e-12,3.454310439902096e-11,7.790047677745927e-06,1.41932965261745e-07,0.0028528179802393004,0.0,0.0,9.606691013382921e-11,1.570918453650518e-10,0.07117076618007248,0.09157952196937807,7.554604717698302e-09,2.4949673041470966e-09,3.807363720248586e-07,2.032127054422664e-08,5.110757769029241e-10,1.2691538079454266e-10,1.822233588444609e-06,1.4356002801829717e-10,1.0678794406141638e-10,3.164622777177105e-09,1.0315143445675824e-12,3.9703819095649556e-08,3.0477861257030007e-11,1.0217807487587838e-09,8.673056239027586e-13,1.0231577480634041e-13,1.5039630962104098e-10,2.9441295339407916e-13,6.372801095233841e-14,5.3182114836199416e-12,2.9568284110664267e-08,0.01731636906937302,0.0004265510444591668,5.431478880932528e-06,0.019273792766537772,2.4477056881860883e-07,4.0427048311454187e-13,0.02966289779573365,0.00017726859272656183,0.0001296776589019421,2.250366577540352e-09,0.009095888988314385,0.05958068368050701,9.089341717702099e-07,1.0484925896959075e-05,6.964536073157801e-13,2.0185272346922174e-11,7.30648044800705e-15,9.620027514416031e-17,4.422318226415523e-28,2.5065286184564386e-28,6.832055880405866e-13,1.5804246588703964e-17,1.3387957889072169e-16,1.3689882622944124e-14,1.0707105084749014e-09,2.347345391224556e-24,9.865113568101937e-18,3.590548233179843e-23,1.6558522430388473e-13,5.656248353109515e-26,1.0716238168206229e-20,5.631903201943756e-20,5.095044027777143e-13,6.080789120443762e-11,4.093102426112796e-20,1.8483851253022977e-23,8.962482307600265e-26,3.559955441116376e-14,1.6325354961088447e-07,2.809204336209181e-19,5.548583293071323e-17,8.549171894592134e-13,1.117775351232181e-14,1.3331390805915727e-13,4.527471774363978e-16,7.925430359841957e-16,1.0102673638218317e-21,6.712453984596216e-24,5.821911321036267e-32,1.4018753830606007e-15,3.1514074647559254e-15,1.44270748450453e-16,1.9984083319541915e-19,9.123355468828061e-17,6.19466419999076e-16,4.036589272694747e-14,3.109870003763564e-07,1.1685370957614304e-22,8.929220664903069e-13,2.613694665955444e-19,5.118215193505006e-24,6.176655972089507e-14,4.355105249430202e-31,8.927376818971863e-06,2.2690256139752584e-19,2.0943430876745697e-30,4.999394038021254e-18,8.499217497061522e-32,4.767442466676978e-13,1.3862189106490424e-16,2.2704534026502367e-14,7.393808087322475e-20,4.790600719121528e-14,6.357120088287126e-14,4.847330028653729e-25,6.602927587299649e-17,4.315973650981069e-15,3.035478286151667e-06,2.8265341390087603e-18,2.674602941617917e-13,5.736559598585758e-12,1.0073323119757368e-17,2.232013821337263e-27,8.701179986552621e-24,6.798231766750578e-11,0.00013738383334461771,1.1184620411166775e-14,4.891450744603798e-11,5.160352841329916e-22,6.615926918909658e-12,1.39141320081848e-11,4.002942397443905e-05,4.467864580817851e-25,4.9520674849474724e-26,4.961547559809635e-26,5.1948835104531786e-23,1.4250817883971863e-10,2.9892950008638405e-15,3.701803320368572e-18,1.8818896004359957e-27,6.546495245602573e-17,5.669113322734072e-22,2.8865056438978267e-10,2.729506975318564e-22,7.883404248035328e-24,2.6346136374031837e-18
0.128,0.39517801060818164,1943.147480555093,0.17829766724620155,0.6166098792986593,1.2375401338674881e-16,1.7990531255617855e-10,4.402961610747906e-05,1.4032953710069186e-06,3.633926153990606e-07,0.08178951857565314,3.0608464432596657e-12,1.571842419729766e-11,7.804749775966148e-06,1.410424218620016e-07,0.0028658150633496353,0.0,0.0,9.544392872722881e-11,1.560032723695294e-10,0.07140293024070885,0.09138078495787898,7.425209294859056e-09,1.1359108185855067e-09,1.737433001237143e-07,1.0016446281474127e-08,2.457460838849901e-10,6.911600971265484e-11,9.942527095592713e-07,7.816844596531024e-11,4.8612207162721214e-11,1.4414172942847717e-09,4.693849240326123e-13,1.8564269951157202e-08,1.6591775001832497e-11,4.5964168494314797e-10,1.8765862425002953e-13,2.4543678780621584e-14,6.839954694980178e-11,1.347818500819928e-13,2.9586764059681693e-14,2.3877736666946257e-12,2.9481296281048026e-08,0.017318695495519277,0.0004257862888397425,5.398342929052785e-06,0.019146080723942024,2.422595659588208e-07,4.043522857709858e-13,0.029976398381534573,7.896081955259894e-05,0.00012910633169190965,9.586054294397185e-10,0.009077229493501992,0.05960570425012185,9.012224767203041e-07,3.912261014582215e-06,3.7970210205201224e-13,7.63938830333395e-12,2.724509024374732e-15,3.564413051832388e-17,5.858881685714616e-29,1.565966416813129e-28,2.537858156056696e-13,5.8447148575022104e-18,4.9516273489264973e-17,1.3522905896021479e-14,1.059726484230823e-09,8.60893086782876e-25,3.923191183734054e-18,1.650946722807996e-23,6.134456609133113e-14,7.496747840225323e-27,1.0373806311559123e-20,2.076893633660864e-20,2.3809526296960635e-13,6.0772301685805e-11,3.785906123220207e-20,4.680672339928154e-24,3.296017577684031e-26,1.773276527440613e-14,7.383468100962352e-08,4.752132891350592e-20,2.507043610856419e-17,4.654500192360472e-13,5.215343023457062e-15,5.6761472350376026e-14,2.373575561523143e-16,3.368780716954944e-16,9.779493330652756e-22,6.497001128560306e-24,5.579953826736849e-32,1.3599323836186582e-15,3.05684274614022e-15,1.3994153101378162e-16,6.981254354252408e-20,8.941412008599996e-17,6.089629238151202e-16,3.905986705780529e-14,1.4021796956869878e-07,6.617813444817902e-23,4.4133364089859613e-13,1.2168423102508718e-19,2.6726336695382688e-24,3.149615894796837e-14,1.581859720585895e-31,8.92735960481785e-06,4.8202483476825305e-20,7.243901296374739e-31,8.45920471624417e-19,1.4234077083059904e-32,1.0147579691465044e-13,2.947920034500181e-17,9.610040407138303e-15,7.040415822853835e-20,4.7228039740493626e-14,1.238781570036877e-14,7.733119825801744e-26,2.793663061727101e-17,1.8258875724727612e-15,6.713642221055871e-07,1.2618217911934605e-18,2.6303364753061836e-13,5.643301287165008e-12,5.648290777453255e-18,3.518107853366897e-28,4.2581253549261324e-24,3.888980057518773e-11,7.873589857249961e-05,2.1617817185938202e-15,1.2142007141576812e-11,2.9227687701707283e-22,3.792956012453683e-12,7.97782276912982e-12,3.912536311043123e-05,4.280139084443808e-25,4.743669607465724e-26,4.753159806352305e-26,2.942286726636778e-23,3.5275810039320293e-11,7.416575981906602e-16,1.0697392454259034e-18,1.8025382677741273e-27,1.2650666517499792e-17,1.389267414394277e-22,1.650870485110488e-10,1.5427791362084005e-22,1.931743322426159e-24,1.323588901744189e-18
0.14400000000000002,0.39523998352542833,1943.3070006173996,0.17826971047919765,0.6166086250887699,1.8270787914001034e-17,7.054502045283095e-11,4.400952028329835e-05,6.913907725683474e-07,3.626760257218168e-07,0.0817356709921414,1.509804986909607e-12,7.756641285901607e-12,7.824935854343757e-06,1.4096145009577609e-07,0.002873527076801092,0.0,1.4168766773050377e-18,9.56059900143635e-11,1.556924423904473e-10,0.07154345891604598,0.09123874462338712,7.384446449704124e-09,5.598192773755428e-10,8.559977956763323e-08,5.650233466044681e-09,1.271113451470272e-10,3.92865447045377e-11,5.639076689095605e-07,4.434923567609989e-11,2.3962061537239957e-11,7.092659992562071e-10,2.3121318602283365e-13,9.353807905014e-09,9.4113610123088e-12,2.410839896426618e-10,4.9004279438669216e-14,7.653759835674403e-15,3.367001924052638e-11,6.653103452889497e-14,1.48579647099017e-14,1.2495717648080127e-12,2.949896358610461e-08,0.017319583675573017,0.00042255331434872537,5.3447709996653245e-06,0.018978136827846208,2.3969740372895985e-07,4.0759533462735257e-13,0.03027429433406025,3.792094608544514e-05,0.0001281004921541911,4.945513274949428e-10,0.009073770753127338,0.05961086958349128,8.922819593960185e-07,1.551158105123152e-06,2.6418398198113574e-13,3.0883434382703193e-12,1.0862592033888547e-15,1.4005083242245388e-17,8.373590556113112e-30,1.404355271293332e-28,9.966840237434647e-14,2.290784219244536e-18,1.9403608944099653e-17,1.3489386748994907e-14,1.0581436835088283e-09,3.371968218539535e-25,1.6875936955493049e-18,9.614759435981792e-24,2.4086376904565937e-14,1.0696355325267702e-27,1.0025781752469692e-20,8.160226350978915e-21,1.2009912230796487e-13,6.084379357349026e-11,3.668189614499759e-20,1.5882787679589575e-24,1.2912331852217906e-26,9.662357398786052e-15,3.609623918034529e-08,9.174148223468722e-21,1.2318330767035661e-17,2.6382535864116053e-13,2.625736439058899e-15,2.931117244026076e-14,1.4805888224123665e-16,1.7369300780746127e-16,9.452246539019603e-22,6.280863372356616e-24,5.37884199088538e-32,1.3152736540219295e-15,2.956983971806201e-15,1.3537014815869052e-16,2.6906843301037655e-20,8.821614371453907e-17,6.026522326126987e-16,3.776257461492109e-14,6.85099343407456e-08,3.813552083447311e-23,2.7758213060836703e-13,6.17925870721181e-20,1.7967432374737956e-24,1.686624956959377e-14,6.118224743548559e-32,8.927307664611738e-06,1.713678381821275e-20,2.7846307104883743e-31,1.6338725048853726e-19,2.7411428719645655e-33,3.6097894495438796e-14,1.0505199427386911e-17,4.909809663591201e-15,6.910874864070736e-20,4.672691592522923e-14,3.145393803386075e-15,1.4656798490918825e-26,1.428421253052768e-17,9.337680630485292e-16,1.4911708728393968e-07,6.148939303211646e-19,2.604263988952297e-13,5.5844549663461816e-12,3.226768476866736e-18,6.613226194396164e-29,2.6710767156603495e-24,2.2464683725473604e-11,4.5533348896070684e-05,5.41901236943226e-16,3.3826742709147462e-12,1.683934987527565e-22,2.192149860371013e-12,4.61021881880619e-12,3.8266325898438826e-05,4.1278200064198924e-25,4.575473510015943e-26,4.5838546905250726e-26,1.695225086987046e-23,9.821866400976596e-12,2.0682135834100183e-16,3.827543416270064e-19,1.7389199338776504e-27,3.1724156884529063e-18,3.858787266533288e-23,9.539586248305628e-11,8.883861805133178e-23,5.3664009897425605e-25,7.248755962090141e-19
0.16,0.39523998350960693,1943.3070006173996,0.17826971047930115,0.6166086250736812,1.8270787914720105e-17,7.054502045560735e-11,4.40095202850304e-05,6.91390772595558e-07,3.6267602573609037e-07,0.08173567099535821,1.5098049869690273e-12,7.75664128620688e-12,7.824935854651718e-06,1.409614501013238e-07,0.002873527076914183,0.0,1.4496963087638832e-18,9.56059900181262e-11,1.556924423965748e-10,0.07154345891886167,0.09123874462697794,7.3844464499947484e-09,5.598192773975753e-10,8.559977957100213e-08,5.650233466267053e-09,1.2711134515202983e-10,3.9286544706083874e-11,5.639076689317538e-07,4.434923567784531e-11,2.3962061538183014e-11,7.092659992841211e-10,2.3121318603193334e-13,9.353807905382132e-09,9.411361012679197e-12,2.4108398965215e-10,4.900427944059784e-14,7.653759835975627e-15,3.367001924185151e-11,6.653103453151339e-14,1.4857964710486454e-14,1.2495717648571914e-12,2.949896358726558e-08,0.017319583676254652,0.0004225533143653555,5.344770999875675e-06,0.018978136828593117,2.3969740373839347e-07,4.07595334643394e-13,0.030274294335251733,3.792094608693757e-05,0.00012810049215923266,4.945513275144065e-10,0.009073770753484449,0.05961086958583734,8.922819594311354e-07,1.5511581051841998e-06,2.6418398199153305e-13,3.0883434383918648e-12,1.0862592034316058e-15,1.4005083242796577e-17,8.373590556442659e-30,1.4043552713486024e-28,9.966840237826904e-14,2.290784219334693e-18,1.9403608944863307e-17,1.34893867495258e-14,1.0581436835504729e-09,3.371968218672243e-25,1.6875936956157223e-18,9.614759436360194e-24,2.4086376905513886e-14,1.0696355325688662e-27,1.002578175286427e-20,8.160226351300071e-21,1.2009912231269152e-13,6.084379357588484e-11,3.6681896146441253e-20,1.5882787680214663e-24,1.2912331852726088e-26,9.662357399166327e-15,3.6096239181765906e-08,9.174148223829783e-21,1.2318330767520464e-17,2.638253586515437e-13,2.6257364391622386e-15,2.931117244141434e-14,1.4805888224706372e-16,1.7369300781429717e-16,9.452246539391609e-22,6.280863372603808e-24,5.378841991097072e-32,1.315273654073694e-15,2.956983971922577e-15,1.3537014816401819e-16,2.690684330209661e-20,8.821614371801092e-17,6.026522326364169e-16,3.776257461640728e-14,6.85099343434419e-08,3.8135520835973986e-23,2.7758213061929163e-13,6.179258707455003e-20,1.796743237544509e-24,1.6866249570257566e-14,6.11822474378935e-32,8.927307664963084e-06,1.7136783818887193e-20,2.7846307105979672e-31,1.6338725049496756e-19,2.7411428720724466e-33,3.609789449685948e-14,1.0505199427800356e-17,4.909809663784433e-15,6.910874864342723e-20,4.672691592706823e-14,3.145393803509866e-15,1.4656798491495664e-26,1.4284212531089853e-17,9.33768063085279e-16,1.4911708728980837e-07,6.148939303453646e-19,2.604263989054791e-13,5.5844549665659644e-12,3.2267684769937295e-18,6.613226194656437e-29,2.671076715765473e-24,2.246468372635773e-11,4.5533348897862715e-05,5.419012369645532e-16,3.382674271047876e-12,1.6839349875938384e-22,2.192149860457288e-12,4.6102188189876315e-12,3.826632589994485e-05,4.127820006582348e-25,4.575473510196016e-26,4.583854690705476e-26,1.6952250870537638e-23,9.82186640136315e-12,2.0682135834914154e-16,3.827543416420702e-19,1.738919933946088e-27,3.172415688577761e-18,3.858787266685156e-23,9.53958624868107e-11,8.883861805482814e-23,5.366400989953764e-25,7.248755962375425e-19
